Raman_Shift Original_Spectrum Predicted_Raman Predicted_Baseline
294.894650 55403.000000 11.915870 55166.003906
297.232540 55171.000000 10.968730 55159.343750
299.568300 55102.000000 9.922106 55158.304688
301.905240 55315.000000 8.631989 55153.218750
304.238400 55211.000000 8.220998 55142.890625
306.571040 54880.000000 8.226022 55130.468750
308.903260 55395.000000 8.302706 55121.820312
311.233340 55408.000000 8.402765 55110.738281
313.562930 55100.000000 9.352434 55103.609375
315.890440 55141.000000 9.634264 55098.191406
318.215790 54857.000000 9.563641 55102.593750
320.540680 55034.000000 9.366314 55115.617188
322.865110 54873.000000 9.600775 55136.406250
325.187410 54701.000000 9.762184 55165.996094
327.509250 55221.000000 10.190528 55207.035156
329.828920 55094.000000 10.394847 55262.457031
332.148160 55195.000000 10.969934 55324.050781
334.465270 55216.000000 11.984262 55394.003906
336.781950 55473.000000 12.839792 55468.500000
339.096470 55118.000000 13.538254 55545.761719
341.408870 55651.000000 13.535326 55625.980469
343.722530 55544.000000 13.033319 55709.667969
346.032350 55945.000000 12.282469 55798.656250
348.341740 55881.000000 11.973265 55891.675781
350.650670 56107.000000 11.604969 55987.078125
352.957460 56359.000000 11.639126 56085.425781
355.263760 56418.000000 11.700159 56191.011719
357.568020 56511.000000 11.568908 56301.531250
359.871800 56586.000000 11.584378 56415.925781
362.173430 56655.000000 11.187508 56535.164062
364.474640 57089.000000 10.624763 56656.984375
366.773710 56802.000000 10.252489 56779.628906
369.072360 56868.000000 9.951633 56903.492188
371.368870 56901.000000 9.704482 57024.976562
373.664920 57143.000000 9.677499 57144.343750
375.958890 57338.000000 9.877757 57262.593750
378.252380 57535.000000 10.595247 57378.269531
380.543790 57888.000000 12.141447 57490.542969
382.834750 57810.000000 13.729460 57593.945312
385.123570 57789.000000 15.050318 57687.039062
387.411960 57965.000000 16.289816 57774.328125
389.698210 58227.000000 17.353325 57856.960938
391.984070 58263.000000 18.534508 57936.007812
394.267790 58162.000000 19.370716 58009.109375
396.551060 58096.000000 19.549618 58076.035156
398.832210 58092.000000 19.796890 58137.582031
401.112950 58458.000000 20.152910 58194.484375
403.391570 58594.000000 20.060986 58246.367188
405.669770 58575.000000 20.193731 58296.226562
407.945860 58754.000000 18.974976 58342.597656
410.221470 58635.000000 18.115314 58384.000000
412.495030 58572.000000 18.047749 58420.367188
414.768100 58618.000000 18.048445 58454.441406
417.039090 58625.000000 18.732079 58485.597656
419.309630 58481.000000 20.146076 58513.855469
421.579740 58409.000000 21.483276 58538.335938
423.846100 58621.000000 22.046558 58559.277344
426.113680 58664.000000 23.953238 58580.023438
428.377470 58704.000000 26.593342 58596.347656
430.642520 58439.000000 28.464977 58607.742188
432.905460 58674.000000 29.215708 58616.511719
435.166320 58925.000000 30.020466 58623.941406
437.426700 58685.000000 31.259174 58629.500000
439.685060 58602.000000 32.658981 58631.707031
441.942900 58667.000000 33.511681 58631.445312
444.198730 58722.000000 33.258705 58630.863281
446.454070 58801.000000 32.877998 58630.339844
448.708980 58792.000000 33.290401 58633.312500
450.961820 59019.000000 34.183464 58637.210938
453.212550 58693.000000 36.750301 58641.273438
455.462890 58641.000000 39.338894 58645.738281
457.711120 58807.000000 41.088173 58650.660156
459.958920 58807.000000 41.987972 58654.214844
462.204590 58711.000000 42.357246 58654.375000
464.449890 58821.000000 43.089001 58651.750000
466.694760 59018.000000 44.279675 58647.062500
468.937500 58565.000000 44.979145 58640.183594
471.178160 58667.000000 46.757328 58628.972656
473.418460 58662.000000 48.943794 58615.648438
475.656620 58486.000000 52.107597 58602.042969
477.894380 58681.000000 55.914837 58584.835938
480.131680 58507.000000 62.600880 58564.621094
482.366910 58652.000000 69.971283 58539.945312
484.600040 58639.000000 78.901848 58510.511719
486.832790 58715.000000 89.843399 58477.976562
489.063450 58926.000000 104.093491 58444.070312
491.293670 58911.000000 121.250084 58404.437500
493.523500 58498.000000 143.647736 58357.945312
495.751190 58520.000000 171.143784 58306.097656
497.976840 58764.000000 209.343185 58251.257812
500.202090 58718.000000 262.286774 58192.800781
502.426910 58404.000000 338.140472 58129.597656
504.649660 58517.000000 439.392517 58061.875000
506.870270 58686.000000 571.415894 57990.945312
509.090550 58427.000000 738.182068 57916.250000
511.310360 58594.000000 931.283875 57840.207031
513.528140 58903.000000 1109.205078 57764.410156
515.743770 58880.000000 1189.849121 57687.015625
517.959110 58583.000000 1107.540039 57607.601562
520.173890 58557.000000 910.111328 57528.621094
522.386660 58214.000000 702.817322 57451.136719
524.597410 57837.000000 532.198975 57373.117188
526.807740 57350.000000 399.241150 57298.476562
529.017580 57440.000000 302.016907 57226.429688
531.225400 57342.000000 233.252121 57156.406250
533.431210 57066.000000 193.259750 57089.085938
535.636470 57068.000000 168.015259 57024.570312
537.841430 56883.000000 151.800720 56963.585938
540.044310 57145.000000 141.284958 56903.820312
542.245120 57294.000000 134.459244 56850.097656
544.445500 57198.000000 131.322556 56801.492188
546.645450 56841.000000 131.144119 56757.539062
548.843380 56807.000000 131.706268 56713.328125
551.040830 56819.000000 133.342377 56669.601562
553.236330 56810.000000 136.893433 56627.789062
555.429690 56868.000000 142.540314 56588.910156
557.622680 56921.000000 153.260162 56551.953125
559.815250 56789.000000 172.172333 56518.156250
562.005800 56988.000000 206.011108 56485.242188
564.195920 56593.000000 278.376740 56458.207031
566.383910 57048.000000 409.246704 56432.828125
568.569950 57139.000000 609.062622 56407.714844
570.755550 57227.000000 781.686279 56383.160156
572.940730 57393.000000 775.699463 56359.953125
575.123900 57048.000000 602.665588 56337.875000
577.306640 56751.000000 421.124573 56314.167969
579.487300 56648.000000 308.900452 56289.671875
581.665950 56511.000000 254.367432 56264.589844
583.844120 56670.000000 225.905487 56239.609375
586.021970 56410.000000 212.965897 56215.250000
588.197750 56229.000000 207.031006 56190.492188
590.373170 56517.000000 204.522659 56166.347656
592.546450 56417.000000 203.555649 56139.855469
594.719420 56029.000000 205.355911 56112.152344
596.890260 56443.000000 208.664261 56082.781250
599.059140 56061.000000 216.166458 56054.785156
601.229190 55942.000000 225.151337 56026.417969
603.395570 56074.000000 239.612549 55997.757812
605.561580 56061.000000 255.016205 55968.539062
607.727170 56232.000000 273.531158 55937.378906
609.890750 56142.000000 294.820709 55906.066406
612.053960 56205.000000 318.355835 55873.546875
614.215030 56116.000000 347.343903 55841.335938
616.375790 56189.000000 380.897278 55806.523438
618.534480 56047.000000 419.044342 55768.703125
620.692750 56129.000000 467.310364 55729.160156
622.849000 56389.000000 522.397095 55687.238281
625.004820 55797.000000 586.349426 55645.320312
627.158750 56376.000000 665.565857 55602.531250
629.310490 56211.000000 762.096985 55559.546875
631.463560 56466.000000 887.796875 55516.539062
633.612920 56081.000000 1049.350952 55474.816406
635.763490 56658.000000 1270.466064 55435.031250
637.910460 56717.000000 1541.038818 55399.468750
640.058650 57177.000000 1896.541382 55363.781250
642.203190 57764.000000 2365.084473 55328.011719
644.348880 58431.000000 2991.650635 55294.132812
646.491030 59030.000000 3751.414551 55262.851562
648.634400 59733.000000 4653.159668 55237.851562
650.774050 60800.000000 5611.863770 55210.625000
652.914980 61687.000000 6477.599609 55183.367188
655.052250 62116.000000 6822.403809 55156.457031
657.190730 61292.000000 6341.227051 55136.039062
659.325620 60381.000000 5399.032715 55121.902344
661.461730 59605.000000 4422.964844 55108.113281
663.594180 58622.000000 3610.698730 55091.800781
665.727910 57871.000000 2979.238525 55072.085938
667.857910 57590.000000 2517.729980 55055.468750
669.989200 57064.000000 2158.175293 55044.328125
672.118470 56989.000000 1858.182007 55031.949219
674.245670 56451.000000 1591.781616 55019.460938
676.372560 56410.000000 1375.476685 55003.718750
678.497380 56272.000000 1196.542969 54989.773438
680.621830 55913.000000 1043.087158 54977.242188
682.744320 55850.000000 920.208191 54962.144531
684.866390 55666.000000 815.997253 54946.273438
686.986450 55505.000000 732.770935 54931.675781
689.106080 55591.000000 670.070679 54917.179688
691.223750 55276.000000 621.973755 54903.617188
693.341000 55305.000000 586.699280 54889.070312
695.457820 55294.000000 565.405762 54875.820312
697.571110 55244.000000 555.065308 54860.742188
699.685610 55163.000000 555.570679 54842.750000
701.798100 55263.000000 568.572876 54821.421875
703.908570 55513.000000 613.306335 54799.929688
706.018620 55588.000000 676.275513 54778.492188
708.126770 55346.000000 755.860352 54759.558594
710.234380 55447.000000 813.424683 54742.714844
712.340150 55419.000000 817.302612 54727.171875
714.445430 55536.000000 763.126587 54713.265625
716.550350 55306.000000 661.316101 54702.667969
718.653260 55058.000000 547.248535 54693.527344
720.754270 55087.000000 453.027039 54683.812500
722.854800 55171.000000 381.662262 54673.605469
724.953370 55002.000000 328.629211 54662.558594
727.051570 54771.000000 283.848450 54648.093750
729.149350 54746.000000 244.628021 54633.164062
731.243530 54787.000000 215.745453 54617.156250
733.338990 54900.000000 190.836243 54598.789062
735.432370 54856.000000 168.555664 54578.402344
737.523800 54854.000000 154.960541 54558.269531
739.614870 54843.000000 142.952484 54539.558594
741.705570 54549.000000 133.084518 54521.187500
743.792600 54428.000000 125.054665 54501.824219
745.880920 54355.000000 119.636856 54484.140625
747.967220 54768.000000 112.313858 54467.320312
750.051570 54381.000000 106.901382 54451.195312
752.135500 54524.000000 102.317673 54433.437500
754.219120 54465.000000 97.182106 54416.023438
756.300720 54550.000000 91.992432 54398.269531
758.380310 54379.000000 87.838654 54380.835938
760.459530 54248.000000 82.184067 54362.878906
762.538390 53879.000000 76.433838 54344.640625
764.615300 54496.000000 70.731728 54325.253906
766.690190 54430.000000 65.541550 54306.007812
768.764710 54446.000000 61.558697 54286.593750
770.838810 54520.000000 59.166969 54266.972656
772.909360 54303.000000 56.367889 54247.492188
774.981140 54318.000000 54.517315 54225.910156
777.050960 54594.000000 52.823425 54203.117188
779.120420 54454.000000 51.245140 54180.843750
781.187870 54432.000000 50.168728 54158.875000
783.253420 54334.000000 49.416817 54136.593750
785.318480 54102.000000 48.707409 54113.484375
787.383240 54181.000000 46.446136 54090.859375
789.445980 54068.000000 43.773792 54068.250000
791.506770 53841.000000 41.718380 54047.171875
793.567260 54224.000000 40.467098 54027.820312
795.627260 54413.000000 39.614483 54006.183594
797.685360 54039.000000 39.940857 53985.085938
799.741520 54101.000000 40.545441 53963.234375
801.797240 54067.000000 40.687176 53939.726562
803.852600 54020.000000 39.998653 53914.550781
805.906010 53481.000000 39.911095 53887.796875
807.959050 54070.000000 39.714230 53859.250000
810.010130 53617.000000 40.261898 53829.675781
812.059200 53829.000000 41.004959 53797.890625
814.107970 54087.000000 42.039185 53765.085938
816.156370 53713.000000 43.347015 53731.386719
818.202760 53946.000000 43.821800 53695.976562
820.247190 53788.000000 42.214115 53660.164062
822.292850 53473.000000 41.001862 53622.660156
824.335020 53966.000000 40.128487 53581.808594
826.376770 53747.000000 39.991600 53538.953125
828.418090 53523.000000 39.803638 53492.593750
830.457520 53391.000000 40.142998 53444.046875
832.496640 53662.000000 40.410637 53394.648438
834.533690 53597.000000 40.280102 53343.058594
836.568910 53182.000000 39.201763 53290.011719
838.603700 53135.000000 38.299156 53235.285156
840.638060 53324.000000 37.394703 53180.800781
842.670530 53130.000000 37.111698 53123.582031
844.702640 52840.000000 36.684238 53066.101562
846.732790 53201.000000 35.429821 53007.582031
848.762570 53128.000000 34.126163 52947.914062
850.790470 52854.000000 33.366482 52885.890625
852.816350 52848.000000 32.667377 52822.585938
854.843440 52849.000000 32.123619 52758.269531
856.867070 53038.000000 31.684040 52691.582031
858.890200 52720.000000 31.621231 52622.054688
860.913150 52713.000000 31.171829 52551.390625
862.934020 52267.000000 30.388794 52479.980469
864.954530 52218.000000 29.836060 52408.304688
866.973140 52265.000000 29.561108 52334.242188
868.991390 51927.000000 29.471893 52259.781250
871.007690 52536.000000 30.246527 52182.882812
873.023620 52307.000000 31.256714 52103.113281
875.037660 51776.000000 31.894140 52021.503906
877.051270 52101.000000 32.020412 51937.492188
879.062990 51987.000000 31.864498 51852.414062
881.074340 52028.000000 31.892618 51764.308594
883.083740 51984.000000 32.432842 51674.578125
885.092770 51935.000000 33.067131 51583.738281
887.099850 51671.000000 33.472851 51491.863281
889.104980 51970.000000 33.417965 51398.437500
891.111450 51205.000000 33.757133 51303.007812
893.114260 51198.000000 33.517723 51207.250000
895.118410 51293.000000 33.246651 51110.796875
897.119020 51413.000000 32.323051 51010.507812
899.120790 51086.000000 31.633688 50908.652344
901.119080 51024.000000 31.568073 50805.519531
903.118650 50948.000000 32.797569 50701.546875
905.114620 50561.000000 34.445484 50599.164062
907.111880 50475.000000 36.127998 50497.527344
909.107180 50465.000000 37.166264 50398.394531
911.100520 50542.000000 38.431316 50298.699219
913.093630 50066.000000 39.718040 50201.628906
915.084660 50021.000000 41.041824 50106.769531
917.075380 50101.000000 41.780632 50013.117188
919.064210 50061.000000 42.390793 49917.933594
921.052730 49656.000000 43.016396 49824.398438
923.039310 49839.000000 44.352013 49731.472656
925.025450 49732.000000 45.198269 49641.808594
927.009770 49397.000000 46.916344 49553.804688
928.993650 49413.000000 48.861172 49467.042969
930.975590 49479.000000 51.118526 49381.695312
932.957280 49309.000000 52.885448 49299.230469
934.937010 49380.000000 54.793983 49217.277344
936.916380 49215.000000 56.786762 49137.027344
938.895390 49189.000000 60.008186 49059.824219
940.870970 48874.000000 62.930622 48985.785156
942.847660 48829.000000 66.404732 48912.304688
944.822510 48897.000000 70.867203 48840.046875
946.795470 48736.000000 77.986580 48771.335938
948.768010 48835.000000 87.475792 48705.312500
950.738710 48692.000000 101.471024 48642.082031
952.708980 48621.000000 119.873756 48581.824219
954.677310 48707.000000 148.088150 48524.382812
956.645390 48606.000000 188.188599 48467.992188
958.613160 48766.000000 246.993561 48412.476562
960.578920 48791.000000 332.444550 48357.042969
962.542720 48680.000000 454.042175 48303.082031
964.506290 48880.000000 625.690308 48250.664062
966.467960 48984.000000 841.498840 48198.460938
968.429260 49175.000000 1050.197998 48147.636719
970.390140 49225.000000 1159.611328 48095.640625
972.347660 49133.000000 1093.851562 48044.699219
974.306270 49092.000000 891.465515 47998.382812
976.263060 48772.000000 663.491821 47960.410156
978.218020 48073.000000 480.919495 47919.132812
980.172490 48033.000000 351.387329 47875.542969
982.125120 48026.000000 269.350769 47833.617188
984.077390 48427.000000 213.949219 47793.105469
986.029360 47833.000000 173.739151 47758.324219
987.979370 48112.000000 142.683563 47723.253906
989.927490 47879.000000 118.404076 47685.597656
991.875310 47886.000000 101.048630 47647.574219
993.822750 47806.000000 88.832405 47611.140625
995.768370 47822.000000 80.769859 47576.789062
997.711980 47817.000000 74.464218 47544.218750
999.655270 47301.000000 70.052383 47513.972656
1001.596700 47583.000000 65.874329 47484.144531
1003.537700 47597.000000 61.958355 47454.488281
1005.478600 47245.000000 58.975945 47427.207031
1007.417400 47537.000000 56.793419 47403.578125
1009.354300 47724.000000 54.874134 47380.292969
1011.291000 47283.000000 53.586742 47358.140625
1013.227200 47232.000000 52.364544 47337.152344
1015.161600 47523.000000 51.206524 47317.335938
1017.094100 47214.000000 50.298420 47296.054688
1019.026200 47373.000000 48.806900 47278.339844
1020.958000 47444.000000 47.260834 47264.265625
1022.888000 47134.000000 46.397503 47251.324219
1024.816000 47386.000000 46.080944 47239.015625
1026.743800 46779.000000 46.244041 47225.726562
1028.671100 47163.000000 47.851543 47213.140625
1030.596600 47164.000000 49.749115 47199.394531
1032.521700 47236.000000 51.548199 47187.925781
1034.444900 47336.000000 53.120476 47177.285156
1036.366300 47380.000000 55.216663 47166.039062
1038.287400 47626.000000 57.280769 47156.617188
1040.208100 47364.000000 59.588581 47147.394531
1042.127000 47203.000000 61.364147 47140.292969
1044.043800 47407.000000 64.012909 47135.371094
1045.960400 47322.000000 67.631996 47127.980469
1047.876700 47339.000000 72.533020 47121.742188
1049.791000 47183.000000 78.125870 47115.691406
1051.705100 47243.000000 87.590691 47109.726562
1053.617300 47445.000000 99.801865 47103.097656
1055.527600 47223.000000 117.630516 47095.097656
1057.437500 47299.000000 142.046463 47086.121094
1059.347300 47641.000000 176.223145 47074.914062
1061.255000 47306.000000 219.082733 47058.144531
1063.162500 47185.000000 278.886047 47038.898438
1065.068000 47335.000000 355.670288 47023.136719
1066.971700 47319.000000 462.335999 47008.246094
1068.875000 47567.000000 610.906128 46991.089844
1070.778100 47915.000000 777.277405 46973.898438
1072.679200 47946.000000 873.878418 46953.324219
1074.580000 47754.000000 809.680725 46930.121094
1076.479000 47591.000000 655.824585 46909.390625
1078.377600 47378.000000 499.114746 46885.742188
1080.274400 47430.000000 376.406677 46862.621094
1082.169200 47610.000000 292.672516 46839.003906
1084.065300 47032.000000 234.599030 46817.070312
1085.958000 46838.000000 193.395126 46795.484375
1087.850300 46688.000000 159.668076 46775.109375
1089.742400 46972.000000 136.209229 46755.460938
1091.632600 46904.000000 118.955299 46737.570312
1093.522500 46709.000000 105.818985 46724.304688
1095.410400 46772.000000 96.894180 46712.605469
1097.298100 46979.000000 90.140594 46700.574219
1099.183800 46711.000000 85.188675 46689.160156
1101.069300 46800.000000 81.354736 46679.550781
1102.952900 46637.000000 77.986168 46671.160156
1104.834600 46632.000000 75.677330 46664.722656
1106.717700 46881.000000 74.410629 46660.660156
1108.597200 46750.000000 73.018150 46657.378906
1110.477900 46478.000000 71.240005 46649.640625
1112.355300 46656.000000 69.694138 46643.757812
1114.232300 46565.000000 68.463264 46639.582031
1116.109100 46440.000000 67.089409 46633.496094
1117.984000 46824.000000 66.700310 46627.519531
1119.858500 46376.000000 67.373024 46622.312500
1121.731300 46530.000000 68.819054 46613.035156
1123.603600 46552.000000 70.683060 46605.027344
1125.474100 46810.000000 72.073479 46598.550781
1127.344400 46967.000000 73.446548 46593.347656
1129.212600 46599.000000 74.803139 46587.773438
1131.080700 46820.000000 76.902687 46582.304688
1132.946900 46511.000000 79.797333 46580.871094
1134.812700 46594.000000 87.017632 46578.660156
1136.676800 46607.000000 95.099007 46578.593750
1138.540400 46533.000000 105.143166 46583.449219
1140.402300 46973.000000 115.806252 46587.535156
1142.263800 46663.000000 129.836517 46591.277344
1144.123400 46973.000000 145.815796 46592.281250
1145.982800 46599.000000 166.235199 46592.632812
1147.841800 46513.000000 190.870071 46593.910156
1149.697500 47246.000000 221.893555 46599.160156
1151.554400 46908.000000 261.923004 46609.707031
1153.407800 47055.000000 313.955261 46622.449219
1155.262600 47024.000000 387.796539 46633.390625
1157.115500 47428.000000 485.665466 46648.273438
1158.966400 47215.000000 598.036377 46662.132812
1160.817100 47462.000000 694.467590 46679.082031
1162.666000 47621.000000 736.264832 46693.253906
1164.514500 47407.000000 710.547180 46706.386719
1166.361300 47466.000000 634.871460 46720.007812
1168.207600 47632.000000 549.593628 46732.390625
1170.052200 47139.000000 482.021973 46745.445312
1171.896500 47265.000000 440.877686 46758.941406
1173.740400 47175.000000 423.769440 46772.636719
1175.580900 47099.000000 428.979431 46786.730469
1177.422900 47400.000000 444.048035 46800.812500
1179.262700 47709.000000 481.633209 46812.335938
1181.100700 47290.000000 542.172058 46825.226562
1182.938600 47465.000000 629.358398 46842.058594
1184.774500 47529.000000 743.536499 46861.949219
1186.610200 47992.000000 891.822144 46883.105469
1188.444000 47896.000000 1080.014404 46902.273438
1190.277500 48276.000000 1314.114624 46917.609375
1192.110700 48790.000000 1580.966919 46934.253906
1193.942000 48897.000000 1859.678711 46949.457031
1195.771600 49142.000000 2107.952148 46964.062500
1197.600700 49280.000000 2267.925293 46980.085938
1199.428100 49250.000000 2301.083252 46998.460938
1201.255200 49390.000000 2207.059082 47016.195312
1203.082000 49242.000000 2009.284424 47034.539062
1204.907000 48914.000000 1740.268555 47056.648438
1206.730100 48759.000000 1477.070801 47084.136719
1208.552900 48391.000000 1268.614990 47113.199219
1210.373900 48352.000000 1125.732178 47145.312500
1212.194600 48242.000000 1043.281006 47179.574219
1214.015000 48312.000000 1014.233215 47211.066406
1215.833500 48192.000000 1037.219971 47242.835938
1217.650300 48431.000000 1121.577881 47274.113281
1219.466700 48666.000000 1286.852295 47307.156250
1221.281300 48708.000000 1525.787598 47340.808594
1223.095600 49411.000000 1844.997437 47370.476562
1224.909500 49647.000000 2214.468262 47403.679688
1226.721700 50162.000000 2568.917480 47438.542969
1228.532000 50149.000000 2835.506104 47476.144531
1230.342000 50435.000000 2922.614014 47515.089844
1232.151700 50182.000000 2792.213135 47554.734375
1233.959700 50059.000000 2497.377441 47592.863281
1235.765900 49892.000000 2129.019043 47634.140625
1237.571700 49464.000000 1742.456299 47676.515625
1239.377100 49071.000000 1405.948975 47719.257812
1241.180800 49030.000000 1138.223755 47758.660156
1242.982700 48672.000000 956.987915 47798.210938
1244.784200 48772.000000 843.665222 47833.996094
1246.585300 48709.000000 786.018188 47869.375000
1248.384900 48394.000000 770.240295 47903.234375
1250.182500 48465.000000 786.625122 47932.890625
1251.979700 48694.000000 835.467102 47959.281250
1253.776900 49125.000000 929.747253 47985.734375
1255.572000 49034.000000 1073.393677 48010.062500
1257.365500 48861.000000 1270.945801 48036.398438
1259.160000 49751.000000 1555.343506 48066.316406
1260.951300 50326.000000 1960.758789 48110.410156
1262.742300 50514.000000 2519.787109 48173.925781
1264.533100 51436.000000 3226.985107 48232.042969
1266.322000 52546.000000 4051.306152 48286.464844
1268.109000 52909.000000 4882.299805 48334.578125
1269.895800 53773.000000 5556.330078 48371.597656
1271.682400 54289.000000 5882.342773 48412.421875
1273.466900 54303.000000 5706.531250 48451.292969
1275.251500 53361.000000 5086.665039 48490.375000
1277.033900 52766.000000 4278.882812 48531.367188
1278.814700 52203.000000 3462.401855 48576.070312
1280.595200 51478.000000 2734.042480 48622.839844
1282.375400 50657.000000 2140.678467 48671.449219
1284.153800 50161.000000 1682.906860 48725.203125
1285.931900 50126.000000 1338.379639 48783.136719
1287.708100 50140.000000 1085.850708 48843.937500
1289.482500 49772.000000 903.542969 48909.757812
1291.256800 50010.000000 771.799011 48974.167969
1293.030600 49788.000000 674.601196 49037.128906
1294.802900 49868.000000 599.362244 49096.957031
1296.574600 50015.000000 543.489868 49157.679688
1298.344600 49668.000000 502.043762 49217.703125
1300.114400 49597.000000 476.861908 49281.414062
1301.882300 49746.000000 457.314545 49348.707031
1303.648300 49876.000000 446.177490 49419.203125
1305.415800 50072.000000 445.370209 49489.742188
1307.179700 50123.000000 448.120209 49558.996094
1308.943500 50487.000000 456.964203 49628.234375
1310.707000 50213.000000 472.322418 49700.253906
1312.468600 50124.000000 497.104492 49770.640625
1314.230000 50784.000000 533.736572 49843.675781
1315.989500 50726.000000 586.941956 49917.902344
1317.748800 50703.000000 669.631653 49994.792969
1319.506200 50865.000000 788.689209 50075.062500
1321.263400 51395.000000 950.037598 50155.609375
1323.018900 51194.000000 1161.343018 50234.195312
1324.774000 51945.000000 1422.488892 50311.851562
1326.527300 52100.000000 1729.074219 50391.683594
1328.278900 52685.000000 2055.245117 50475.296875
1330.031700 52802.000000 2379.278809 50559.953125
1331.781100 53341.000000 2635.415039 50642.453125
1333.531900 53394.000000 2726.621582 50722.414062
1335.279300 53459.000000 2604.545898 50800.171875
1337.027800 53375.000000 2313.705322 50875.593750
1338.773200 52918.000000 1954.876953 50949.246094
1340.518300 52496.000000 1598.759521 51018.347656
1342.263100 52511.000000 1288.205322 51085.070312
1344.006000 52074.000000 1037.683228 51149.054688
1345.748700 52198.000000 843.778625 51211.675781
1347.489500 52053.000000 703.578613 51270.753906
1349.230200 51835.000000 603.794067 51328.257812
1350.969100 51822.000000 529.915161 51384.468750
1352.707500 52063.000000 478.307526 51439.503906
1354.445900 52099.000000 442.590881 51491.734375
1356.180900 52033.000000 420.291565 51540.960938
1357.917000 51892.000000 409.971100 51584.515625
1359.649900 51947.000000 411.275208 51624.125000
1361.384200 51785.000000 424.301331 51660.839844
1363.115000 52226.000000 458.377991 51695.125000
1364.847000 52275.000000 517.852234 51727.453125
1366.577400 52317.000000 615.759888 51756.992188
1368.305900 52554.000000 765.665161 51782.984375
1370.034300 52605.000000 990.091125 51808.277344
1371.760600 53614.000000 1289.380859 51834.617188
1373.486900 53544.000000 1649.096313 51858.152344
1375.211300 53883.000000 2022.457764 51878.843750
1376.935400 54092.000000 2305.366455 51895.191406
1378.657800 54273.000000 2391.577148 51904.992188
1380.380000 54266.000000 2213.182861 51914.449219
1382.100200 53846.000000 1839.239502 51921.281250
1383.820300 53309.000000 1440.649780 51928.410156
1385.540200 53101.000000 1088.555176 51932.886719
1387.256500 52745.000000 818.801392 51937.667969
1388.974200 52800.000000 626.239319 51940.507812
1390.690300 52213.000000 495.367340 51941.433594
1392.404400 52378.000000 406.271210 51938.640625
1394.118400 52383.000000 344.908844 51931.480469
1395.830400 52081.000000 300.643951 51920.664062
1397.542200 52336.000000 270.780212 51908.203125
1399.252300 52323.000000 247.580109 51896.203125
1400.962200 51946.000000 231.182159 51883.265625
1402.671800 52062.000000 218.335846 51870.750000
1404.379500 51962.000000 209.247467 51858.796875
1406.085600 52004.000000 200.272491 51845.687500
1407.791300 52020.000000 191.332367 51833.191406
1409.495200 52011.000000 186.431427 51821.328125
1411.199000 52220.000000 180.884918 51807.714844
1412.902500 52023.000000 177.932571 51794.039062
1414.604000 52073.000000 176.676056 51780.820312
1416.304000 52217.000000 176.071930 51767.695312
1418.003700 52016.000000 174.270218 51753.472656
1419.701500 51973.000000 172.949799 51737.613281
1421.399000 51827.000000 172.880478 51722.519531
1423.096400 51746.000000 176.244781 51706.144531
1424.792000 51813.000000 180.589142 51689.664062
1426.485700 51671.000000 187.287354 51674.484375
1428.179300 51694.000000 194.121155 51659.648438
1429.871100 51691.000000 204.066345 51645.558594
1431.562500 51913.000000 216.050751 51631.757812
1433.253900 51946.000000 231.243118 51619.250000
1434.943400 51802.000000 249.305618 51608.468750
1436.631000 52055.000000 272.454163 51595.867188
1438.318500 51721.000000 300.326080 51582.003906
1440.005600 51696.000000 340.693787 51566.578125
1441.691000 51538.000000 390.782501 51553.027344
1443.374800 51721.000000 456.964996 51539.355469
1445.058200 51993.000000 538.153503 51527.406250
1446.741300 52195.000000 642.122986 51516.644531
1448.422900 52428.000000 781.266907 51507.257812
1450.102400 52464.000000 958.252441 51498.593750
1451.781700 52925.000000 1170.697632 51489.464844
1453.460900 52917.000000 1427.592529 51479.343750
1455.138200 52751.000000 1721.909546 51474.535156
1456.813800 53619.000000 2027.922852 51471.359375
1458.489100 53627.000000 2322.658691 51466.812500
1460.164300 53864.000000 2566.270996 51460.300781
1461.837600 54100.000000 2717.866699 51450.601562
1463.509200 54170.000000 2749.595459 51438.968750
1465.180500 54024.000000 2646.929932 51427.500000
1466.851600 53721.000000 2420.847168 51413.000000
1468.520900 53238.000000 2121.083496 51401.800781
1470.189900 53312.000000 1800.008789 51392.710938
1471.857200 52893.000000 1507.115112 51385.566406
1473.522800 52587.000000 1254.439453 51380.652344
1475.188100 52365.000000 1037.963989 51376.062500
1476.853100 51923.000000 859.238586 51370.710938
1478.516500 51902.000000 713.165527 51365.933594
1480.178000 52052.000000 599.956177 51362.468750
1481.839200 51600.000000 512.227905 51362.015625
1483.500400 51930.000000 442.089447 51361.339844
1485.159700 51860.000000 391.789124 51359.761719
1486.818600 51697.000000 353.104492 51356.125000
1488.476000 51355.000000 324.605408 51352.933594
1490.131500 51593.000000 303.046753 51349.640625
1491.788300 51520.000000 287.777374 51347.316406
1493.441800 51483.000000 274.283417 51344.203125
1495.095100 51538.000000 266.438782 51342.144531
1496.748000 51482.000000 261.039856 51341.726562
1498.399400 51805.000000 255.945511 51340.644531
1500.050400 51620.000000 248.986496 51341.148438
1501.699700 51534.000000 245.967331 51343.988281
1503.347300 51872.000000 244.658401 51347.945312
1504.996100 51691.000000 243.089478 51350.972656
1506.641600 51543.000000 245.846405 51352.789062
1508.287000 51574.000000 251.871216 51356.726562
1509.932000 51507.000000 261.567932 51363.878906
1511.575300 51293.000000 274.035339 51373.164062
1513.218500 51819.000000 292.766815 51383.804688
1514.859700 51608.000000 314.458557 51393.718750
1516.500900 51766.000000 345.229797 51401.214844
1518.140300 51913.000000 381.144348 51407.296875
1519.777800 51846.000000 426.323975 51412.832031
1521.416700 51896.000000 482.811218 51419.359375
1523.052200 52196.000000 551.481812 51423.289062
1524.689200 52137.000000 633.715027 51425.988281
1526.322800 51942.000000 739.931213 51425.222656
1527.956200 52419.000000 875.319458 51425.757812
1529.589400 52173.000000 1043.459106 51429.609375
1531.220800 52491.000000 1249.252441 51435.179688
1532.851900 52980.000000 1495.258789 51441.250000
1534.481400 53676.000000 1787.090210 51448.542969
1536.110600 53531.000000 2114.936035 51455.863281
1537.738000 53640.000000 2461.276611 51467.429688
1539.365200 54289.000000 2786.200195 51482.023438
1540.990700 54490.000000 3053.626221 51494.421875
1542.616000 54577.000000 3223.825439 51502.671875
1544.239500 54598.000000 3263.370605 51505.558594
1545.862700 54625.000000 3153.240234 51503.714844
1547.484400 54562.000000 2914.155273 51500.488281
1549.105600 53939.000000 2593.802979 51492.167969
1550.725100 53688.000000 2254.141113 51484.796875
1552.344500 53174.000000 1936.310913 51478.453125
1553.962000 52862.000000 1647.342773 51475.093750
1555.579300 52868.000000 1393.986450 51474.304688
1557.195100 52592.000000 1173.589111 51474.246094
1558.810400 52456.000000 986.683899 51473.949219
1560.424100 52179.000000 833.150696 51476.472656
1562.037500 52283.000000 710.181946 51480.941406
1563.649200 51991.000000 609.712769 51485.515625
1565.260600 51730.000000 529.827026 51492.312500
1566.870500 51871.000000 467.524170 51499.519531
1568.479900 51833.000000 414.532318 51505.437500
1570.089100 52012.000000 371.833130 51510.503906
1571.695200 51496.000000 338.260529 51517.781250
1573.302500 51828.000000 311.840088 51526.085938
1574.906500 51719.000000 288.868835 51538.367188
1576.511800 51621.000000 265.007874 51550.726562
1578.115500 52017.000000 244.448639 51562.679688
1579.717400 51831.000000 227.029266 51576.234375
1581.319100 51599.000000 212.591919 51590.996094
1582.919100 52218.000000 198.103119 51606.406250
1584.518700 51514.000000 184.865860 51623.453125
1586.116600 51754.000000 173.675781 51642.730469
1587.714500 51778.000000 164.737427 51663.437500
1589.310500 51890.000000 153.213654 51682.355469
1590.906300 51598.000000 142.689880 51702.585938
1592.501800 51779.000000 133.694611 51723.621094
1594.095700 51732.000000 126.688919 51747.207031
1595.687900 51777.000000 118.835434 51770.984375
1597.279700 51749.000000 110.793106 51796.566406
1598.869900 51915.000000 103.197289 51820.281250
1600.459700 51931.000000 96.843460 51841.929688
1602.048100 51813.000000 92.065903 51863.078125
1603.636000 51740.000000 86.818863 51883.746094
1605.223900 51973.000000 82.121109 51905.765625
1606.809800 51562.000000 77.913345 51930.300781
1608.394200 51803.000000 73.464890 51956.035156
1609.978300 51956.000000 69.612640 51983.375000
1611.560700 51853.000000 66.652420 52010.281250
1613.142900 52241.000000 64.586098 52036.402344
1614.724700 52289.000000 62.976818 52062.578125
1616.304900 52123.000000 61.935242 52089.835938
1617.883500 52153.000000 60.898945 52116.554688
1619.461800 52184.000000 58.955128 52143.332031
1621.038300 52410.000000 56.005726 52169.121094
1622.614700 52473.000000 52.972084 52193.925781
1624.190800 52247.000000 50.335258 52215.847656
1625.765300 52495.000000 47.727791 52234.464844
1627.337900 52582.000000 45.572910 52250.144531
1628.910400 52437.000000 43.220345 52263.812500
1630.482700 52565.000000 41.102051 52274.816406
1632.053200 52641.000000 38.866756 52283.074219
1633.622100 52603.000000 36.773628 52289.851562
1635.190600 52282.000000 34.535858 52296.292969
1636.759000 52742.000000 32.663708 52301.292969
1638.325700 52661.000000 31.266592 52307.570312
1639.890700 52626.000000 30.536478 52314.062500
1641.455400 52630.000000 29.199793 52319.683594
1643.019900 52469.000000 27.681568 52324.410156
1644.582800 52487.000000 26.229818 52326.277344
1646.143900 52336.000000 24.798035 52326.476562
1647.704700 52485.000000 23.446449 52324.859375
1649.265500 52601.000000 22.406315 52318.906250
1650.824500 52389.000000 21.708817 52308.507812
1652.381600 52466.000000 21.433102 52295.558594
1653.938700 52458.000000 21.279079 52279.644531
1655.495500 52246.000000 21.308401 52259.859375
1657.050700 52186.000000 21.213299 52234.273438
1658.604100 52174.000000 20.960182 52207.019531
1660.157200 52441.000000 20.869471 52176.890625
1661.710200 52453.000000 20.877478 52140.953125
1663.261500 51985.000000 21.285961 52101.046875
1664.811200 52158.000000 21.493351 52058.152344
1666.361900 51959.000000 21.770124 52015.222656
1667.909700 51997.000000 22.202084 51970.003906
1669.457200 52246.000000 22.438154 51922.785156
1671.004300 51715.000000 22.425848 51873.636719
1672.549900 51741.000000 22.145519 51821.937500
1674.093600 51385.000000 21.922422 51770.917969
1675.637300 51828.000000 21.615191 51717.476562
1677.180800 51589.000000 21.153414 51663.289062
1678.722400 51770.000000 21.254177 51607.144531
1680.263900 51466.000000 21.480015 51550.476562
1681.803700 51330.000000 21.557402 51492.425781
1683.341800 51464.000000 21.378347 51434.410156
1684.881200 51398.000000 20.985106 51374.957031
1686.417500 51396.000000 20.693960 51313.378906
1687.953400 51252.000000 20.675819 51250.375000
1689.489100 51219.000000 20.728506 51188.460938
1691.023200 51265.000000 20.511507 51127.011719
1692.557100 51103.000000 20.227716 51065.097656
1694.089200 50940.000000 19.296543 51004.144531
1695.619800 50685.000000 18.138924 50945.281250
1697.151500 50886.000000 17.307981 50885.343750
1698.680200 50977.000000 16.350536 50827.042969
1700.208500 50579.000000 15.505753 50770.984375
1701.736600 50471.000000 14.921030 50714.273438
1703.263100 51129.000000 14.200215 50658.351562
1704.789300 50621.000000 13.813916 50601.550781
1706.314000 50709.000000 13.478084 50544.156250
1707.838100 50786.000000 13.268967 50487.707031
1709.361000 50463.000000 13.315984 50431.117188
1710.883300 50314.000000 13.288790 50376.449219
1712.404100 50431.000000 12.937663 50321.324219
1713.923100 50475.000000 12.595156 50264.417969
1715.443500 50363.000000 12.364897 50205.128906
1716.960700 50083.000000 12.273562 50145.515625
1718.479100 50224.000000 11.909511 50085.246094
1719.994500 50183.000000 11.582324 50026.320312
1721.509600 49919.000000 11.305141 49969.152344
1723.024400 49663.000000 11.130131 49913.519531
1724.537600 49918.000000 11.024031 49858.003906
1726.050700 49936.000000 11.024050 49801.511719
1727.561900 49965.000000 11.083255 49744.261719
1729.073000 50037.000000 11.117545 49687.152344
1730.582400 49633.000000 11.172237 49631.148438
1732.091700 50075.000000 11.074192 49575.367188
1733.599200 49496.000000 11.521084 49521.433594
1735.106600 49754.000000 12.075064 49467.207031
1736.612100 49208.000000 12.255983 49415.027344
1738.117600 49181.000000 12.190923 49363.902344
1739.621300 49224.000000 11.950092 49313.507812
1741.125000 49026.000000 11.607874 49261.386719
1742.626800 49042.000000 11.314746 49208.570312
1744.128400 48930.000000 11.004461 49157.476562
1745.628500 49326.000000 10.804673 49107.187500
1747.128300 49151.000000 10.638700 49057.417969
1748.626300 48961.000000 10.635307 49008.367188
1750.124300 49017.000000 10.763376 48961.554688
1751.620500 48760.000000 11.066969 48916.437500
1753.116600 48770.000000 11.362677 48875.179688
1754.612400 48914.000000 11.567417 48835.449219
1756.105100 48958.000000 11.611004 48795.562500
1757.599100 48958.000000 11.471321 48756.414062
1759.091300 48819.000000 11.137526 48718.589844
1760.582000 48846.000000 10.748631 48679.660156
1762.072400 48772.000000 10.498326 48643.343750
1763.561000 48501.000000 10.157279 48608.980469
1765.049600 48259.000000 9.758010 48575.945312
1766.536500 48602.000000 9.493282 48541.414062
1768.023200 48519.000000 9.434120 48505.871094
1769.508100 48344.000000 9.461817 48469.859375
1770.992900 48449.000000 9.528179 48434.777344
1772.477500 48439.000000 9.340556 48401.667969
1773.959000 48595.000000 9.040677 48369.593750
1775.441700 48398.000000 8.663141 48338.503906
1776.922700 48130.000000 8.291002 48308.437500
1778.402100 48434.000000 8.177760 48276.835938
1779.881300 48179.000000 8.264576 48246.800781
1781.358900 48042.000000 8.254827 48216.929688
1782.836200 48201.000000 8.164069 48186.925781
1784.311900 48336.000000 8.023461 48157.062500
1785.787400 48161.000000 7.898093 48127.808594
1787.262600 48164.000000 7.938989 48100.097656
1788.736200 48166.000000 8.021996 48071.914062
1790.208300 48135.000000 8.077614 48042.769531
1791.679800 48146.000000 8.193706 48013.199219
1793.150000 48230.000000 8.264750 47983.035156
1794.619900 48194.000000 8.326228 47955.695312
1796.089600 48073.000000 8.169634 47929.914062
1797.557600 47727.000000 7.990248 47905.554688
1799.023900 47820.000000 7.857144 47880.484375
1800.490100 47953.000000 7.832224 47854.179688
1801.954600 47759.000000 7.704278 47830.796875
1803.418900 47910.000000 7.634103 47808.035156
1804.883100 47631.000000 7.531724 47786.906250
1806.345500 48052.000000 7.500408 47767.753906
1807.806400 47694.000000 7.672044 47747.605469
1809.266800 47606.000000 7.935893 47727.859375
1810.727400 47416.000000 8.228766 47707.625000
1812.186000 47640.000000 8.485515 47686.832031
1813.643300 47513.000000 8.571867 47666.386719
1815.100100 47815.000000 8.630692 47644.023438
1816.556800 47545.000000 8.640077 47621.394531
1818.010400 47520.000000 8.538789 47602.687500
1819.465300 47681.000000 8.449573 47585.613281
1820.918500 47790.000000 8.303888 47568.683594
1822.370100 47373.000000 8.078035 47553.343750
1823.821400 47895.000000 7.943497 47541.035156
1825.272600 47567.000000 7.693080 47528.195312
1826.722200 47501.000000 7.488095 47517.136719
1828.169900 47428.000000 7.191493 47507.890625
1829.617600 47584.000000 6.947516 47497.777344
1831.065200 47445.000000 6.736286 47487.144531
1832.511000 47305.000000 6.572782 47477.476562
1833.956500 47432.000000 6.314002 47467.386719
1835.400500 47518.000000 6.117391 47457.519531
1836.842900 47945.000000 6.190523 47448.363281
1838.285200 47275.000000 6.513789 47441.128906
1839.727100 47167.000000 6.918475 47436.566406
1841.167400 47471.000000 7.355238 47433.496094
1842.606100 47413.000000 7.560549 47425.378906
1844.044400 47306.000000 7.686327 47418.660156
1845.482800 47143.000000 7.688087 47414.289062
1846.919400 47190.000000 7.728854 47408.746094
1848.356000 47117.000000 7.833389 47402.152344
1849.790800 47243.000000 7.932059 47394.746094
1851.224000 47564.000000 8.260674 47388.011719
1852.656900 47021.000000 8.510557 47382.679688
1854.089700 47217.000000 8.410081 47380.703125
1855.520800 47315.000000 8.248243 47380.457031
1856.951800 47027.000000 8.006683 47382.289062
1858.381100 47295.000000 7.655432 47388.144531
1859.808700 47545.000000 7.268958 47399.757812
1861.236300 47719.000000 7.137339 47408.664062
1862.663500 47447.000000 7.238951 47418.468750
1864.089100 46952.000000 7.202021 47430.648438
1865.514600 47270.000000 7.047587 47446.125000
1866.938500 47260.000000 6.890348 47461.578125
1868.360700 47506.000000 6.788297 47478.558594
1869.784200 47605.000000 6.925035 47492.484375
1871.204500 47414.000000 6.919179 47504.917969
1872.624600 47310.000000 6.903262 47518.300781
1874.044700 47651.000000 6.653284 47530.683594
1875.463000 47540.000000 6.345914 47541.042969
1876.881200 47722.000000 6.070863 47551.328125
1878.297700 47700.000000 6.066067 47558.363281
1879.714100 47594.000000 6.133261 47563.730469
1881.128800 47541.000000 6.138635 47566.886719
1882.541900 47792.000000 6.040713 47568.847656
1883.956200 47958.000000 6.136135 47572.308594
1885.367400 47867.000000 6.498090 47573.363281
1886.778600 47573.000000 6.985346 47573.820312
1888.189500 48082.000000 6.267119 47576.359375
