Raman_Shift Original_Spectrum Predicted_Raman Predicted_Baseline
294.894650 36733.000000 21.892618 36628.855469
297.232540 36707.000000 20.957211 36625.593750
299.568300 36507.000000 21.325817 36627.492188
301.905240 36779.000000 21.846928 36625.238281
304.238400 36693.000000 23.018908 36623.769531
306.571040 36517.000000 24.318981 36621.683594
308.903260 36969.000000 25.282360 36623.222656
311.233340 36930.000000 26.803852 36621.457031
313.562930 36600.000000 28.801096 36620.902344
315.890440 36681.000000 34.635277 36620.761719
318.215790 36470.000000 41.545132 36626.460938
320.540680 36533.000000 49.213490 36637.296875
322.865110 36522.000000 56.887993 36653.687500
325.187410 36494.000000 67.734955 36676.984375
327.509250 36774.000000 79.738251 36708.300781
329.828920 36786.000000 94.924149 36748.257812
332.148160 36714.000000 108.657547 36791.835938
334.465270 36999.000000 132.525543 36841.312500
336.781950 36881.000000 157.499557 36892.277344
339.096470 36843.000000 186.401474 36941.687500
341.408870 37103.000000 217.948151 36992.859375
343.722530 37157.000000 248.699539 37045.484375
346.032350 37359.000000 281.315674 37100.296875
348.341740 37408.000000 315.372528 37157.332031
350.650670 37548.000000 350.288788 37215.042969
352.957460 37617.000000 388.911194 37273.093750
355.263760 37789.000000 421.280212 37333.074219
357.568020 37668.000000 447.825775 37395.160156
359.871800 37700.000000 469.192810 37458.562500
362.173430 37908.000000 486.669983 37523.203125
364.474640 38121.000000 502.985748 37588.398438
366.773710 38067.000000 517.366394 37651.871094
369.072360 37948.000000 524.409424 37716.335938
371.368870 38051.000000 533.009033 37779.964844
373.664920 38120.000000 538.932373 37842.316406
375.958890 38318.000000 538.829224 37904.375000
378.252380 38426.000000 538.498047 37965.160156
380.543790 38621.000000 537.849060 38023.804688
382.834750 38592.000000 533.481628 38079.726562
385.123570 38717.000000 517.654175 38132.324219
387.411960 38752.000000 489.865417 38181.542969
389.698210 38795.000000 457.874329 38228.042969
391.984070 38905.000000 418.494934 38273.535156
394.267790 38690.000000 378.463196 38317.687500
396.551060 38669.000000 339.446960 38359.886719
398.832210 38736.000000 303.322449 38400.203125
401.112950 38743.000000 270.230988 38438.636719
403.391570 39022.000000 236.287811 38474.242188
405.669770 38922.000000 211.303497 38509.710938
407.945860 39084.000000 187.431198 38544.066406
410.221470 38938.000000 166.757645 38576.476562
412.495030 38942.000000 146.391205 38606.511719
414.768100 38844.000000 128.860504 38634.285156
417.039090 38970.000000 113.477310 38660.175781
419.309630 38803.000000 101.436546 38682.867188
421.579740 38686.000000 92.593399 38700.515625
423.846100 38787.000000 85.926445 38715.703125
426.113680 38883.000000 81.724815 38731.031250
428.377470 38973.000000 78.337769 38745.054688
430.642520 38848.000000 74.724617 38759.394531
432.905460 39023.000000 72.466263 38772.718750
435.166320 38905.000000 68.834427 38784.765625
437.426700 38941.000000 65.457481 38794.859375
439.685060 38995.000000 62.679382 38802.839844
441.942900 38886.000000 61.829235 38809.671875
444.198730 38950.000000 59.601574 38814.605469
446.454070 38967.000000 57.713112 38817.582031
448.708980 38940.000000 56.467884 38820.550781
450.961820 39058.000000 54.784576 38823.070312
453.212550 38845.000000 53.479309 38824.894531
455.462890 38809.000000 52.800682 38825.097656
457.711120 38917.000000 52.416069 38823.550781
459.958920 38803.000000 53.274189 38820.828125
462.204590 38955.000000 54.909416 38816.695312
464.449890 39062.000000 56.567486 38810.914062
466.694760 39185.000000 58.000702 38804.656250
468.937500 38902.000000 58.536938 38798.167969
471.178160 38923.000000 59.151253 38789.679688
473.418460 38857.000000 59.999767 38779.746094
475.656620 38750.000000 62.250622 38768.960938
477.894380 38952.000000 65.971954 38757.062500
480.131680 38831.000000 71.245895 38743.003906
482.366910 38765.000000 77.150345 38725.378906
484.600040 38686.000000 85.264854 38703.507812
486.832790 38912.000000 94.922508 38679.382812
489.063450 38986.000000 108.602379 38654.011719
491.293670 39004.000000 125.221581 38624.742188
493.523500 38773.000000 148.669846 38591.230469
495.751190 38820.000000 179.867706 38555.257812
497.976840 38914.000000 221.380157 38516.835938
500.202090 38818.000000 278.488831 38475.656250
502.426910 38750.000000 356.480652 38431.546875
504.649660 38798.000000 458.508728 38383.992188
506.870270 38873.000000 583.191772 38334.867188
509.090550 38805.000000 729.244141 38284.039062
511.310360 39092.000000 888.983215 38233.648438
513.528140 39171.000000 1020.415161 38181.898438
515.743770 39121.000000 1064.558350 38127.640625
517.959110 39012.000000 971.421692 38072.792969
520.173890 38783.000000 783.542175 38018.574219
522.386660 38517.000000 596.476929 37964.531250
524.597410 38315.000000 457.575012 37909.484375
526.807740 38014.000000 356.475525 37858.632812
529.017580 37983.000000 281.636566 37809.828125
531.225400 37977.000000 226.988983 37763.269531
533.431210 37867.000000 191.476456 37718.941406
535.636470 37839.000000 167.773499 37677.527344
537.841430 37654.000000 152.735504 37638.179688
540.044310 37658.000000 142.174057 37598.312500
542.245120 37809.000000 136.246246 37560.171875
544.445500 37790.000000 133.608063 37526.023438
546.645450 37610.000000 134.638611 37495.843750
548.843380 37546.000000 138.076691 37466.480469
551.040830 37643.000000 143.796936 37437.984375
553.236330 37681.000000 152.977615 37412.394531
555.429690 37559.000000 168.269455 37390.632812
557.622680 37577.000000 189.275818 37369.785156
559.815250 37645.000000 219.466843 37350.964844
562.005800 37805.000000 262.624573 37333.628906
564.195920 37552.000000 324.622253 37319.835938
566.383910 37852.000000 405.499146 37305.472656
568.569950 38046.000000 500.828033 37289.089844
570.755550 37853.000000 578.993225 37272.582031
572.940730 37960.000000 599.453491 37255.921875
575.123900 37925.000000 547.570129 37240.765625
577.306640 37745.000000 458.799713 37226.355469
579.487300 37578.000000 369.985870 37210.210938
581.665950 37568.000000 300.622253 37193.179688
583.844120 37614.000000 250.863480 37176.101562
586.021970 37479.000000 219.510788 37159.390625
588.197750 37366.000000 202.173920 37145.031250
590.373170 37471.000000 192.359283 37131.859375
592.546450 37274.000000 183.269394 37117.792969
594.719420 37267.000000 175.289139 37103.242188
596.890260 37450.000000 172.383987 37090.105469
599.059140 37208.000000 172.260117 37079.187500
601.229190 37054.000000 175.866714 37067.644531
603.395570 37251.000000 183.260376 37054.375000
605.561580 37134.000000 191.277985 37039.375000
607.727170 37199.000000 203.870926 37021.195312
609.890750 37214.000000 217.212601 37002.269531
612.053960 37309.000000 232.486008 36982.710938
614.215030 37256.000000 253.277298 36963.359375
616.375790 37321.000000 278.415344 36942.089844
618.534480 37197.000000 307.070679 36917.351562
620.692750 37209.000000 346.007019 36889.191406
622.849000 37499.000000 387.851990 36861.562500
625.004820 37112.000000 436.665924 36836.496094
627.158750 37370.000000 495.811676 36812.195312
629.310490 37435.000000 569.661499 36787.730469
631.463560 37562.000000 665.303467 36763.933594
633.612920 37391.000000 787.640320 36741.390625
635.763490 37766.000000 957.001770 36718.511719
637.910460 37668.000000 1170.580811 36698.210938
640.058650 38087.000000 1467.782837 36675.812500
642.203190 38578.000000 1872.660156 36652.179688
644.348880 39228.000000 2438.766602 36631.812500
646.491030 39864.000000 3129.659912 36612.281250
648.634400 40498.000000 3922.335938 36593.242188
650.774050 41318.000000 4718.737793 36575.332031
652.914980 41898.000000 5317.768555 36560.859375
655.052250 42179.000000 5439.396973 36550.062500
657.190730 41559.000000 5021.227539 36541.148438
659.325620 40781.000000 4333.065430 36538.304688
661.461730 40390.000000 3585.191895 36533.359375
663.594180 39422.000000 2947.597656 36523.539062
665.727910 38794.000000 2443.244873 36511.582031
667.857910 38795.000000 2067.815186 36502.890625
669.989200 38134.000000 1764.165405 36498.570312
672.118470 38158.000000 1509.141357 36494.855469
674.245670 37716.000000 1279.772339 36492.281250
676.372560 37652.000000 1088.056885 36487.859375
678.497380 37540.000000 930.514282 36484.644531
680.621830 37301.000000 797.043152 36481.265625
682.744320 37009.000000 692.395630 36474.027344
684.866390 37101.000000 608.310852 36460.597656
686.986450 36843.000000 544.335327 36448.820312
689.106080 37029.000000 497.315857 36437.281250
691.223750 36631.000000 463.038574 36428.250000
693.341000 36783.000000 441.684509 36419.382812
695.457820 36813.000000 433.138611 36411.320312
697.571110 36759.000000 434.127838 36403.312500
699.685610 36787.000000 449.457214 36396.250000
701.798100 36962.000000 474.236511 36390.601562
703.908570 37059.000000 515.196655 36386.359375
706.018620 36991.000000 557.923279 36382.328125
708.126770 36767.000000 593.631470 36376.917969
710.234380 36974.000000 594.867310 36370.703125
712.340150 36864.000000 556.479919 36363.832031
714.445430 36953.000000 495.520905 36356.722656
716.550350 36605.000000 423.781677 36350.531250
718.653260 36636.000000 355.399475 36342.605469
720.754270 36706.000000 298.695709 36335.417969
722.854800 36704.000000 253.813232 36329.191406
724.953370 36552.000000 220.376541 36324.417969
727.051570 36421.000000 192.544067 36319.210938
729.149350 36443.000000 168.968994 36313.664062
731.243530 36484.000000 151.310425 36306.980469
733.338990 36504.000000 137.582077 36298.859375
735.432370 36504.000000 126.506775 36289.132812
737.523800 36506.000000 117.275040 36279.664062
739.614870 36385.000000 108.435196 36270.414062
741.705570 36128.000000 101.066788 36260.835938
743.792600 36246.000000 95.085617 36249.382812
745.880920 36156.000000 90.423698 36238.835938
747.967220 36357.000000 84.758339 36228.085938
750.051570 36059.000000 80.138855 36218.109375
752.135500 36201.000000 75.831024 36206.312500
754.219120 36204.000000 71.939240 36194.519531
756.300720 36382.000000 68.365311 36182.335938
758.380310 36118.000000 65.614861 36170.984375
760.459530 36211.000000 62.177338 36158.980469
762.538390 35927.000000 59.107948 36148.824219
764.615300 36322.000000 55.953003 36137.726562
766.690190 36240.000000 53.438667 36126.304688
768.764710 36212.000000 51.830635 36113.875000
770.838810 36258.000000 50.437828 36101.328125
772.909360 36139.000000 47.944283 36089.269531
774.981140 35914.000000 45.855217 36075.867188
777.050960 36214.000000 44.393951 36060.941406
779.120420 36254.000000 42.763691 36045.781250
781.187870 36177.000000 41.736870 36029.667969
783.253420 36029.000000 41.245659 36013.394531
785.318480 36058.000000 40.568768 35996.886719
787.383240 36179.000000 39.427849 35980.156250
789.445980 35990.000000 37.924500 35962.699219
791.506770 35785.000000 36.756824 35945.187500
793.567260 36006.000000 35.784653 35927.382812
795.627260 36047.000000 34.618950 35909.507812
797.685360 35995.000000 34.350082 35891.832031
799.741520 35887.000000 34.520027 35875.941406
801.797240 35978.000000 34.409485 35860.914062
803.852600 35859.000000 33.691975 35846.558594
805.906010 35551.000000 33.503471 35831.605469
807.959050 35954.000000 33.281693 35816.449219
810.010130 35825.000000 33.674637 35799.390625
812.059200 35860.000000 34.216835 35780.113281
814.107970 35939.000000 35.241161 35759.859375
816.156370 35995.000000 36.185955 35738.367188
818.202760 35960.000000 36.698750 35715.378906
820.247190 35692.000000 35.786621 35693.183594
822.292850 35840.000000 35.151035 35670.136719
824.335020 35867.000000 34.548275 35645.480469
826.376770 35747.000000 34.263271 35619.152344
828.418090 35588.000000 33.830017 35591.183594
830.457520 35576.000000 33.690769 35561.566406
832.496640 35529.000000 33.350643 35530.464844
834.533690 35604.000000 33.239616 35495.066406
836.568910 35409.000000 33.047718 35458.804688
838.603700 35463.000000 33.504642 35420.500000
840.638060 35597.000000 34.062698 35380.429688
842.670530 35399.000000 35.399899 35337.847656
844.702640 35238.000000 36.189079 35294.796875
846.732790 35412.000000 36.952145 35251.597656
848.762570 35349.000000 37.427406 35207.152344
850.790470 35253.000000 38.370232 35160.398438
852.816350 35154.000000 38.583580 35113.335938
854.843440 35053.000000 38.437977 35066.136719
856.867070 35209.000000 38.000469 35017.914062
858.890200 35153.000000 38.406460 34967.984375
860.913150 34983.000000 38.695343 34917.183594
862.934020 34864.000000 40.138706 34864.863281
864.954530 34699.000000 42.506718 34814.117188
866.973140 34742.000000 45.709438 34763.574219
868.991390 34474.000000 50.286884 34715.390625
871.007690 34797.000000 57.121437 34667.230469
873.023620 34788.000000 66.214096 34616.437500
875.037660 34565.000000 82.640411 34564.785156
877.051270 34680.000000 105.747276 34512.707031
879.062990 34585.000000 138.909378 34460.402344
881.074340 34505.000000 188.620850 34408.855469
883.083740 34652.000000 256.227875 34356.203125
885.092770 34711.000000 328.159668 34300.511719
887.099850 34570.000000 367.761658 34242.902344
889.104980 34587.000000 349.675720 34184.808594
891.111450 34176.000000 294.161316 34124.843750
893.114260 34162.000000 228.547729 34063.785156
895.118410 34213.000000 174.788971 34002.011719
897.119020 34197.000000 133.382141 33938.468750
899.120790 34159.000000 103.364281 33873.652344
901.119080 34091.000000 81.714691 33807.601562
903.118650 33795.000000 67.528999 33739.941406
905.114620 33748.000000 57.686592 33673.515625
907.111880 33491.000000 50.860825 33608.347656
909.107180 33492.000000 46.370979 33546.636719
911.100520 33687.000000 43.083267 33485.527344
913.093630 33317.000000 41.281624 33424.531250
915.084660 33253.000000 40.379593 33363.363281
917.075380 33319.000000 39.375847 33301.515625
919.064210 33263.000000 38.637104 33238.277344
921.052730 33153.000000 37.959526 33175.593750
923.039310 33152.000000 38.054825 33113.160156
925.025450 33146.000000 37.921242 33052.050781
927.009770 32966.000000 38.257160 32991.605469
928.993650 32896.000000 38.892944 32932.929688
930.975590 33221.000000 39.966499 32875.382812
932.957280 32814.000000 40.876240 32820.914062
934.937010 32778.000000 41.721504 32768.472656
936.916380 32779.000000 42.333946 32717.896484
938.895390 32756.000000 43.744026 32669.867188
940.870970 32587.000000 44.583603 32624.412109
942.847660 32591.000000 45.420044 32579.585938
944.822510 32422.000000 47.121372 32535.976562
946.795470 32380.000000 50.218349 32494.560547
948.768010 32375.000000 54.374535 32454.464844
950.738710 32498.000000 60.656029 32415.906250
952.708980 32304.000000 69.401901 32377.691406
954.677310 32369.000000 84.247093 32339.503906
956.645390 32434.000000 105.760880 32299.931641
958.613160 32539.000000 138.351685 32259.083984
960.578920 32377.000000 188.038223 32219.800781
962.542720 32438.000000 269.120850 32182.291016
964.506290 32617.000000 398.533966 32145.984375
966.467960 32638.000000 591.694763 32111.796875
968.429260 32941.000000 811.217590 32078.140625
970.390140 33022.000000 932.939819 32044.494141
972.347660 32846.000000 840.705750 32013.730469
974.306270 32715.000000 628.176636 31985.265625
976.263060 32501.000000 425.733734 31959.816406
978.218020 32098.000000 286.794403 31930.765625
980.172490 32116.000000 199.695969 31899.929688
982.125120 31964.000000 149.616501 31871.232422
984.077390 32206.000000 117.921509 31841.927734
986.029360 31795.000000 96.278564 31815.900391
987.979370 32040.000000 80.398445 31788.671875
989.927490 31964.000000 69.099190 31759.351562
991.875310 31972.000000 61.748383 31732.080078
993.822750 31753.000000 56.378773 31708.611328
995.768370 31926.000000 52.301098 31687.232422
997.711980 31858.000000 48.674652 31666.517578
999.655270 31591.000000 46.257309 31646.859375
1001.596700 31748.000000 43.830105 31629.027344
1003.537700 31583.000000 41.407661 31611.320312
1005.478600 31579.000000 39.984909 31595.410156
1007.417400 31762.000000 39.017963 31581.066406
1009.354300 31749.000000 38.683552 31567.703125
1011.291000 31606.000000 38.753716 31555.781250
1013.227200 31445.000000 38.291229 31543.207031
1015.161600 31541.000000 37.595531 31530.236328
1017.094100 31507.000000 37.049988 31517.019531
1019.026200 31526.000000 36.158516 31505.351562
1020.958000 31543.000000 35.378304 31495.490234
1022.888000 31367.000000 35.038734 31486.804688
1024.816000 31591.000000 34.985390 31478.597656
1026.743800 31366.000000 34.798180 31470.197266
1028.671100 31484.000000 35.299339 31462.912109
1030.596600 31442.000000 35.872349 31455.664062
1032.521700 31365.000000 36.704311 31448.970703
1034.444900 31553.000000 37.468185 31443.242188
1036.366300 31608.000000 38.793407 31437.466797
1038.287400 31684.000000 40.148384 31433.033203
1040.208100 31571.000000 41.930275 31428.757812
1042.127000 31443.000000 43.158138 31425.347656
1044.043800 31583.000000 44.384777 31421.451172
1045.960400 31546.000000 45.820538 31413.962891
1047.876700 31496.000000 48.124104 31405.679688
1049.791000 31512.000000 50.524155 31398.142578
1051.705100 31571.000000 54.985359 31391.183594
1053.617300 31785.000000 61.245129 31384.318359
1055.527600 31519.000000 71.874283 31375.687500
1057.437500 31485.000000 87.619797 31369.128906
1059.347300 31661.000000 111.440895 31362.642578
1061.255000 31608.000000 144.260864 31352.556641
1063.162500 31393.000000 191.665207 31343.468750
1065.068000 31587.000000 255.672775 31334.371094
1066.971700 31679.000000 344.125214 31323.949219
1068.875000 31830.000000 450.249573 31310.347656
1070.778100 31933.000000 530.121338 31297.830078
1072.679200 31874.000000 519.238037 31284.978516
1074.580000 31732.000000 424.959564 31271.078125
1076.479000 31625.000000 309.027954 31260.724609
1078.377600 31481.000000 220.776276 31248.650391
1080.274400 31435.000000 161.747055 31236.042969
1082.169200 31628.000000 126.230064 31224.156250
1084.065300 31350.000000 104.347679 31212.437500
1085.958000 31227.000000 89.100380 31202.109375
1087.850300 31012.000000 77.631119 31189.681641
1089.742400 31367.000000 69.642532 31176.158203
1091.632600 31151.000000 64.400406 31162.550781
1093.522500 31224.000000 60.391926 31152.607422
1095.410400 31225.000000 57.931618 31144.105469
1097.298100 31260.000000 56.379120 31136.271484
1099.183800 31140.000000 55.104309 31128.015625
1101.069300 31186.000000 53.872395 31123.574219
1102.952900 30961.000000 52.271820 31119.267578
1104.834600 31047.000000 51.818153 31116.955078
1106.717700 31222.000000 52.219288 31114.689453
1108.597200 31145.000000 52.206490 31113.460938
1110.477900 30842.000000 51.897552 31109.570312
1112.355300 31108.000000 51.882912 31105.484375
1114.232300 30981.000000 52.409889 31103.445312
1116.109100 31182.000000 52.878471 31101.982422
1117.984000 31088.000000 53.003334 31100.541016
1119.858500 30992.000000 54.258385 31098.525391
1121.731300 31146.000000 55.997803 31095.541016
1123.603600 31090.000000 58.050377 31094.382812
1125.474100 31202.000000 59.627686 31091.548828
1127.344400 31293.000000 60.987274 31090.191406
1129.212600 31094.000000 62.349865 31089.597656
1131.080700 31063.000000 64.809616 31087.828125
1132.946900 31093.000000 67.972527 31086.808594
1134.812700 31109.000000 72.398087 31085.808594
1136.676800 31088.000000 76.768677 31084.875000
1138.540400 31114.000000 82.538345 31085.859375
1140.402300 31490.000000 88.996437 31087.271484
1142.263800 31114.000000 98.554886 31086.251953
1144.123400 31272.000000 110.024536 31085.314453
1145.982800 31076.000000 124.319519 31085.351562
1147.841800 31059.000000 140.937317 31087.451172
1149.697500 31438.000000 161.594391 31095.033203
1151.554400 31378.000000 188.184052 31104.265625
1153.407800 31420.000000 224.826370 31116.419922
1155.262600 31404.000000 276.393127 31127.021484
1157.115500 31710.000000 347.356140 31140.955078
1158.966400 31607.000000 430.711914 31154.240234
1160.817100 31801.000000 498.533264 31169.763672
1162.666000 31765.000000 520.040405 31184.472656
1164.514500 31751.000000 489.272400 31198.046875
1166.361300 31674.000000 429.190186 31211.632812
1168.207600 31809.000000 371.736877 31225.431641
1170.052200 31527.000000 332.772430 31240.191406
1171.896500 31432.000000 314.132050 31254.697266
1173.740400 31707.000000 312.213928 31266.734375
1175.580900 31628.000000 326.979340 31277.632812
1177.422900 31719.000000 349.223450 31287.699219
1179.262700 31859.000000 387.387756 31300.029297
1181.100700 31696.000000 442.819000 31314.058594
1182.938600 31855.000000 519.054749 31327.410156
1184.774500 31934.000000 616.730103 31341.896484
1186.610200 32230.000000 741.131958 31356.861328
1188.444000 32062.000000 890.417786 31371.136719
1190.277500 32570.000000 1066.711670 31382.716797
1192.110700 32797.000000 1256.125122 31397.064453
1193.942000 32887.000000 1442.672485 31410.285156
1195.771600 33033.000000 1603.381714 31424.902344
1197.600700 33122.000000 1702.890259 31440.296875
1199.428100 33131.000000 1715.547119 31455.898438
1201.255200 33317.000000 1638.391846 31469.810547
1203.082000 33145.000000 1491.014893 31483.789062
1204.907000 32875.000000 1296.191162 31499.644531
1206.730100 32648.000000 1112.264404 31519.669922
1208.552900 32488.000000 968.223022 31538.818359
1210.373900 32462.000000 872.863892 31560.494141
1212.194600 32376.000000 819.273071 31584.966797
1214.015000 32634.000000 805.787964 31608.958984
1215.833500 32479.000000 834.453430 31633.378906
1217.650300 32571.000000 910.611145 31657.488281
1219.466700 32862.000000 1044.478394 31684.275391
1221.281300 32847.000000 1234.041870 31712.009766
1223.095600 33295.000000 1479.896606 31737.261719
1224.909500 33601.000000 1758.847290 31763.738281
1226.721700 33890.000000 2026.375610 31790.595703
1228.532000 33916.000000 2216.461426 31818.658203
1230.342000 34153.000000 2245.688965 31847.015625
1232.151700 33946.000000 2092.528076 31874.728516
1233.959700 33589.000000 1803.854248 31902.566406
1235.765900 33459.000000 1476.849854 31929.964844
1237.571700 33053.000000 1179.707275 31955.644531
1239.377100 32882.000000 949.705872 31983.492188
1241.180800 32886.000000 781.155457 32012.152344
1242.982700 32813.000000 671.621338 32040.128906
1244.784200 32670.000000 607.941772 32066.958984
1246.585300 32588.000000 577.741089 32093.136719
1248.384900 32535.000000 574.667297 32117.117188
1250.182500 32577.000000 601.153931 32136.968750
1251.979700 32785.000000 650.218262 32153.541016
1253.776900 33001.000000 735.775635 32169.492188
1255.572000 33060.000000 860.063965 32186.015625
1257.365500 32997.000000 1027.976807 32206.140625
1259.160000 33551.000000 1271.061035 32232.390625
1260.951300 34063.000000 1612.150146 32269.501953
1262.742300 34432.000000 2093.118408 32318.935547
1264.533100 34897.000000 2707.670410 32362.185547
1266.322000 35941.000000 3403.427002 32397.412109
1268.109000 36337.000000 4070.194092 32430.984375
1269.895800 37061.000000 4523.562988 32454.738281
1271.682400 36968.000000 4630.020996 32481.130859
1273.466900 36991.000000 4357.626953 32516.248047
1275.251500 36347.000000 3795.120605 32556.019531
1277.033900 35588.000000 3137.806152 32595.085938
1278.814700 35207.000000 2503.950195 32633.009766
1280.595200 34774.000000 1971.612549 32667.537109
1282.375400 34111.000000 1554.730713 32702.052734
1284.153800 33797.000000 1236.856567 32742.136719
1285.931900 33852.000000 998.520020 32784.929688
1287.708100 33750.000000 821.373230 32829.480469
1289.482500 33513.000000 689.370972 32875.542969
1291.256800 33843.000000 591.650940 32919.457031
1293.030600 33350.000000 517.769897 32963.835938
1294.802900 33581.000000 460.610199 33008.085938
1296.574600 33665.000000 418.384125 33051.894531
1298.344600 33458.000000 386.012482 33095.523438
1300.114400 33438.000000 365.809631 33140.746094
1301.882300 33508.000000 350.205292 33187.007812
1303.648300 33524.000000 340.831390 33235.164062
1305.415800 33758.000000 338.381622 33283.554688
1307.179700 33725.000000 340.763031 33332.882812
1308.943500 33883.000000 346.638275 33383.417969
1310.707000 33812.000000 358.819031 33436.519531
1312.468600 33857.000000 380.398163 33488.339844
1314.230000 34156.000000 410.984558 33541.726562
1315.989500 34065.000000 453.103180 33596.136719
1317.748800 34179.000000 519.529175 33651.445312
1319.506200 34399.000000 613.839478 33708.636719
1321.263400 34711.000000 743.219727 33765.179688
1323.018900 34671.000000 911.814453 33820.667969
1324.774000 35052.000000 1123.477783 33877.875000
1326.527300 35343.000000 1374.945068 33935.019531
1328.278900 35642.000000 1642.130249 33994.726562
1330.031700 35942.000000 1900.731689 34053.988281
1331.781100 36175.000000 2092.983154 34112.343750
1333.531900 36440.000000 2147.630371 34168.738281
1335.279300 36261.000000 2017.372314 34223.320312
1337.027800 35944.000000 1745.669922 34276.675781
1338.773200 35815.000000 1437.189453 34329.144531
1340.518300 35449.000000 1153.043579 34378.289062
1342.263100 35429.000000 921.508789 34425.460938
1344.006000 35152.000000 742.862732 34471.195312
1345.748700 35319.000000 607.933289 34516.910156
1347.489500 35041.000000 512.945923 34561.277344
1349.230200 35038.000000 443.933044 34604.789062
1350.969100 34894.000000 394.430145 34649.003906
1352.707500 35195.000000 359.379059 34691.339844
1354.445900 35063.000000 335.373535 34731.972656
1356.180900 35255.000000 321.179749 34771.121094
1357.917000 35107.000000 316.332336 34807.328125
1359.649900 35098.000000 321.564697 34839.765625
1361.384200 34937.000000 338.597412 34869.398438
1363.115000 35235.000000 372.583008 34896.550781
1364.847000 35231.000000 424.392334 34920.921875
1366.577400 35514.000000 505.998138 34940.910156
1368.305900 35569.000000 624.606201 34957.320312
1370.034300 35657.000000 795.338867 34973.000000
1371.760600 36302.000000 1021.342896 34990.164062
1373.486900 36294.000000 1287.002319 35005.390625
1375.211300 36467.000000 1552.277100 35016.941406
1376.935400 36706.000000 1734.447998 35024.617188
1378.657800 36806.000000 1763.471069 35026.769531
1380.380000 36713.000000 1620.667236 35029.765625
1382.100200 36516.000000 1360.305908 35032.062500
1383.820300 36099.000000 1085.336670 35034.531250
1385.540200 35887.000000 835.733215 35033.964844
1387.256500 35687.000000 641.011230 35032.476562
1388.974200 35646.000000 497.206940 35029.273438
1390.690300 35327.000000 397.204285 35025.902344
1392.404400 35460.000000 328.071747 35019.808594
1394.118400 35280.000000 279.996674 35011.945312
1395.830400 35366.000000 245.342560 35002.058594
1397.542200 35302.000000 221.068115 34992.234375
1399.252300 35378.000000 201.984009 34981.832031
1400.962200 35119.000000 188.934799 34971.117188
1402.671800 35094.000000 179.312912 34960.753906
1404.379500 35062.000000 172.477448 34949.875000
1406.085600 35218.000000 165.947174 34938.265625
1407.791300 35025.000000 160.180283 34927.203125
1409.495200 35037.000000 157.506989 34916.468750
1411.199000 35214.000000 153.852417 34903.828125
1412.902500 35236.000000 152.705994 34888.703125
1414.604000 35145.000000 152.456528 34873.285156
1416.304000 35095.000000 152.753754 34856.925781
1418.003700 34960.000000 151.324631 34841.675781
1419.701500 35078.000000 149.973938 34824.953125
1421.399000 34983.000000 149.255112 34808.890625
1423.096400 34832.000000 151.375946 34793.015625
1424.792000 34812.000000 154.957672 34777.710938
1426.485700 34732.000000 160.927826 34764.503906
1428.179300 34794.000000 167.448837 34753.421875
1429.871100 34906.000000 176.685837 34743.859375
1431.562500 35011.000000 186.594604 34734.804688
1433.253900 34907.000000 199.744263 34726.855469
1434.943400 35028.000000 215.798630 34718.234375
1436.631000 35151.000000 236.376678 34707.113281
1438.318500 34944.000000 262.198334 34695.531250
1440.005600 34764.000000 297.513855 34682.628906
1441.691000 34775.000000 341.243683 34670.367188
1443.374800 35067.000000 396.734711 34657.371094
1445.058200 35093.000000 466.394196 34645.203125
1446.741300 35267.000000 554.813599 34634.886719
1448.422900 35273.000000 668.851440 34627.367188
1450.102400 35428.000000 813.609497 34620.617188
1451.781700 35806.000000 986.881714 34614.300781
1453.460900 35783.000000 1194.488892 34608.335938
1455.138200 35734.000000 1430.668823 34605.742188
1456.813800 36353.000000 1674.552002 34605.203125
1458.489100 36409.000000 1906.821899 34604.187500
1460.164300 36619.000000 2095.135498 34599.878906
1461.837600 36752.000000 2210.826416 34592.230469
1463.509200 36762.000000 2238.129883 34582.898438
1465.180500 36715.000000 2167.533691 34574.402344
1466.851600 36390.000000 2003.000732 34564.390625
1468.520900 36092.000000 1777.809570 34556.699219
1470.189900 36193.000000 1532.440674 34550.332031
1471.857200 35891.000000 1301.051880 34544.425781
1473.522800 35665.000000 1092.764648 34540.625000
1475.188100 35533.000000 909.847046 34536.617188
1476.853100 35008.000000 753.502625 34531.648438
1478.516500 35084.000000 623.062622 34525.578125
1480.178000 35003.000000 521.323792 34519.921875
1481.839200 34854.000000 439.585205 34515.734375
1483.500400 34980.000000 375.061371 34511.273438
1485.159700 34783.000000 330.178772 34506.992188
1486.818600 34813.000000 293.770996 34503.097656
1488.476000 34602.000000 266.150421 34499.425781
1490.131500 34806.000000 245.959625 34496.015625
1491.788300 34505.000000 231.927902 34493.394531
1493.441800 34558.000000 220.827835 34492.480469
1495.095100 34590.000000 212.845367 34493.406250
1496.748000 34647.000000 207.665283 34495.300781
1498.399400 34929.000000 203.604340 34496.707031
1500.050400 34745.000000 198.965683 34497.433594
1501.699700 34711.000000 196.925766 34498.710938
1503.347300 34769.000000 196.903473 34499.832031
1504.996100 34794.000000 196.682114 34500.636719
1506.641600 34581.000000 198.977646 34500.824219
1508.287000 34644.000000 204.042938 34502.277344
1509.932000 34731.000000 213.111603 34504.835938
1511.575300 34712.000000 223.097610 34506.382812
1513.218500 35029.000000 237.260468 34508.402344
1514.859700 34773.000000 254.022293 34512.175781
1516.500900 34802.000000 279.748779 34515.773438
1518.140300 35037.000000 309.289307 34519.855469
1519.777800 34877.000000 345.168030 34523.531250
1521.416700 35009.000000 391.633545 34528.625000
1523.052200 35101.000000 450.027771 34532.632812
1524.689200 35250.000000 521.606750 34533.960938
1526.322800 35031.000000 616.579468 34534.156250
1527.956200 35286.000000 739.015747 34535.367188
1529.589400 35207.000000 895.880249 34539.488281
1531.220800 35441.000000 1088.844116 34542.917969
1532.851900 36102.000000 1317.712646 34545.179688
1534.481400 36362.000000 1581.051514 34550.031250
1536.110600 36363.000000 1857.365845 34555.531250
1537.738000 36619.000000 2133.024414 34562.949219
1539.365200 36857.000000 2378.820557 34572.023438
1540.990700 37153.000000 2559.071777 34578.097656
1542.616000 37226.000000 2642.135254 34580.773438
1544.239500 36977.000000 2596.049561 34581.140625
1545.862700 37003.000000 2427.313721 34579.347656
1547.484400 36923.000000 2170.287598 34577.167969
1549.105600 36293.000000 1870.563477 34571.773438
1550.725100 36241.000000 1580.370117 34564.917969
1552.344500 35710.000000 1324.829346 34555.128906
1553.962000 35396.000000 1104.818848 34545.585938
1555.579300 35348.000000 920.209778 34539.425781
1557.195100 35303.000000 763.223206 34533.746094
1558.810400 35378.000000 634.711792 34528.273438
1560.424100 35055.000000 532.562378 34524.441406
1562.037500 34994.000000 452.850189 34521.285156
1563.649200 34839.000000 394.896912 34519.492188
1565.260600 34820.000000 347.068695 34520.683594
1566.870500 34750.000000 309.535919 34523.257812
1568.479900 34773.000000 277.374939 34525.949219
1570.089100 34793.000000 251.637360 34527.882812
1571.695200 34480.000000 231.682495 34529.535156
1573.302500 34875.000000 215.772797 34531.750000
1574.906500 34571.000000 201.258606 34536.269531
1576.511800 34607.000000 184.227097 34542.000000
1578.115500 35049.000000 169.503021 34547.613281
1579.717400 34742.000000 156.224915 34555.500000
1581.319100 34619.000000 144.974945 34565.496094
1582.919100 34940.000000 134.248154 34575.402344
1584.518700 34602.000000 124.830872 34586.214844
1586.116600 34718.000000 116.606384 34598.386719
1587.714500 34572.000000 110.111160 34611.976562
1589.310500 34827.000000 102.512733 34624.312500
1590.906300 34690.000000 95.328529 34636.351562
1592.501800 34578.000000 89.145706 34649.113281
1594.095700 34655.000000 84.435677 34662.496094
1595.687900 34694.000000 79.354195 34675.042969
1597.279700 34665.000000 73.580902 34686.910156
1598.869900 34597.000000 68.061066 34697.890625
1600.459700 34722.000000 63.258991 34708.281250
1602.048100 34699.000000 59.530407 34718.296875
1603.636000 34639.000000 55.958221 34727.800781
1605.223900 34826.000000 52.964581 34738.109375
1606.809800 34590.000000 50.121613 34749.882812
1608.394200 34698.000000 47.124851 34762.871094
1609.978300 34683.000000 44.624027 34776.882812
1611.560700 34774.000000 42.661591 34791.343750
1613.142900 35020.000000 41.343719 34804.949219
1614.724700 34985.000000 40.007874 34818.230469
1616.304900 34923.000000 39.262230 34831.132812
1617.883500 35050.000000 38.481213 34844.191406
1619.461800 34909.000000 37.459064 34857.839844
1621.038300 34959.000000 35.838097 34871.058594
1622.614700 35039.000000 34.283058 34884.203125
1624.190800 34847.000000 32.659634 34895.140625
1625.765300 34954.000000 31.057148 34903.312500
1627.337900 35133.000000 29.298462 34909.933594
1628.910400 34955.000000 27.734903 34916.558594
1630.482700 35171.000000 26.496754 34922.457031
1632.053200 35039.000000 25.088285 34928.117188
1633.622100 35031.000000 23.640745 34933.085938
1635.190600 35083.000000 22.180119 34937.351562
1636.759000 35119.000000 20.923279 34941.312500
1638.325700 35177.000000 20.082569 34944.230469
1639.890700 35150.000000 19.475756 34946.480469
1641.455400 35066.000000 18.679136 34947.796875
1643.019900 35027.000000 17.705616 34948.144531
1644.582800 34937.000000 16.473469 34947.261719
1646.143900 34885.000000 15.323854 34945.382812
1647.704700 35092.000000 14.326393 34941.597656
1649.265500 34923.000000 13.738782 34934.851562
1650.824500 34924.000000 13.352544 34924.925781
1652.381600 34942.000000 13.323416 34913.792969
1653.938700 34971.000000 13.354497 34900.191406
1655.495500 34818.000000 13.298871 34884.179688
1657.050700 34947.000000 13.070180 34864.160156
1658.604100 34805.000000 12.804968 34843.937500
1660.157200 34922.000000 12.644387 34821.605469
1661.710200 34980.000000 12.592362 34796.386719
1663.261500 34703.000000 12.751268 34768.621094
1664.811200 34780.000000 12.866483 34740.031250
1666.361900 34620.000000 12.911448 34711.117188
1667.909700 34650.000000 12.965294 34682.011719
1669.457200 34799.000000 12.836599 34651.492188
1671.004300 34451.000000 12.646917 34619.738281
1672.549900 34466.000000 12.361734 34586.144531
1674.093600 34343.000000 12.078315 34551.867188
1675.637300 34491.000000 11.727303 34517.085938
1677.180800 34398.000000 11.307161 34481.695312
1678.722400 34546.000000 11.254228 34444.574219
1680.263900 34399.000000 11.438936 34407.441406
1681.803700 34221.000000 11.630399 34370.609375
1683.341800 34591.000000 11.699877 34332.949219
1684.881200 34231.000000 12.125083 34295.164062
1686.417500 34231.000000 12.284294 34258.203125
1687.953400 34125.000000 12.201529 34221.886719
1689.489100 34244.000000 11.947733 34185.460938
1691.023200 34205.000000 11.577682 34148.949219
1692.557100 34146.000000 11.096947 34111.851562
1694.089200 33982.000000 10.424717 34075.066406
1695.619800 33937.000000 9.833522 34039.468750
1697.151500 33931.000000 9.531786 34004.296875
1698.680200 33999.000000 9.196055 33969.324219
1700.208500 33829.000000 9.009522 33935.375000
1701.736600 33600.000000 8.992719 33902.105469
1703.263100 33942.000000 8.798039 33868.589844
1704.789300 33784.000000 8.609134 33834.507812
1706.314000 33919.000000 8.415916 33798.597656
1707.838100 33893.000000 8.261996 33762.367188
1709.361000 33711.000000 8.327826 33725.925781
1710.883300 33671.000000 8.375116 33689.945312
1712.404100 33791.000000 8.292498 33652.265625
1713.923100 33647.000000 8.306981 33614.812500
1715.443500 33710.000000 8.267381 33576.355469
1716.960700 33433.000000 8.259508 33537.808594
1718.479100 33716.000000 8.087808 33498.066406
1719.994500 33612.000000 7.918590 33459.527344
1721.509600 33401.000000 7.819865 33422.726562
1723.024400 33133.000000 7.751792 33387.480469
1724.537600 33313.000000 7.800884 33352.351562
1726.050700 33377.000000 7.828254 33318.300781
1727.561900 33384.000000 7.840675 33284.875000
1729.073000 33443.000000 7.775823 33250.039062
1730.582400 33235.000000 7.605438 33214.117188
1732.091700 33367.000000 7.460478 33178.425781
1733.599200 33202.000000 7.673068 33142.847656
1735.106600 33379.000000 7.881407 33108.039062
1736.612100 32895.000000 7.873987 33075.855469
1738.117600 32943.000000 7.860847 33043.957031
1739.621300 33025.000000 7.746918 33010.816406
1741.125000 32883.000000 7.659961 32976.457031
1742.626800 32788.000000 7.575883 32941.648438
1744.128400 32674.000000 7.506445 32908.652344
1745.628500 32949.000000 7.430306 32877.683594
1747.128300 32845.000000 7.449136 32847.226562
1748.626300 32800.000000 7.537052 32819.320312
1750.124300 32867.000000 7.700892 32791.507812
1751.620500 32816.000000 7.813257 32763.851562
1753.116600 32560.000000 7.906238 32737.804688
1754.612400 32763.000000 7.886125 32712.537109
1756.105100 32711.000000 7.803750 32687.339844
1757.599100 32733.000000 7.727340 32663.455078
1759.091300 32704.000000 7.609042 32638.488281
1760.582000 32678.000000 7.445641 32612.320312
1762.072400 32692.000000 7.313636 32586.794922
1763.561000 32547.000000 7.200119 32561.085938
1765.049600 32403.000000 7.153300 32537.992188
1766.536500 32584.000000 7.245850 32515.541016
1768.023200 32499.000000 7.475640 32492.904297
1769.508100 32477.000000 7.783447 32470.000000
1770.992900 32300.000000 8.057306 32446.884766
1772.477500 32385.000000 7.988479 32422.935547
1773.959000 32347.000000 7.767680 32399.396484
1775.441700 32299.000000 7.395933 32376.013672
1776.922700 32159.000000 6.988128 32354.181641
1778.402100 32533.000000 6.734605 32331.832031
1779.881300 32288.000000 6.747047 32310.802734
1781.358900 32283.000000 6.616479 32290.466797
1782.836200 32176.000000 6.489479 32272.277344
1784.311900 32466.000000 6.336480 32253.835938
1785.787400 32376.000000 6.304828 32235.867188
1787.262600 32176.000000 6.391344 32218.945312
1788.736200 32088.000000 6.488402 32202.060547
1790.208300 32195.000000 6.598535 32183.988281
1791.679800 32377.000000 6.685231 32164.482422
1793.150000 32196.000000 6.711111 32144.511719
1794.619900 32363.000000 6.703577 32126.009766
1796.089600 32214.000000 6.565874 32108.894531
1797.557600 32050.000000 6.363091 32092.277344
1799.023900 31948.000000 6.184075 32074.908203
1800.490100 32107.000000 6.008708 32056.179688
1801.954600 32037.000000 6.008994 32038.023438
1803.418900 32166.000000 6.060018 32019.287109
1804.883100 31723.000000 6.217425 32002.271484
1806.345500 32158.000000 6.327081 31985.400391
1807.806400 31973.000000 6.378708 31967.533203
1809.266800 31872.000000 6.340571 31949.025391
1810.727400 31769.000000 6.328620 31933.390625
1812.186000 31983.000000 6.215885 31918.515625
1813.643300 31953.000000 6.110909 31903.328125
1815.100100 32011.000000 6.091003 31887.830078
1816.556800 31691.000000 6.090141 31875.214844
1818.010400 31804.000000 6.002895 31863.169922
1819.465300 31852.000000 6.007709 31850.722656
1820.918500 32077.000000 5.936771 31838.802734
1822.370100 31725.000000 5.825916 31829.445312
1823.821400 31955.000000 5.795653 31821.949219
1825.272600 31804.000000 5.542832 31814.669922
1826.722200 31826.000000 5.313045 31807.201172
1828.169900 31833.000000 5.031106 31799.830078
1829.617600 31721.000000 4.846986 31791.847656
1831.065200 31728.000000 4.654596 31783.099609
1832.511000 31682.000000 4.560715 31774.695312
1833.956500 31649.000000 4.414238 31766.736328
1835.400500 31799.000000 4.249431 31759.167969
1836.842900 32053.000000 4.223595 31752.673828
1838.285200 31762.000000 4.397349 31747.787109
1839.727100 31611.000000 4.597980 31745.785156
1841.167400 31697.000000 4.760833 31743.525391
1842.606100 31587.000000 4.759732 31737.802734
1844.044400 31656.000000 4.829496 31732.267578
1845.482800 31623.000000 4.948049 31727.943359
1846.919400 31542.000000 5.128205 31722.345703
1848.356000 31546.000000 5.255868 31716.529297
1849.790800 31671.000000 5.400232 31711.312500
1851.224000 31683.000000 5.550942 31705.630859
1852.656900 31465.000000 5.547095 31702.007812
1854.089700 31656.000000 5.434052 31700.156250
1855.520800 31761.000000 5.346192 31697.800781
1856.951800 31461.000000 5.167783 31697.583984
1858.381100 31602.000000 4.922161 31700.156250
1859.808700 31795.000000 4.655187 31705.681641
1861.236300 31907.000000 4.552125 31712.082031
1862.663500 31693.000000 4.596804 31720.580078
1864.089100 31513.000000 4.565529 31730.029297
1865.514600 31710.000000 4.462459 31739.308594
1866.938500 31744.000000 4.347746 31745.933594
1868.360700 31814.000000 4.251796 31752.492188
1869.784200 31773.000000 4.426081 31759.437500
1871.204500 31764.000000 4.521220 31764.205078
1872.624600 31486.000000 4.622767 31770.603516
1874.044700 31971.000000 4.487141 31777.449219
1875.463000 31838.000000 4.371966 31782.500000
1876.881200 31868.000000 4.244861 31787.619141
1878.297700 31830.000000 4.290132 31791.197266
1879.714100 31758.000000 4.381681 31793.134766
1881.128800 31727.000000 4.420880 31793.503906
1882.541900 31975.000000 4.488414 31794.453125
1883.956200 32006.000000 4.622329 31793.025391
1885.367400 31980.000000 4.818922 31792.130859
1886.778600 31983.000000 4.956863 31790.671875
1888.189500 32116.000000 4.538312 31789.208984
