Raman_Shift Original_Spectrum Predicted_Raman Predicted_Baseline
294.894650 34778.000000 12.485034 34773.000000
297.232540 34737.000000 11.769616 34773.074219
299.568300 34755.000000 11.099813 34777.593750
301.905240 34877.000000 10.756939 34779.539062
304.238400 34941.000000 10.842436 34780.769531
306.571040 34763.000000 11.182651 34782.121094
308.903260 35099.000000 11.708858 34784.718750
311.233340 34925.000000 12.501309 34787.554688
313.562930 34727.000000 13.440201 34792.156250
315.890440 34935.000000 14.414258 34799.058594
318.215790 34711.000000 15.292111 34808.851562
320.540680 34586.000000 16.177395 34822.738281
322.865110 34708.000000 16.888021 34839.035156
325.187410 34625.000000 19.474094 34858.203125
327.509250 34869.000000 23.073626 34883.039062
329.828920 34861.000000 27.283207 34914.753906
332.148160 34844.000000 31.096161 34948.773438
334.465270 35118.000000 39.015320 34985.644531
336.781950 35023.000000 48.602562 35023.574219
339.096470 35007.000000 61.534492 35061.437500
341.408870 35056.000000 75.778206 35100.488281
343.722530 35144.000000 90.228531 35140.929688
346.032350 35306.000000 105.209312 35183.429688
348.341740 35310.000000 122.113998 35227.058594
350.650670 35515.000000 139.407089 35271.191406
352.957460 35402.000000 165.092270 35315.679688
355.263760 35634.000000 190.482559 35362.011719
357.568020 35484.000000 212.747314 35410.171875
359.871800 35696.000000 233.248077 35460.265625
362.173430 35629.000000 247.286285 35511.980469
364.474640 35794.000000 257.535217 35562.187500
366.773710 35791.000000 266.028992 35610.542969
369.072360 35649.000000 268.072937 35656.851562
371.368870 35781.000000 269.583344 35701.082031
373.664920 35668.000000 272.535583 35742.617188
375.958890 35888.000000 273.640869 35781.765625
378.252380 35890.000000 275.238983 35818.820312
380.543790 36096.000000 275.710266 35854.078125
382.834750 36071.000000 272.929993 35886.585938
385.123570 36106.000000 264.026184 35916.589844
387.411960 36133.000000 254.936646 35944.187500
389.698210 36190.000000 238.841354 35969.738281
391.984070 36364.000000 214.156342 35993.855469
394.267790 36139.000000 186.429001 36017.023438
396.551060 36217.000000 160.686340 36039.175781
398.832210 36195.000000 137.569427 36060.382812
401.112950 36205.000000 116.894333 36079.996094
403.391570 36392.000000 96.830124 36098.207031
405.669770 36394.000000 85.431419 36115.574219
407.945860 36381.000000 75.714615 36131.769531
410.221470 36276.000000 65.653351 36146.417969
412.495030 36378.000000 54.012402 36160.054688
414.768100 36314.000000 49.677124 36173.730469
417.039090 36329.000000 46.407051 36187.835938
419.309630 36097.000000 44.431240 36202.046875
421.579740 36179.000000 43.041092 36216.242188
423.846100 36275.000000 41.242039 36229.664062
426.113680 36207.000000 39.660789 36241.984375
428.377470 36371.000000 37.472267 36253.433594
430.642520 36263.000000 33.639114 36264.226562
432.905460 36315.000000 33.098343 36273.648438
435.166320 36395.000000 31.844898 36282.136719
437.426700 36273.000000 31.036566 36289.339844
439.685060 36376.000000 30.574133 36295.570312
441.942900 36348.000000 31.378077 36301.179688
444.198730 36485.000000 31.470654 36306.007812
446.454070 36440.000000 30.880508 36309.589844
448.708980 36291.000000 30.376637 36311.773438
450.961820 36426.000000 30.045101 36313.460938
453.212550 36341.000000 30.669785 36314.210938
455.462890 36418.000000 31.410070 36314.894531
457.711120 36460.000000 31.970982 36315.062500
459.958920 36341.000000 32.189369 36314.316406
462.204590 36514.000000 32.087082 36312.890625
464.449890 36410.000000 31.987787 36310.718750
466.694760 36514.000000 32.395802 36307.656250
468.937500 36254.000000 32.772316 36304.214844
471.178160 36423.000000 33.671032 36300.382812
473.418460 36298.000000 34.639397 36296.406250
475.656620 36280.000000 36.012421 36291.460938
477.894380 36530.000000 38.231209 36285.429688
480.131680 36297.000000 42.834755 36277.558594
482.366910 36286.000000 47.953171 36266.882812
484.600040 36378.000000 53.804218 36253.449219
486.832790 36284.000000 61.316090 36237.531250
489.063450 36593.000000 69.784698 36218.664062
491.293670 36325.000000 79.756531 36195.039062
493.523500 36320.000000 94.181328 36166.433594
495.751190 36397.000000 116.067627 36135.449219
497.976840 36473.000000 143.876709 36102.550781
500.202090 36352.000000 178.467865 36067.371094
502.426910 36244.000000 222.113449 36029.945312
504.649660 36330.000000 279.037140 35988.960938
506.870270 36320.000000 347.713928 35944.589844
509.090550 36099.000000 430.601807 35897.234375
511.310360 36383.000000 524.883911 35847.648438
513.528140 36475.000000 600.780640 35798.167969
515.743770 36250.000000 615.192017 35747.585938
517.959110 36258.000000 543.979736 35695.640625
520.173890 36220.000000 420.339752 35643.535156
522.386660 35860.000000 308.002380 35592.066406
524.597410 35773.000000 228.959717 35542.027344
526.807740 35498.000000 175.171127 35495.492188
529.017580 35669.000000 138.640152 35453.164062
531.225400 35586.000000 112.865196 35412.667969
533.431210 35351.000000 96.513145 35374.480469
535.636470 35370.000000 84.507317 35340.492188
537.841430 35252.000000 75.536552 35309.917969
540.044310 35292.000000 71.094368 35281.496094
542.245120 35467.000000 68.818245 35256.160156
544.445500 35527.000000 67.832664 35234.726562
546.645450 35212.000000 67.391449 35216.941406
548.843380 35163.000000 66.307724 35199.289062
551.040830 35242.000000 67.145584 35181.128906
553.236330 35258.000000 69.419449 35163.378906
555.429690 35393.000000 74.225143 35146.640625
557.622680 35202.000000 81.200790 35130.968750
559.815250 35179.000000 90.498611 35116.652344
562.005800 35276.000000 104.884140 35103.648438
564.195920 35022.000000 128.922653 35092.152344
566.383910 35383.000000 165.519867 35081.519531
568.569950 35371.000000 224.342377 35071.121094
570.755550 35409.000000 296.663391 35061.335938
572.940730 35478.000000 328.585236 35052.601562
575.123900 35322.000000 286.205750 35043.683594
577.306640 35207.000000 214.128174 35035.238281
579.487300 35196.000000 158.667633 35026.882812
581.665950 35087.000000 127.218201 35018.550781
583.844120 35268.000000 109.575943 35010.574219
586.021970 35071.000000 100.083992 35002.832031
588.197750 35089.000000 96.966263 34995.035156
590.373170 35187.000000 95.845215 34986.808594
592.546450 35134.000000 94.793938 34977.468750
594.719420 34891.000000 95.455223 34966.835938
596.890260 35184.000000 97.510017 34957.281250
599.059140 34871.000000 100.851585 34947.640625
601.229190 34746.000000 104.501625 34939.101562
603.395570 34984.000000 112.903458 34931.210938
605.561580 34975.000000 121.486389 34921.656250
607.727170 35053.000000 131.292877 34910.109375
609.890750 35141.000000 141.507950 34898.195312
612.053960 35001.000000 151.940567 34885.746094
614.215030 34985.000000 165.908447 34874.925781
616.375790 35051.000000 182.392181 34864.375000
618.534480 34861.000000 203.300079 34853.539062
620.692750 34980.000000 229.174530 34842.359375
622.849000 35161.000000 256.767944 34829.695312
625.004820 34900.000000 288.907776 34815.953125
627.158750 35140.000000 327.862854 34801.757812
629.310490 35123.000000 376.707703 34787.175781
631.463560 35346.000000 439.279724 34772.140625
633.612920 35038.000000 521.248413 34756.652344
635.763490 35327.000000 633.348511 34741.664062
637.910460 35282.000000 777.754456 34727.500000
640.058650 35579.000000 971.171692 34712.710938
642.203190 35909.000000 1222.974731 34698.042969
644.348880 36319.000000 1550.984131 34683.816406
646.491030 36695.000000 1931.664673 34671.742188
648.634400 36852.000000 2355.966309 34661.234375
650.774050 37448.000000 2778.400879 34651.792969
652.914980 37691.000000 3126.523926 34643.566406
655.052250 37963.000000 3249.956543 34635.273438
657.190730 37706.000000 3048.075684 34628.003906
659.325620 37153.000000 2630.212402 34622.515625
661.461730 36789.000000 2167.256348 34619.140625
663.594180 36366.000000 1758.967163 34616.937500
665.727910 36024.000000 1425.325562 34614.578125
667.857910 35805.000000 1176.218384 34612.671875
669.989200 35567.000000 982.173950 34612.410156
672.118470 35498.000000 827.252258 34613.171875
674.245670 35140.000000 699.711548 34613.824219
676.372560 35362.000000 599.717163 34613.667969
678.497380 35231.000000 522.314270 34613.000000
680.621830 35314.000000 459.500916 34612.164062
682.744320 35008.000000 411.091125 34611.539062
684.866390 34900.000000 372.165558 34610.402344
686.986450 34994.000000 345.232056 34608.753906
689.106080 34903.000000 328.679749 34606.371094
691.223750 34796.000000 315.585999 34604.808594
693.341000 34823.000000 306.219696 34603.300781
695.457820 34912.000000 304.683960 34602.355469
697.571110 34957.000000 308.429535 34601.828125
699.685610 34687.000000 319.082825 34601.429688
701.798100 34886.000000 335.441498 34600.808594
703.908570 34983.000000 356.715271 34599.937500
706.018620 35030.000000 379.763062 34598.363281
708.126770 34856.000000 406.158447 34597.480469
710.234380 34911.000000 425.215027 34597.441406
712.340150 34998.000000 424.376068 34597.781250
714.445430 34964.000000 406.645935 34598.851562
716.550350 34858.000000 369.997070 34601.179688
718.653260 34833.000000 324.792358 34604.625000
720.754270 34903.000000 282.772156 34607.574219
722.854800 34863.000000 246.160324 34610.375000
724.953370 34679.000000 216.081177 34613.671875
727.051570 34702.000000 189.891830 34616.929688
729.149350 34618.000000 165.799072 34619.875000
731.243530 34626.000000 145.233688 34622.457031
733.338990 34858.000000 127.879356 34622.343750
735.432370 34793.000000 112.725388 34619.773438
737.523800 34746.000000 102.706619 34616.734375
739.614870 34768.000000 93.322365 34613.437500
741.705570 34587.000000 86.119156 34611.632812
743.792600 34493.000000 80.940987 34610.472656
745.880920 34422.000000 76.692154 34609.355469
747.967220 34582.000000 73.228477 34608.363281
750.051570 34594.000000 70.276550 34606.554688
752.135500 34523.000000 67.643616 34603.738281
754.219120 34706.000000 65.146210 34601.429688
756.300720 34702.000000 61.737591 34599.312500
758.380310 34611.000000 58.175343 34597.421875
760.459530 34623.000000 54.031574 34594.683594
762.538390 34359.000000 51.284107 34591.054688
764.615300 34666.000000 48.455128 34586.828125
766.690190 34793.000000 45.646252 34582.703125
768.764710 34526.000000 42.953503 34578.203125
770.838810 34710.000000 40.582451 34574.429688
772.909360 34603.000000 38.217529 34570.613281
774.981140 34634.000000 36.236671 34566.250000
777.050960 34686.000000 35.115482 34561.835938
779.120420 34843.000000 35.089001 34557.781250
781.187870 34628.000000 35.346966 34553.996094
783.253420 34659.000000 35.769165 34550.847656
785.318480 34599.000000 35.944813 34547.613281
787.383240 34621.000000 34.624977 34544.531250
789.445980 34513.000000 33.811710 34541.160156
791.506770 34519.000000 33.320232 34537.707031
793.567260 34673.000000 32.742836 34533.632812
795.627260 34812.000000 32.302643 34528.953125
797.685360 34556.000000 32.573830 34523.890625
799.741520 34608.000000 33.136681 34517.667969
801.797240 34569.000000 33.479832 34509.460938
803.852600 34573.000000 32.748413 34501.570312
805.906010 34231.000000 32.043140 34494.019531
807.959050 34720.000000 31.432209 34486.632812
810.010130 34480.000000 30.868687 34477.425781
812.059200 34340.000000 30.163982 34465.863281
814.107970 34608.000000 29.278503 34452.566406
816.156370 34613.000000 28.555231 34438.492188
818.202760 34479.000000 27.931707 34422.980469
820.247190 34428.000000 27.355844 34406.488281
822.292850 34447.000000 26.635351 34389.289062
824.335020 34448.000000 25.940948 34371.140625
826.376770 34530.000000 25.375893 34352.351562
828.418090 34337.000000 24.610453 34333.183594
830.457520 34247.000000 24.019402 34313.359375
832.496640 34326.000000 23.439816 34291.843750
834.533690 34402.000000 23.037712 34268.636719
836.568910 34128.000000 23.071163 34244.367188
838.603700 34207.000000 23.050884 34218.820312
840.638060 34175.000000 23.063761 34191.949219
842.670530 34227.000000 23.395170 34164.300781
844.702640 34005.000000 23.243336 34135.859375
846.732790 34216.000000 22.694338 34106.410156
848.762570 34143.000000 21.642399 34075.890625
850.790470 33954.000000 20.586485 34044.367188
852.816350 34077.000000 20.299065 34012.332031
854.843440 33986.000000 19.281416 33979.441406
856.867070 34096.000000 18.355330 33945.398438
858.890200 34106.000000 17.674261 33909.992188
860.913150 33906.000000 17.098969 33874.136719
862.934020 33682.000000 16.508923 33837.156250
864.954530 33699.000000 16.158735 33798.101562
866.973140 33703.000000 16.144411 33756.984375
868.991390 33502.000000 16.334370 33714.281250
871.007690 33976.000000 16.506016 33671.003906
873.023620 33762.000000 16.696239 33627.046875
875.037660 33535.000000 16.879408 33582.421875
877.051270 33599.000000 16.999088 33536.472656
879.062990 33538.000000 17.105194 33488.632812
881.074340 33482.000000 17.314638 33439.062500
883.083740 33509.000000 17.643906 33387.285156
885.092770 33676.000000 17.916523 33334.367188
887.099850 33409.000000 18.350895 33280.015625
889.104980 33532.000000 18.810368 33225.093750
891.111450 33071.000000 19.482265 33168.382812
893.114260 33167.000000 19.847218 33109.785156
895.118410 33285.000000 19.930235 33049.886719
897.119020 33198.000000 19.623209 32989.710938
899.120790 33122.000000 19.352285 32929.429688
901.119080 33029.000000 19.388828 32869.218750
903.118650 32892.000000 19.853609 32808.425781
905.114620 32917.000000 20.435633 32747.990234
907.111880 32743.000000 21.025352 32688.316406
909.107180 32565.000000 21.945723 32628.150391
911.100520 32839.000000 22.925262 32567.492188
913.093630 32350.000000 23.856890 32506.640625
915.084660 32342.000000 24.656780 32447.187500
917.075380 32557.000000 24.984634 32387.927734
919.064210 32433.000000 25.534590 32328.156250
921.052730 32043.000000 26.110027 32268.527344
923.039310 32324.000000 26.848240 32209.003906
925.025450 32115.000000 27.600037 32151.140625
927.009770 31983.000000 28.688345 32095.296875
928.993650 32107.000000 29.903467 32039.660156
930.975590 32085.000000 31.457850 31984.964844
932.957280 31794.000000 32.903099 31931.093750
934.937010 31951.000000 34.052052 31877.816406
936.916380 31947.000000 35.296825 31826.759766
938.895390 31875.000000 37.380043 31779.005859
940.870970 31713.000000 39.545647 31732.728516
942.847660 31599.000000 41.989544 31687.949219
944.822510 31725.000000 45.320950 31644.478516
946.795470 31583.000000 50.446148 31602.859375
948.768010 31495.000000 56.917595 31563.521484
950.738710 31507.000000 66.845581 31526.712891
952.708980 31449.000000 80.491989 31491.164062
954.677310 31509.000000 100.566620 31456.781250
956.645390 31628.000000 128.451218 31422.021484
958.613160 31592.000000 166.624786 31386.767578
960.578920 31619.000000 220.391678 31352.699219
962.542720 31723.000000 287.631531 31319.490234
964.506290 31576.000000 371.692902 31288.050781
966.467960 31690.000000 467.064850 31258.605469
968.429260 31802.000000 547.459351 31230.433594
970.390140 31766.000000 577.004517 31203.164062
972.347660 31711.000000 535.236145 31175.326172
974.306270 31614.000000 445.972107 31146.988281
976.263060 31496.000000 348.704407 31119.128906
978.218020 31252.000000 266.430511 31090.359375
980.172490 31114.000000 204.591400 31063.039062
982.125120 31113.000000 160.449799 31038.515625
984.077390 31334.000000 128.155182 31016.470703
986.029360 31134.000000 104.056824 30996.302734
987.979370 30969.000000 85.884315 30977.875000
989.927490 31114.000000 72.613708 30960.011719
991.875310 31064.000000 62.631989 30943.464844
993.822750 31032.000000 55.183327 30929.013672
995.768370 31001.000000 49.653648 30914.960938
997.711980 31016.000000 45.483662 30900.080078
999.655270 30782.000000 42.673561 30885.978516
1001.596700 30940.000000 40.154991 30872.644531
1003.537700 30936.000000 37.748177 30860.402344
1005.478600 30662.000000 36.066010 30849.558594
1007.417400 30966.000000 34.716240 30840.107422
1009.354300 31104.000000 33.599983 30830.812500
1011.291000 30893.000000 32.947823 30821.396484
1013.227200 30771.000000 31.942236 30810.623047
1015.161600 30868.000000 31.085110 30800.443359
1017.094100 30769.000000 30.614914 30791.322266
1019.026200 30840.000000 30.184414 30784.205078
1020.958000 30862.000000 29.799835 30777.761719
1022.888000 30631.000000 29.745132 30771.109375
1024.816000 30809.000000 29.398733 30764.458984
1026.743800 30632.000000 29.335445 30758.062500
1028.671100 30622.000000 29.760660 30752.146484
1030.596600 30651.000000 30.419170 30747.486328
1032.521700 30787.000000 31.451511 30743.076172
1034.444900 30830.000000 32.337746 30739.626953
1036.366300 31059.000000 33.722504 30737.166016
1038.287400 30917.000000 35.084801 30735.203125
1040.208100 30783.000000 36.535362 30733.833984
1042.127000 30760.000000 38.257046 30732.291016
1044.043800 30773.000000 42.550308 30731.107422
1045.960400 30818.000000 48.145164 30728.476562
1047.876700 30907.000000 55.505257 30723.828125
1049.791000 30723.000000 64.489609 30717.718750
1051.705100 30910.000000 75.873398 30711.218750
1053.617300 30874.000000 88.702972 30703.708984
1055.527600 30791.000000 104.167282 30694.548828
1057.437500 30651.000000 120.886452 30685.494141
1059.347300 30978.000000 141.274185 30676.296875
1061.255000 30777.000000 165.347931 30666.894531
1063.162500 30704.000000 191.746262 30658.648438
1065.068000 30837.000000 219.506927 30650.306641
1066.971700 30911.000000 247.690704 30642.134766
1068.875000 30916.000000 273.213043 30632.849609
1070.778100 31029.000000 290.170074 30623.351562
1072.679200 31027.000000 293.207581 30613.458984
1074.580000 30872.000000 281.499359 30604.714844
1076.479000 30864.000000 258.262665 30595.123047
1078.377600 30711.000000 230.762894 30584.451172
1080.274400 30943.000000 202.611832 30572.966797
1082.169200 30896.000000 179.411362 30560.820312
1084.065300 30749.000000 157.948853 30549.816406
1085.958000 30554.000000 138.990051 30539.906250
1087.850300 30504.000000 120.901711 30529.390625
1089.742400 30588.000000 105.913597 30519.396484
1091.632600 30651.000000 92.801933 30509.662109
1093.522500 30641.000000 81.889374 30502.140625
1095.410400 30613.000000 75.548401 30495.458984
1097.298100 30717.000000 71.066856 30489.869141
1099.183800 30496.000000 67.691269 30486.564453
1101.069300 30576.000000 64.632172 30485.916016
1102.952900 30423.000000 60.237480 30484.779297
1104.834600 30427.000000 57.533356 30484.566406
1106.717700 30666.000000 56.021809 30485.019531
1108.597200 30612.000000 54.308327 30487.263672
1110.477900 30319.000000 52.305000 30489.019531
1112.355300 30514.000000 49.672619 30490.648438
1114.232300 30439.000000 46.873474 30492.634766
1116.109100 30550.000000 44.098938 30492.787109
1117.984000 30593.000000 43.765335 30492.722656
1119.858500 30301.000000 43.558849 30492.048828
1121.731300 30612.000000 43.761623 30490.986328
1123.603600 30482.000000 44.612839 30490.316406
1125.474100 30621.000000 45.326897 30489.912109
1127.344400 30671.000000 45.671627 30488.314453
1129.212600 30550.000000 45.845001 30487.662109
1131.080700 30598.000000 46.245728 30487.365234
1132.946900 30437.000000 48.026768 30488.732422
1134.812700 30394.000000 51.700958 30491.466797
1136.676800 30479.000000 55.917107 30495.931641
1138.540400 30403.000000 60.904869 30503.550781
1140.402300 30741.000000 66.608521 30512.476562
1142.263800 30476.000000 74.006210 30524.017578
1144.123400 30906.000000 83.312462 30535.722656
1145.982800 30611.000000 94.465889 30547.068359
1147.841800 30622.000000 107.679199 30559.417969
1149.697500 31010.000000 126.099380 30572.201172
1151.554400 30815.000000 148.196136 30584.712891
1153.407800 30751.000000 174.292038 30598.927734
1155.262600 30947.000000 205.774384 30613.080078
1157.115500 31015.000000 240.749542 30627.732422
1158.966400 30864.000000 274.945587 30642.308594
1160.817100 30968.000000 300.377380 30656.533203
1162.666000 31142.000000 311.667419 30669.966797
1164.514500 31023.000000 307.873108 30684.128906
1166.361300 30967.000000 293.709412 30699.332031
1168.207600 31143.000000 274.393036 30714.394531
1170.052200 30891.000000 256.802063 30730.367188
1171.896500 30973.000000 247.332962 30745.535156
1173.740400 31007.000000 246.038986 30760.607422
1175.580900 30939.000000 252.661133 30776.873047
1177.422900 31176.000000 264.119354 30793.142578
1179.262700 31206.000000 283.506592 30809.058594
1181.100700 31098.000000 313.970520 30825.595703
1182.938600 31207.000000 358.876617 30842.160156
1184.774500 31180.000000 418.675842 30860.412109
1186.610200 31473.000000 498.100159 30880.554688
1188.444000 31258.000000 596.243103 30898.425781
1190.277500 31784.000000 713.900757 30915.376953
1192.110700 31882.000000 834.371704 30932.554688
1193.942000 31958.000000 939.664429 30949.976562
1195.771600 31970.000000 1013.764038 30967.470703
1197.600700 31936.000000 1049.340210 30984.935547
1199.428100 31943.000000 1042.985718 31002.582031
1201.255200 32052.000000 996.996765 31020.492188
1203.082000 32111.000000 918.469421 31037.945312
1204.907000 31950.000000 811.123779 31055.525391
1206.730100 31808.000000 699.564941 31073.986328
1208.552900 31671.000000 609.651733 31094.337891
1210.373900 31721.000000 547.870361 31116.285156
1212.194600 31566.000000 513.909607 31138.640625
1214.015000 31775.000000 506.359863 31160.861328
1215.833500 31678.000000 527.542236 31182.673828
1217.650300 31787.000000 579.789429 31204.753906
1219.466700 32007.000000 666.195374 31228.519531
1221.281300 32005.000000 786.402344 31252.626953
1223.095600 32249.000000 935.807129 31276.765625
1224.909500 32519.000000 1101.324707 31301.109375
1226.721700 32655.000000 1246.251221 31326.148438
1228.532000 32526.000000 1332.411377 31351.312500
1230.342000 32713.000000 1325.503784 31375.685547
1232.151700 32638.000000 1224.951172 31402.628906
1233.959700 32553.000000 1058.887207 31431.238281
1235.765900 32462.000000 875.180664 31460.880859
1237.571700 32242.000000 710.377441 31491.123047
1239.377100 32147.000000 579.982544 31522.072266
1241.180800 32045.000000 487.467682 31552.812500
1242.982700 31922.000000 431.543854 31582.449219
1244.784200 31943.000000 400.455933 31610.683594
1246.585300 31961.000000 389.946014 31638.880859
1248.384900 31966.000000 397.669525 31665.621094
1250.182500 32002.000000 420.425446 31691.882812
1251.979700 32181.000000 457.395172 31719.230469
1253.776900 32603.000000 516.630005 31749.289062
1255.572000 32503.000000 596.048279 31781.142578
1257.365500 32363.000000 698.783813 31814.660156
1259.160000 32650.000000 844.098755 31851.144531
1260.951300 32927.000000 1043.895020 31892.326172
1262.742300 33172.000000 1305.685303 31936.490234
1264.533100 33592.000000 1631.727173 31979.263672
1266.322000 34140.000000 2009.421875 32019.712891
1268.109000 34179.000000 2412.831543 32058.097656
1269.895800 34850.000000 2749.261475 32098.195312
1271.682400 34983.000000 2876.494141 32135.386719
1273.466900 35010.000000 2712.637451 32170.933594
1275.251500 34574.000000 2334.163086 32207.673828
1277.033900 34072.000000 1900.319336 32243.898438
1278.814700 33796.000000 1502.080200 32284.591797
1280.595200 33637.000000 1176.888428 32328.263672
1282.375400 33309.000000 920.515503 32373.322266
1284.153800 33033.000000 728.847046 32420.070312
1285.931900 33076.000000 581.482605 32469.494141
1287.708100 33056.000000 472.816223 32520.794922
1289.482500 32954.000000 393.616638 32575.267578
1291.256800 32965.000000 336.679321 32631.990234
1293.030600 32890.000000 295.769196 32690.828125
1294.802900 33119.000000 262.644196 32750.730469
1296.574600 33197.000000 237.070282 32810.539062
1298.344600 33073.000000 217.696365 32867.593750
1300.114400 32889.000000 204.182495 32924.441406
1301.882300 33188.000000 195.270432 32980.796875
1303.648300 33259.000000 189.893463 33038.140625
1305.415800 33296.000000 187.195526 33095.664062
1307.179700 33302.000000 186.080399 33153.445312
1308.943500 33643.000000 186.967285 33210.785156
1310.707000 33489.000000 191.118256 33269.453125
1312.468600 33270.000000 199.210510 33329.269531
1314.230000 33674.000000 209.576859 33389.574219
1315.989500 33722.000000 227.569794 33450.292969
1317.748800 33938.000000 256.557251 33511.148438
1319.506200 33997.000000 301.079224 33571.460938
1321.263400 34091.000000 364.380920 33630.699219
1323.018900 33916.000000 453.262360 33688.066406
1324.774000 34346.000000 569.419067 33744.386719
1326.527300 34591.000000 712.516235 33799.300781
1328.278900 34839.000000 875.741333 33855.082031
1330.031700 34857.000000 1047.094849 33910.742188
1331.781100 35045.000000 1191.751587 33964.644531
1333.531900 35206.000000 1256.220703 34016.992188
1335.279300 35264.000000 1207.750122 34067.761719
1337.027800 35257.000000 1070.820068 34117.156250
1338.773200 35134.000000 895.733398 34165.625000
1340.518300 34848.000000 716.626526 34212.902344
1342.263100 34916.000000 561.201355 34258.691406
1344.006000 34545.000000 440.041504 34302.164062
1345.748700 34722.000000 352.369659 34343.632812
1347.489500 34664.000000 293.217987 34383.062500
1349.230200 34649.000000 251.176315 34421.007812
1350.969100 34455.000000 223.087601 34456.921875
1352.707500 34647.000000 205.491013 34491.476562
1354.445900 34727.000000 194.566528 34524.789062
1356.180900 34765.000000 189.257111 34557.816406
1357.917000 34793.000000 189.099075 34589.460938
1359.649900 34840.000000 194.703888 34617.226562
1361.384200 34855.000000 206.250885 34641.609375
1363.115000 34991.000000 228.878494 34664.542969
1364.847000 34848.000000 261.759613 34685.476562
1366.577400 34961.000000 310.336761 34702.546875
1368.305900 35005.000000 380.564514 34717.164062
1370.034300 35110.000000 480.845764 34730.027344
1371.760600 35624.000000 613.969238 34741.820312
1373.486900 35491.000000 781.030396 34751.691406
1375.211300 35610.000000 963.804199 34760.773438
1376.935400 35822.000000 1118.374756 34766.632812
1378.657800 36027.000000 1179.076416 34769.371094
1380.380000 35900.000000 1108.846802 34769.562500
1382.100200 35650.000000 945.273071 34767.945312
1383.820300 35504.000000 763.560242 34765.386719
1385.540200 35482.000000 597.308960 34761.679688
1387.256500 35148.000000 463.571625 34757.121094
1388.974200 35277.000000 361.982483 34751.972656
1390.690300 34952.000000 287.036072 34745.695312
1392.404400 35069.000000 233.036087 34738.937500
1394.118400 34948.000000 195.500458 34729.753906
1395.830400 34904.000000 167.803452 34718.625000
1397.542200 34958.000000 149.274872 34706.902344
1399.252300 35011.000000 134.137665 34695.156250
1400.962200 34716.000000 123.081520 34684.050781
1402.671800 34679.000000 113.975975 34674.277344
1404.379500 34791.000000 108.554260 34663.351562
1406.085600 34830.000000 103.236038 34651.222656
1407.791300 34730.000000 99.277206 34638.769531
1409.495200 34732.000000 97.535355 34627.582031
1411.199000 34910.000000 95.763962 34615.765625
1412.902500 34717.000000 95.885483 34602.757812
1414.604000 34869.000000 96.774628 34588.765625
1416.304000 34990.000000 97.477829 34574.515625
1418.003700 34726.000000 96.003281 34559.964844
1419.701500 34835.000000 94.293716 34545.679688
1421.399000 34567.000000 94.101395 34531.617188
1423.096400 34406.000000 94.452759 34517.582031
1424.792000 34601.000000 95.746788 34503.804688
1426.485700 34532.000000 98.475845 34489.730469
1428.179300 34533.000000 101.041519 34474.867188
1429.871100 34576.000000 105.358322 34459.812500
1431.562500 34627.000000 111.480057 34444.539062
1433.253900 34599.000000 120.377281 34429.640625
1434.943400 34543.000000 131.507187 34415.421875
1436.631000 34691.000000 146.227798 34402.089844
1438.318500 34535.000000 164.235870 34389.328125
1440.005600 34430.000000 187.421371 34376.769531
1441.691000 34399.000000 216.985931 34364.644531
1443.374800 34508.000000 253.985229 34352.812500
1445.058200 34762.000000 298.383148 34342.714844
1446.741300 34721.000000 355.004700 34334.273438
1448.422900 34776.000000 427.554626 34326.558594
1450.102400 34823.000000 519.437134 34319.652344
1451.781700 35060.000000 628.727417 34313.457031
1453.460900 35147.000000 759.632446 34308.777344
1455.138200 34886.000000 911.870117 34305.597656
1456.813800 35400.000000 1066.456787 34303.125000
1458.489100 35502.000000 1206.724731 34298.570312
1460.164300 35549.000000 1307.550293 34292.132812
1461.837600 35672.000000 1344.726074 34285.671875
1463.509200 35592.000000 1313.068359 34278.417969
1465.180500 35569.000000 1227.159180 34272.261719
1466.851600 35173.000000 1106.879395 34266.230469
1468.520900 34985.000000 975.147827 34262.375000
1470.189900 35200.000000 844.901001 34261.488281
1471.857200 35191.000000 724.670105 34260.832031
1473.522800 34804.000000 616.026367 34260.546875
1475.188100 34837.000000 520.940002 34260.683594
1476.853100 34470.000000 439.874176 34260.152344
1478.516500 34567.000000 371.524963 34259.742188
1480.178000 34716.000000 316.422638 34258.671875
1481.839200 34314.000000 270.998596 34256.285156
1483.500400 34553.000000 232.493561 34252.882812
1485.159700 34381.000000 204.375748 34249.683594
1486.818600 34510.000000 182.113388 34246.707031
1488.476000 34285.000000 164.260483 34244.484375
1490.131500 34448.000000 150.960419 34242.843750
1491.788300 34264.000000 141.472321 34242.085938
1493.441800 34329.000000 133.898880 34241.820312
1495.095100 34282.000000 127.980881 34241.414062
1496.748000 34297.000000 122.767868 34241.355469
1498.399400 34511.000000 119.302658 34240.582031
1500.050400 34356.000000 117.123245 34239.414062
1501.699700 34327.000000 116.457481 34236.988281
1503.347300 34483.000000 115.995865 34233.257812
1504.996100 34383.000000 115.675858 34229.996094
1506.641600 34174.000000 116.114464 34227.257812
1508.287000 34396.000000 118.172012 34226.628906
1509.932000 34310.000000 122.059181 34228.101562
1511.575300 34171.000000 128.574738 34230.578125
1513.218500 34600.000000 136.239594 34233.375000
1514.859700 34332.000000 146.705200 34236.425781
1516.500900 34432.000000 161.029037 34240.097656
1518.140300 34624.000000 178.053345 34243.605469
1519.777800 34493.000000 200.534500 34247.140625
1521.416700 34392.000000 227.932343 34250.378906
1523.052200 34771.000000 263.690155 34252.992188
1524.689200 34642.000000 307.715454 34255.355469
1526.322800 34403.000000 366.247833 34256.695312
1527.956200 34605.000000 443.940765 34257.238281
1529.589400 34684.000000 544.035278 34257.832031
1531.220800 34806.000000 666.269226 34257.882812
1532.851900 35185.000000 809.390869 34257.406250
1534.481400 35445.000000 971.807739 34254.980469
1536.110600 35387.000000 1140.921387 34251.789062
1537.738000 35515.000000 1300.908325 34250.199219
1539.365200 35777.000000 1433.121338 34251.195312
1540.990700 35574.000000 1523.389404 34251.792969
1542.616000 35755.000000 1554.259277 34252.175781
1544.239500 35759.000000 1519.885620 34250.738281
1545.862700 35682.000000 1419.571777 34247.390625
1547.484400 35663.000000 1268.301514 34242.722656
1549.105600 35395.000000 1095.841797 34235.871094
1550.725100 35234.000000 926.674622 34229.066406
1552.344500 34904.000000 776.529663 34221.492188
1553.962000 34591.000000 645.752930 34215.007812
1555.579300 34714.000000 535.608948 34210.289062
1557.195100 34673.000000 441.238525 34204.875000
1558.810400 34610.000000 364.667786 34198.636719
1560.424100 34599.000000 304.507019 34192.683594
1562.037500 34596.000000 256.687805 34186.589844
1563.649200 34447.000000 221.887543 34181.750000
1565.260600 34256.000000 193.500946 34178.320312
1566.870500 34256.000000 171.079529 34175.109375
1568.479900 34343.000000 151.976135 34172.492188
1570.089100 34334.000000 137.196716 34170.964844
1571.695200 34081.000000 125.202187 34171.074219
1573.302500 34387.000000 115.439415 34172.066406
1574.906500 34229.000000 107.801773 34173.679688
1576.511800 34195.000000 99.296249 34174.710938
1578.115500 34323.000000 91.748001 34174.183594
1579.717400 34116.000000 85.054794 34173.011719
1581.319100 34219.000000 79.812561 34172.394531
1582.919100 34491.000000 75.319496 34172.234375
1584.518700 34064.000000 70.962494 34172.433594
1586.116600 34338.000000 67.237770 34174.222656
1587.714500 34224.000000 64.215866 34177.062500
1589.310500 34290.000000 60.524101 34179.835938
1590.906300 34233.000000 57.246147 34181.703125
1592.501800 34283.000000 54.231117 34184.082031
1594.095700 34053.000000 51.317425 34186.898438
1595.687900 34094.000000 48.200905 34190.355469
1597.279700 34161.000000 44.410912 34194.382812
1598.869900 34151.000000 40.686253 34197.710938
1600.459700 34248.000000 37.785103 34200.703125
1602.048100 34181.000000 35.899055 34202.914062
1603.636000 34141.000000 33.972847 34204.210938
1605.223900 34286.000000 32.356499 34206.089844
1606.809800 33996.000000 31.152597 34209.105469
1608.394200 34251.000000 30.233799 34213.210938
1609.978300 34057.000000 29.463800 34218.011719
1611.560700 34134.000000 28.624975 34222.808594
1613.142900 34385.000000 27.878086 34227.175781
1614.724700 34357.000000 27.119711 34231.730469
1616.304900 34148.000000 26.585438 34236.386719
1617.883500 34331.000000 26.183924 34241.570312
1619.461800 34222.000000 25.730108 34247.027344
1621.038300 34315.000000 25.187653 34253.074219
1622.614700 34403.000000 25.080385 34258.769531
1624.190800 34237.000000 24.951853 34263.460938
1625.765300 34370.000000 24.614481 34267.585938
1627.337900 34395.000000 23.411207 34270.867188
1628.910400 34280.000000 22.043421 34273.921875
1630.482700 34475.000000 20.815821 34276.824219
1632.053200 34468.000000 19.883577 34279.347656
1633.622100 34400.000000 19.062662 34282.550781
1635.190600 34208.000000 18.257010 34285.984375
1636.759000 34296.000000 17.609892 34288.742188
1638.325700 34450.000000 17.125751 34291.179688
1639.890700 34478.000000 16.898495 34293.710938
1641.455400 34472.000000 16.856518 34295.976562
1643.019900 34288.000000 16.522337 34298.339844
1644.582800 34246.000000 15.914882 34300.156250
1646.143900 34176.000000 14.988626 34300.886719
1647.704700 34342.000000 14.147009 34300.417969
1649.265500 34427.000000 13.414861 34297.796875
1650.824500 34323.000000 13.139320 34292.578125
1652.381600 34387.000000 13.223213 34285.289062
1653.938700 34414.000000 13.475696 34275.773438
1655.495500 34365.000000 13.707515 34264.292969
1657.050700 34255.000000 13.865109 34250.718750
1658.604100 34289.000000 13.827962 34235.976562
1660.157200 34408.000000 13.606029 34220.078125
1661.710200 34270.000000 13.320063 34203.578125
1663.261500 34031.000000 13.006975 34185.925781
1664.811200 34147.000000 12.602975 34166.632812
1666.361900 34071.000000 11.918078 34145.691406
1667.909700 34104.000000 11.386303 34123.800781
1669.457200 34281.000000 10.947680 34100.667969
1671.004300 33938.000000 10.611581 34077.636719
1672.549900 33932.000000 10.346919 34054.179688
1674.093600 33899.000000 10.248046 34029.726562
1675.637300 34006.000000 10.167205 34004.652344
1677.180800 33934.000000 9.946127 33978.539062
1678.722400 34070.000000 9.981351 33952.210938
1680.263900 33952.000000 10.140248 33926.386719
1681.803700 33799.000000 10.195930 33901.105469
1683.341800 33871.000000 10.071154 33876.316406
1684.881200 33823.000000 9.956102 33851.582031
1686.417500 33821.000000 9.834890 33825.539062
1687.953400 33786.000000 9.769758 33798.789062
1689.489100 33869.000000 9.661798 33771.980469
1691.023200 33878.000000 9.372317 33745.304688
1692.557100 33666.000000 8.984399 33718.500000
1694.089200 33656.000000 8.354856 33691.968750
1695.619800 33602.000000 7.785512 33665.476562
1697.151500 33556.000000 7.458107 33638.769531
1698.680200 33607.000000 7.259168 33611.929688
1700.208500 33443.000000 7.139038 33584.789062
1701.736600 33288.000000 7.071924 33556.968750
1703.263100 33684.000000 6.886194 33528.703125
1704.789300 33472.000000 6.714919 33500.941406
1706.314000 33539.000000 6.612454 33474.234375
1707.838100 33594.000000 6.510625 33447.117188
1709.361000 33360.000000 6.514052 33419.523438
1710.883300 33495.000000 6.501742 33391.828125
1712.404100 33451.000000 6.396731 33363.441406
1713.923100 33353.000000 6.290448 33336.152344
1715.443500 33394.000000 6.063806 33309.109375
1716.960700 33051.000000 5.901020 33282.078125
1718.479100 33296.000000 5.668785 33255.484375
1719.994500 33250.000000 5.483104 33228.863281
1721.509600 33130.000000 5.366830 33201.761719
1723.024400 33047.000000 5.258841 33173.839844
1724.537600 33115.000000 5.161765 33145.011719
1726.050700 33244.000000 5.097404 33115.871094
1727.561900 33192.000000 4.907369 33086.531250
1729.073000 33111.000000 4.773655 33057.062500
1730.582400 33089.000000 4.811302 33027.199219
1732.091700 33270.000000 4.957747 32997.722656
1733.599200 32793.000000 5.339414 32967.894531
1735.106600 33052.000000 5.679249 32937.707031
1736.612100 32858.000000 5.727817 32906.859375
1738.117600 32836.000000 5.603563 32876.261719
1739.621300 32866.000000 5.499382 32845.898438
1741.125000 32666.000000 5.478594 32815.691406
1742.626800 32675.000000 5.337071 32785.695312
1744.128400 32573.000000 5.272174 32755.546875
1745.628500 32828.000000 5.268729 32726.179688
1747.128300 32771.000000 5.292013 32698.105469
1748.626300 32628.000000 5.329126 32670.865234
1750.124300 32623.000000 5.420485 32644.181641
1751.620500 32646.000000 5.457830 32618.218750
1753.116600 32481.000000 5.533608 32592.787109
1754.612400 32788.000000 5.538440 32568.410156
1756.105100 32688.000000 5.512906 32544.841797
1757.599100 32564.000000 5.338634 32521.900391
1759.091300 32568.000000 5.128440 32499.132812
1760.582000 32477.000000 4.935174 32476.039062
1762.072400 32611.000000 4.812466 32453.935547
1763.561000 32335.000000 4.741965 32432.265625
1765.049600 32231.000000 4.750041 32410.226562
1766.536500 32406.000000 4.707599 32388.121094
1768.023200 32448.000000 4.622962 32366.013672
1769.508100 32195.000000 4.482951 32343.714844
1770.992900 32271.000000 4.372351 32321.335938
1772.477500 32351.000000 4.298128 32299.271484
1773.959000 32307.000000 4.232760 32278.212891
1775.441700 32242.000000 4.192756 32257.509766
1776.922700 32105.000000 4.184104 32236.660156
1778.402100 32328.000000 4.172539 32215.660156
1779.881300 32142.000000 4.254983 32194.982422
1781.358900 32173.000000 4.267494 32174.712891
1782.836200 32153.000000 4.271771 32155.363281
1784.311900 32191.000000 4.183663 32137.099609
1785.787400 32182.000000 4.109006 32119.267578
1787.262600 32091.000000 4.070384 32101.814453
1788.736200 32189.000000 4.089481 32083.648438
1790.208300 32015.000000 4.185722 32065.115234
1791.679800 32261.000000 4.272505 32046.507812
1793.150000 32101.000000 4.094137 32028.007812
1794.619900 32070.000000 3.805555 32009.990234
1796.089600 32237.000000 3.520178 31992.236328
1797.557600 31945.000000 3.369857 31975.205078
1799.023900 31961.000000 3.314101 31958.417969
1800.490100 32041.000000 3.381552 31942.042969
1801.954600 31953.000000 3.460297 31926.128906
1803.418900 32041.000000 3.577502 31909.863281
1804.883100 31731.000000 3.640357 31893.736328
1806.345500 32008.000000 3.666806 31878.363281
1807.806400 31875.000000 3.654608 31863.644531
1809.266800 31823.000000 3.616537 31849.796875
1810.727400 31742.000000 3.616760 31836.453125
1812.186000 31790.000000 3.686033 31823.269531
1813.643300 31760.000000 3.678133 31809.750000
1815.100100 31854.000000 3.622156 31795.353516
1816.556800 31736.000000 3.523901 31781.281250
1818.010400 31652.000000 3.438495 31768.138672
1819.465300 31785.000000 3.417445 31756.037109
1820.918500 31873.000000 3.435525 31744.490234
1822.370100 31695.000000 3.517402 31733.126953
1823.821400 31855.000000 3.637921 31722.400391
1825.272600 31738.000000 3.629255 31712.091797
1826.722200 31714.000000 3.573186 31702.460938
1828.169900 31559.000000 3.484322 31693.535156
1829.617600 31560.000000 3.432487 31685.550781
1831.065200 31754.000000 3.400839 31678.341797
1832.511000 31444.000000 3.398744 31671.078125
1833.956500 31650.000000 3.245518 31663.367188
1835.400500 31668.000000 3.088199 31655.113281
1836.842900 31888.000000 3.106216 31646.505859
1838.285200 31619.000000 3.267431 31639.003906
1839.727100 31457.000000 3.503136 31633.714844
1841.167400 31733.000000 3.704714 31629.849609
1842.606100 31640.000000 3.765272 31626.099609
1844.044400 31402.000000 3.753441 31623.650391
1845.482800 31369.000000 3.644508 31622.251953
1846.919400 31510.000000 3.548641 31620.679688
1848.356000 31523.000000 3.573222 31619.484375
1849.790800 31546.000000 3.644271 31617.359375
1851.224000 31778.000000 3.743484 31615.539062
1852.656900 31382.000000 3.772398 31615.195312
1854.089700 31587.000000 3.682227 31615.523438
1855.520800 31657.000000 3.597869 31615.892578
1856.951800 31454.000000 3.463448 31617.517578
1858.381100 31532.000000 3.325079 31620.718750
1859.808700 31765.000000 3.207359 31625.027344
1861.236300 31649.000000 3.239015 31630.263672
1862.663500 31695.000000 3.312098 31635.185547
1864.089100 31528.000000 3.296062 31641.023438
1865.514600 31629.000000 3.237087 31648.367188
1866.938500 31681.000000 3.196144 31656.111328
1868.360700 31796.000000 3.214839 31663.972656
1869.784200 31664.000000 3.353634 31671.734375
1871.204500 31611.000000 3.408631 31679.710938
1872.624600 31482.000000 3.409402 31688.171875
1874.044700 31688.000000 3.302041 31697.636719
1875.463000 31887.000000 3.191642 31707.351562
1876.881200 31707.000000 3.085264 31717.890625
1878.297700 31664.000000 3.058648 31728.384766
1879.714100 31791.000000 3.069917 31738.390625
1881.128800 31801.000000 3.066962 31746.566406
1882.541900 31874.000000 3.079589 31751.906250
1883.956200 31915.000000 3.201142 31754.958984
1885.367400 31933.000000 3.250281 31756.867188
1886.778600 31841.000000 3.258343 31758.587891
1888.189500 31997.000000 3.445433 31761.980469
