Raman_Shift Original_Spectrum Predicted_Raman Predicted_Baseline
294.894650 10187.000000 3.203977 10136.250977
297.232540 10157.000000 2.873813 10136.029297
299.568300 10167.000000 2.626941 10135.572266
301.905240 10176.000000 2.304592 10134.053711
304.238400 10143.000000 2.168890 10133.664062
306.571040 10040.000000 2.133636 10133.923828
308.903260 10215.000000 2.134140 10134.657227
311.233340 10199.000000 2.200829 10133.707031
313.562930 10080.000000 2.464967 10132.168945
315.890440 10128.000000 2.675514 10130.819336
318.215790 10041.000000 2.920119 10131.488281
320.540680 10109.000000 3.242852 10133.996094
322.865110 10096.000000 3.572383 10137.764648
325.187410 10070.000000 3.931793 10142.642578
327.509250 10115.000000 4.348938 10149.261719
329.828920 10201.000000 4.729434 10157.841797
332.148160 10049.000000 5.153081 10167.064453
334.465270 10178.000000 6.101437 10177.720703
336.781950 10136.000000 7.366454 10189.281250
339.096470 10173.000000 8.822611 10201.270508
341.408870 10173.000000 10.155138 10214.135742
343.722530 10178.000000 10.866809 10228.250000
346.032350 10249.000000 11.484303 10242.969727
348.341740 10290.000000 12.926064 10258.623047
350.650670 10313.000000 14.718570 10274.813477
352.957460 10358.000000 17.946728 10291.378906
355.263760 10385.000000 21.323303 10308.339844
357.568020 10385.000000 23.971020 10325.738281
359.871800 10348.000000 26.243973 10343.999023
362.173430 10406.000000 28.694326 10362.509766
364.474640 10502.000000 30.737820 10381.089844
366.773710 10428.000000 32.345234 10399.601562
369.072360 10447.000000 32.553856 10418.144531
371.368870 10509.000000 32.358772 10436.604492
373.664920 10390.000000 33.002430 10454.949219
375.958890 10506.000000 35.365307 10472.442383
378.252380 10560.000000 38.128319 10489.939453
380.543790 10555.000000 42.714794 10507.375000
382.834750 10575.000000 48.637234 10523.742188
385.123570 10647.000000 52.300926 10539.524414
387.411960 10649.000000 53.106453 10554.458984
389.698210 10683.000000 48.685009 10567.898438
391.984070 10665.000000 40.183872 10580.483398
394.267790 10676.000000 30.091656 10592.116211
396.551060 10678.000000 23.371647 10603.578125
398.832210 10620.000000 18.539799 10615.050781
401.112950 10594.000000 15.326063 10625.365234
403.391570 10730.000000 12.567602 10635.019531
405.669770 10699.000000 11.190660 10644.417969
407.945860 10735.000000 9.749559 10653.329102
410.221470 10680.000000 8.748655 10661.926758
412.495030 10696.000000 7.894857 10669.728516
414.768100 10706.000000 7.675031 10676.088867
417.039090 10770.000000 7.520429 10682.069336
419.309630 10688.000000 7.645744 10688.086914
421.579740 10714.000000 7.785002 10693.678711
423.846100 10721.000000 7.896585 10699.064453
426.113680 10701.000000 7.819972 10704.617188
428.377470 10741.000000 7.761991 10709.511719
430.642520 10715.000000 7.789016 10714.486328
432.905460 10741.000000 7.731406 10718.830078
435.166320 10829.000000 7.925492 10722.851562
437.426700 10696.000000 8.317852 10726.065430
439.685060 10703.000000 8.679335 10727.502930
441.942900 10753.000000 8.999796 10728.359375
444.198730 10711.000000 9.371078 10729.095703
446.454070 10785.000000 9.698707 10730.063477
448.708980 10691.000000 9.953882 10731.751953
450.961820 10795.000000 10.057817 10733.371094
453.212550 10811.000000 10.344938 10735.301758
455.462890 10776.000000 10.754938 10737.295898
457.711120 10725.000000 11.228004 10738.673828
459.958920 10739.000000 11.474401 10739.763672
462.204590 10832.000000 12.271180 10740.281250
464.449890 10773.000000 13.311297 10740.945312
466.694760 10813.000000 14.423604 10741.586914
468.937500 10761.000000 15.529094 10741.862305
471.178160 10791.000000 16.612484 10741.132812
473.418460 10727.000000 17.688120 10739.452148
475.656620 10685.000000 19.300007 10736.871094
477.894380 10830.000000 20.913322 10733.245117
480.131680 10716.000000 22.171881 10729.057617
482.366910 10791.000000 23.550091 10724.208008
484.600040 10717.000000 25.223526 10719.216797
486.832790 10783.000000 27.231873 10713.637695
489.063450 10731.000000 30.902624 10706.939453
491.293670 10757.000000 34.934166 10698.949219
493.523500 10688.000000 40.643795 10689.660156
495.751190 10754.000000 47.609440 10680.102539
497.976840 10792.000000 56.628120 10669.977539
500.202090 10666.000000 69.781967 10659.181641
502.426910 10738.000000 89.429153 10646.873047
504.649660 10703.000000 115.639877 10633.456055
506.870270 10758.000000 150.000916 10619.797852
509.090550 10755.000000 193.180237 10606.408203
511.310360 10827.000000 240.981171 10593.943359
513.528140 10872.000000 282.214783 10581.781250
515.743770 10854.000000 299.672791 10569.233398
517.959110 10795.000000 281.597412 10556.319336
520.173890 10776.000000 238.773651 10543.698242
522.386660 10748.000000 190.507904 10530.599609
524.597410 10673.000000 150.077972 10517.136719
526.807740 10598.000000 117.527176 10503.671875
529.017580 10519.000000 92.295486 10489.725586
531.225400 10605.000000 74.101418 10476.042969
533.431210 10513.000000 61.261768 10463.091797
535.636470 10461.000000 53.130047 10451.475586
537.841430 10459.000000 48.145832 10441.250000
540.044310 10493.000000 44.503204 10431.064453
542.245120 10500.000000 42.479195 10422.164062
544.445500 10575.000000 41.713020 10414.638672
546.645450 10407.000000 42.562782 10408.466797
548.843380 10448.000000 44.281952 10401.615234
551.040830 10516.000000 47.635551 10393.789062
553.236330 10446.000000 52.185768 10386.557617
555.429690 10546.000000 59.652782 10380.624023
557.622680 10459.000000 69.219955 10375.687500
559.815250 10513.000000 82.540321 10371.023438
562.005800 10554.000000 100.038803 10366.952148
564.195920 10505.000000 120.068054 10364.503906
566.383910 10430.000000 140.740753 10361.717773
568.569950 10563.000000 160.985504 10358.661133
570.755550 10591.000000 173.873215 10356.011719
572.940730 10611.000000 175.576782 10353.225586
575.123900 10507.000000 163.771393 10350.705078
577.306640 10552.000000 145.327911 10347.951172
579.487300 10447.000000 124.185646 10345.038086
581.665950 10483.000000 106.087463 10342.415039
583.844120 10515.000000 91.423988 10339.777344
586.021970 10390.000000 80.882149 10337.108398
588.197750 10392.000000 73.511765 10333.604492
590.373170 10386.000000 68.183449 10329.667969
592.546450 10450.000000 63.270477 10325.124023
594.719420 10336.000000 59.265820 10320.251953
596.890260 10400.000000 56.893932 10315.186523
599.059140 10285.000000 54.735603 10310.244141
601.229190 10306.000000 55.740070 10305.049805
603.395570 10368.000000 58.295116 10299.879883
605.561580 10348.000000 61.461658 10294.741211
607.727170 10367.000000 66.363235 10289.500977
609.890750 10332.000000 71.176163 10285.055664
612.053960 10338.000000 76.585037 10280.270508
614.215030 10440.000000 83.145042 10275.129883
616.375790 10399.000000 90.624557 10270.202148
618.534480 10294.000000 98.966232 10264.624023
620.692750 10337.000000 110.573647 10258.377930
622.849000 10413.000000 124.123703 10251.234375
625.004820 10330.000000 139.948975 10243.294922
627.158750 10432.000000 160.062134 10236.000977
629.310490 10411.000000 183.921265 10228.953125
631.463560 10402.000000 215.739532 10221.685547
633.612920 10439.000000 255.237701 10214.847656
635.763490 10516.000000 310.043518 10207.924805
637.910460 10537.000000 377.206940 10201.481445
640.058650 10693.000000 464.721832 10195.283203
642.203190 10776.000000 573.892761 10189.618164
644.348880 10913.000000 720.621216 10187.140625
646.491030 11063.000000 899.528809 10184.812500
648.634400 11257.000000 1118.075317 10182.805664
650.774050 11523.000000 1346.164551 10178.511719
652.914980 11728.000000 1530.070312 10174.011719
655.052250 11755.000000 1573.983643 10170.038086
657.190730 11604.000000 1454.587891 10167.910156
659.325620 11417.000000 1255.134399 10168.986328
661.461730 11257.000000 1035.893066 10168.375000
663.594180 10954.000000 849.162720 10164.636719
665.727910 10865.000000 699.329346 10159.204102
667.857910 10715.000000 586.983582 10153.924805
669.989200 10602.000000 496.332458 10151.133789
672.118470 10617.000000 423.918945 10149.519531
674.245670 10507.000000 360.212982 10148.500977
676.372560 10454.000000 309.125153 10147.158203
678.497380 10417.000000 267.143188 10146.195312
680.621830 10358.000000 230.936691 10145.247070
682.744320 10348.000000 201.741791 10143.799805
684.866390 10338.000000 178.175934 10142.402344
686.986450 10347.000000 159.336777 10141.994141
689.106080 10255.000000 145.282394 10141.922852
691.223750 10213.000000 133.834793 10141.782227
693.341000 10250.000000 125.286156 10141.538086
695.457820 10291.000000 119.966141 10141.689453
697.571110 10220.000000 117.386009 10142.080078
699.685610 10173.000000 118.876755 10142.713867
701.798100 10300.000000 124.047195 10143.080078
703.908570 10334.000000 136.650848 10143.200195
706.018620 10263.000000 153.116684 10142.633789
708.126770 10302.000000 171.313614 10142.528320
710.234380 10291.000000 178.834503 10142.560547
712.340150 10299.000000 166.888336 10142.319336
714.445430 10264.000000 143.532471 10142.307617
716.550350 10231.000000 116.516685 10142.339844
718.653260 10165.000000 93.002304 10141.878906
720.754270 10269.000000 76.630783 10141.053711
722.854800 10236.000000 64.271072 10139.560547
724.953370 10128.000000 55.890697 10137.711914
727.051570 10145.000000 49.809990 10135.323242
729.149350 10113.000000 43.935024 10132.787109
731.243530 10100.000000 39.122841 10130.219727
733.338990 10214.000000 34.882633 10127.030273
735.432370 10166.000000 30.822260 10123.138672
737.523800 10211.000000 28.491856 10119.197266
739.614870 10173.000000 26.199137 10115.448242
741.705570 10116.000000 24.343475 10111.847656
743.792600 10146.000000 22.880404 10107.408203
745.880920 10087.000000 22.002701 10103.029297
747.967220 10117.000000 21.091467 10098.906250
750.051570 10061.000000 20.468958 10095.176758
752.135500 10110.000000 19.972271 10091.631836
754.219120 10100.000000 18.968828 10087.960938
756.300720 10060.000000 18.252319 10084.084961
758.380310 10080.000000 17.708958 10080.575195
760.459530 10070.000000 16.945614 10077.231445
762.538390 10027.000000 16.047150 10073.900391
764.615300 10125.000000 15.010275 10070.607422
766.690190 10087.000000 14.160947 10067.204102
768.764710 10072.000000 13.495058 10063.379883
770.838810 10089.000000 12.992617 10059.895508
772.909360 10060.000000 12.258650 10056.493164
774.981140 10025.000000 11.587390 10052.628906
777.050960 10045.000000 11.098459 10048.406250
779.120420 10097.000000 10.639856 10044.072266
781.187870 10087.000000 10.209998 10039.771484
783.253420 10017.000000 9.932662 10035.635742
785.318480 10006.000000 9.636324 10031.332031
787.383240 10041.000000 9.384230 10027.137695
789.445980 9992.000000 9.219584 10022.868164
791.506770 9993.000000 9.145154 10018.506836
793.567260 10004.000000 9.076976 10013.827148
795.627260 10014.000000 8.882544 10008.986328
797.685360 10058.000000 8.874081 10003.934570
799.741520 10020.000000 8.940431 9999.068359
801.797240 10016.000000 8.834716 9994.076172
803.852600 9953.000000 8.586894 9989.066406
805.906010 9934.000000 8.681596 9983.109375
807.959050 10006.000000 8.772946 9977.066406
810.010130 9954.000000 9.049920 9970.953125
812.059200 9987.000000 9.480030 9965.458008
814.107970 10009.000000 9.998170 9959.641602
816.156370 9953.000000 10.451807 9953.852539
818.202760 10100.000000 10.715514 9947.493164
820.247190 9915.000000 10.659842 9941.602539
822.292850 9982.000000 10.542309 9935.384766
824.335020 10008.000000 10.318443 9928.244141
826.376770 9919.000000 10.186543 9920.916016
828.418090 9980.000000 9.871185 9913.583008
830.457520 9868.000000 9.541622 9906.513672
832.496640 9898.000000 9.294095 9899.485352
834.533690 9981.000000 9.093957 9891.483398
836.568910 9856.000000 8.980325 9883.118164
838.603700 9877.000000 9.157955 9874.046875
840.638060 9922.000000 9.368780 9864.234375
842.670530 9948.000000 9.695686 9853.250000
844.702640 9835.000000 9.775112 9841.779297
846.732790 9884.000000 9.866749 9830.070312
848.762570 9838.000000 9.874248 9818.328125
850.790470 9803.000000 9.974882 9806.236328
852.816350 9820.000000 9.973399 9793.979492
854.843440 9831.000000 9.884573 9781.392578
856.867070 9804.000000 9.769159 9768.535156
858.890200 9763.000000 9.857148 9755.366211
860.913150 9782.000000 9.869793 9741.913086
862.934020 9717.000000 10.405492 9727.947266
864.954530 9708.000000 10.977648 9714.758789
866.973140 9725.000000 11.571962 9701.831055
868.991390 9600.000000 12.465944 9689.357422
871.007690 9709.000000 13.687612 9676.501953
873.023620 9685.000000 15.163803 9662.501953
875.037660 9611.000000 17.868244 9648.094727
877.051270 9635.000000 20.948793 9633.533203
879.062990 9616.000000 25.703976 9619.106445
881.074340 9639.000000 33.502380 9605.283203
883.083740 9675.000000 45.725475 9591.082031
885.092770 9697.000000 61.606407 9575.647461
887.099850 9610.000000 71.421570 9559.291992
889.104980 9644.000000 67.945084 9542.772461
891.111450 9529.000000 54.610840 9525.847656
893.114260 9513.000000 39.660591 9509.053711
895.118410 9574.000000 29.402527 9492.189453
897.119020 9519.000000 22.274265 9474.761719
899.120790 9549.000000 17.960112 9456.707031
901.119080 9478.000000 15.563741 9439.237305
903.118650 9436.000000 14.494818 9421.370117
905.114620 9468.000000 14.099866 9403.435547
907.111880 9418.000000 13.885350 9385.711914
909.107180 9342.000000 13.661815 9368.481445
911.100520 9333.000000 13.488081 9350.778320
913.093630 9341.000000 13.334355 9332.969727
915.084660 9342.000000 13.416185 9315.435547
917.075380 9345.000000 13.466914 9298.541016
919.064210 9248.000000 13.744121 9281.819336
921.052730 9234.000000 14.011801 9265.320312
923.039310 9234.000000 14.418684 9248.638672
925.025450 9224.000000 14.703392 9232.458008
927.009770 9281.000000 15.096646 9216.466797
928.993650 9239.000000 15.523867 9201.092773
930.975590 9289.000000 16.236305 9186.279297
932.957280 9107.000000 17.011654 9172.288086
934.937010 9181.000000 17.562351 9158.746094
936.916380 9164.000000 18.055302 9144.962891
938.895390 9205.000000 19.024496 9132.079102
940.870970 9108.000000 20.187496 9119.594727
942.847660 9117.000000 21.576204 9107.078125
944.822510 9079.000000 23.112118 9094.765625
946.795470 9066.000000 25.492569 9083.000000
948.768010 9111.000000 28.524179 9071.800781
950.738710 9070.000000 33.125778 9061.901367
952.708980 9077.000000 39.508476 9052.732422
954.677310 9124.000000 48.759712 9043.710938
956.645390 9103.000000 61.118977 9034.819336
958.613160 9168.000000 77.731087 9025.879883
960.578920 9132.000000 99.322731 9016.962891
962.542720 9151.000000 125.694176 9007.865234
964.506290 9138.000000 158.343369 8998.283203
966.467960 9158.000000 194.411835 8989.111328
968.429260 9236.000000 225.819382 8980.212891
970.390140 9219.000000 241.427444 8970.965820
972.347660 9212.000000 232.935349 8961.662109
974.306270 9216.000000 206.406372 8953.000977
976.263060 9150.000000 172.375061 8946.331055
978.218020 8999.000000 138.190460 8938.437500
980.172490 8983.000000 109.337280 8929.800781
982.125120 9056.000000 87.704361 8921.029297
984.077390 9073.000000 71.010406 8913.328125
986.029360 9022.000000 58.373421 8907.131836
987.979370 8914.000000 48.378189 8901.256836
989.927490 8963.000000 40.758354 8894.959961
991.875310 8967.000000 34.800499 8887.791016
993.822750 8961.000000 30.338034 8881.296875
995.768370 8962.000000 27.280218 8876.451172
997.711980 8914.000000 24.869999 8872.008789
999.655270 8838.000000 23.055363 8868.395508
1001.596700 8875.000000 21.458912 8865.212891
1003.537700 8908.000000 20.046028 8861.758789
1005.478600 8785.000000 18.951553 8858.682617
1007.417400 8870.000000 18.147556 8856.562500
1009.354300 8901.000000 17.511211 8853.931641
1011.291000 8892.000000 17.118793 8850.512695
1013.227200 8822.000000 16.550159 8847.285156
1015.161600 8876.000000 15.999242 8843.825195
1017.094100 8866.000000 15.651464 8840.008789
1019.026200 8854.000000 15.235234 8836.253906
1020.958000 8903.000000 14.965317 8833.787109
1022.888000 8779.000000 14.822397 8831.104492
1024.816000 8850.000000 14.576528 8829.146484
1026.743800 8784.000000 14.287834 8826.931641
1028.671100 8859.000000 14.333206 8825.223633
1030.596600 8851.000000 14.460508 8823.303711
1032.521700 8816.000000 14.750758 8821.803711
1034.444900 8904.000000 15.077542 8820.183594
1036.366300 8811.000000 15.502962 8817.994141
1038.287400 8937.000000 16.106888 8815.580078
1040.208100 8794.000000 16.852713 8812.841797
1042.127000 8774.000000 17.492952 8810.641602
1044.043800 8853.000000 18.551731 8809.580078
1045.960400 8886.000000 19.719995 8809.036133
1047.876700 8925.000000 21.522882 8808.670898
1049.791000 8844.000000 23.743143 8807.786133
1051.705100 8882.000000 26.822699 8806.186523
1053.617300 8878.000000 30.458166 8803.357422
1055.527600 8853.000000 35.582680 8799.779297
1057.437500 8842.000000 42.096966 8796.664062
1059.347300 8940.000000 50.290226 8794.248047
1061.255000 8877.000000 60.458656 8791.075195
1063.162500 8853.000000 72.779373 8788.623047
1065.068000 8870.000000 86.570091 8786.063477
1066.971700 8869.000000 101.571465 8782.958008
1068.875000 8886.000000 116.449905 8779.399414
1070.778100 8928.000000 129.610580 8776.502930
1072.679200 8957.000000 137.831207 8773.791992
1074.580000 8929.000000 136.996796 8771.417969
1076.479000 8900.000000 125.528160 8769.310547
1078.377600 8895.000000 107.583984 8766.368164
1080.274400 8867.000000 89.063042 8762.857422
1082.169200 8879.000000 74.853516 8759.762695
1084.065300 8806.000000 63.450035 8756.279297
1085.958000 8776.000000 54.224648 8752.482422
1087.850300 8764.000000 45.556580 8748.551758
1089.742400 8820.000000 38.703152 8745.019531
1091.632600 8783.000000 33.587399 8741.510742
1093.522500 8739.000000 29.524134 8738.915039
1095.410400 8756.000000 26.800907 8736.415039
1097.298100 8783.000000 24.465403 8734.579102
1099.183800 8739.000000 22.689341 8732.452148
1101.069300 8810.000000 21.391308 8731.637695
1102.952900 8738.000000 20.243816 8730.921875
1104.834600 8741.000000 19.531076 8730.147461
1106.717700 8772.000000 18.989285 8729.527344
1108.597200 8743.000000 18.432819 8728.819336
1110.477900 8748.000000 17.896469 8727.206055
1112.355300 8716.000000 17.535032 8725.759766
1114.232300 8715.000000 17.351391 8724.508789
1116.109100 8787.000000 17.275410 8724.012695
1117.984000 8749.000000 17.558613 8722.755859
1119.858500 8765.000000 18.181643 8721.769531
1121.731300 8702.000000 18.837727 8720.310547
1123.603600 8774.000000 19.750025 8719.587891
1125.474100 8768.000000 20.458212 8718.588867
1127.344400 8788.000000 21.090588 8718.270508
1129.212600 8703.000000 21.640919 8718.415039
1131.080700 8770.000000 22.338095 8719.454102
1132.946900 8703.000000 23.034861 8719.958984
1134.812700 8748.000000 24.730494 8720.849609
1136.676800 8719.000000 26.489614 8722.176758
1138.540400 8684.000000 28.335657 8723.469727
1140.402300 8756.000000 30.312647 8724.177734
1142.263800 8801.000000 33.225101 8725.941406
1144.123400 8799.000000 36.500690 8727.500000
1145.982800 8749.000000 40.816429 8728.532227
1147.841800 8748.000000 46.158134 8728.858398
1149.697500 8909.000000 53.188683 8729.409180
1151.554400 8786.000000 62.477062 8730.521484
1153.407800 8786.000000 73.337143 8731.150391
1155.262600 8853.000000 87.032982 8731.814453
1157.115500 8949.000000 102.083435 8732.766602
1158.966400 8850.000000 116.847000 8733.836914
1160.817100 8902.000000 127.183777 8735.213867
1162.666000 8913.000000 130.569641 8737.429688
1164.514500 8886.000000 126.764175 8739.705078
1166.361300 8846.000000 117.375977 8742.796875
1168.207600 8896.000000 106.902916 8745.531250
1170.052200 8918.000000 98.257591 8748.528320
1171.896500 8812.000000 93.727341 8752.124023
1173.740400 8850.000000 92.993858 8755.856445
1175.580900 8869.000000 95.795601 8759.701172
1177.422900 8911.000000 100.344810 8763.295898
1179.262700 8924.000000 109.227432 8766.599609
1181.100700 8906.000000 122.448875 8771.149414
1182.938600 8878.000000 141.274475 8776.138672
1184.774500 8955.000000 166.485977 8780.951172
1186.610200 9003.000000 199.429077 8785.798828
1188.444000 9025.000000 241.378952 8790.134766
1190.277500 9094.000000 292.930084 8794.935547
1192.110700 9230.000000 350.216248 8799.779297
1193.942000 9203.000000 409.288177 8803.485352
1195.771600 9284.000000 462.329010 8806.316406
1197.600700 9299.000000 497.373383 8810.878906
1199.428100 9326.000000 505.278809 8815.607422
1201.255200 9368.000000 484.106842 8819.869141
1203.082000 9264.000000 439.674500 8824.057617
1204.907000 9220.000000 380.175476 8827.991211
1206.730100 9181.000000 323.851929 8832.480469
1208.552900 9153.000000 278.578033 8837.176758
1210.373900 9092.000000 248.596344 8842.716797
1212.194600 9120.000000 230.588577 8848.624023
1214.015000 9070.000000 224.234711 8853.700195
1215.833500 9115.000000 229.787155 8858.643555
1217.650300 9106.000000 249.518433 8863.831055
1219.466700 9176.000000 287.460510 8869.512695
1221.281300 9171.000000 342.856964 8874.460938
1223.095600 9346.000000 419.674652 8878.738281
1224.909500 9454.000000 508.764648 8883.447266
1226.721700 9522.000000 589.855286 8888.275391
1228.532000 9490.000000 643.025024 8892.377930
1230.342000 9501.000000 653.376953 8898.000977
1232.151700 9537.000000 615.271790 8905.611328
1233.959700 9443.000000 538.791870 8913.902344
1235.765900 9420.000000 444.832855 8922.051758
1237.571700 9315.000000 353.209595 8929.444336
1239.377100 9187.000000 280.225006 8936.266602
1241.180800 9147.000000 227.049103 8942.522461
1242.982700 9127.000000 195.421555 8948.685547
1244.784200 9143.000000 179.097809 8954.503906
1246.585300 9179.000000 174.192291 8960.958984
1248.384900 9094.000000 177.024506 8967.758789
1250.182500 9114.000000 186.922867 8973.757812
1251.979700 9183.000000 203.877487 8978.762695
1253.776900 9235.000000 231.664597 8983.399414
1255.572000 9258.000000 270.154724 8987.734375
1257.365500 9268.000000 320.376099 8992.356445
1259.160000 9365.000000 390.383606 8997.874023
1260.951300 9491.000000 485.088226 9006.755859
1262.742300 9628.000000 614.384155 9018.750000
1264.533100 9794.000000 778.619934 9029.642578
1266.322000 10015.000000 962.904419 9038.872070
1268.109000 10118.000000 1151.112183 9045.660156
1269.895800 10347.000000 1302.718628 9051.421875
1271.682400 10416.000000 1375.948608 9055.151367
1273.466900 10398.000000 1335.969727 9059.378906
1275.251500 10287.000000 1190.083496 9065.943359
1277.033900 10031.000000 997.641602 9075.254883
1278.814700 9874.000000 797.265564 9084.553711
1280.595200 9799.000000 626.727295 9092.372070
1282.375400 9530.000000 490.483551 9099.706055
1284.153800 9445.000000 387.231384 9108.068359
1285.931900 9383.000000 310.382721 9117.666016
1287.708100 9423.000000 254.426361 9128.660156
1289.482500 9354.000000 212.943268 9140.827148
1291.256800 9379.000000 182.653488 9152.891602
1293.030600 9336.000000 160.504257 9164.490234
1294.802900 9342.000000 143.741592 9175.159180
1296.574600 9350.000000 131.699219 9185.942383
1298.344600 9331.000000 122.360535 9196.836914
1300.114400 9276.000000 116.671547 9207.677734
1301.882300 9326.000000 112.046913 9219.299805
1303.648300 9350.000000 109.804909 9231.460938
1305.415800 9358.000000 109.887451 9244.015625
1307.179700 9367.000000 110.857422 9256.569336
1308.943500 9399.000000 113.554710 9268.964844
1310.707000 9383.000000 118.328110 9281.109375
1312.468600 9433.000000 126.263405 9293.103516
1314.230000 9462.000000 137.173019 9305.769531
1315.989500 9449.000000 152.461670 9318.529297
1317.748800 9537.000000 175.420181 9331.521484
1319.506200 9630.000000 206.540314 9344.347656
1321.263400 9598.000000 248.411453 9357.417969
1323.018900 9655.000000 301.550476 9370.962891
1324.774000 9766.000000 364.222321 9384.267578
1326.527300 9810.000000 433.177094 9396.755859
1328.278900 9986.000000 501.116119 9409.126953
1330.031700 9945.000000 562.629211 9421.880859
1331.781100 10009.000000 608.158081 9435.709961
1333.531900 10084.000000 626.524597 9449.900391
1335.279300 10080.000000 608.842041 9463.697266
1337.027800 10040.000000 557.119873 9476.608398
1338.773200 10014.000000 485.551605 9490.385742
1340.518300 9906.000000 407.858765 9503.825195
1342.263100 9878.000000 336.712708 9516.477539
1344.006000 9749.000000 276.282898 9528.348633
1345.748700 9741.000000 227.840210 9539.721680
1347.489500 9701.000000 191.348221 9551.367188
1349.230200 9762.000000 162.504227 9563.644531
1350.969100 9733.000000 141.123138 9575.797852
1352.707500 9686.000000 125.631516 9587.693359
1354.445900 9744.000000 115.983780 9598.819336
1356.180900 9667.000000 110.624374 9609.732422
1357.917000 9700.000000 107.880508 9620.397461
1359.649900 9728.000000 108.952682 9629.760742
1361.384200 9731.000000 113.165466 9638.493164
1363.115000 9771.000000 122.821060 9646.548828
1364.847000 9743.000000 137.419373 9654.079102
1366.577400 9783.000000 159.628845 9660.586914
1368.305900 9842.000000 191.141327 9665.734375
1370.034300 9909.000000 237.522003 9670.300781
1371.760600 10047.000000 300.397034 9674.440430
1373.486900 10026.000000 375.663940 9678.958008
1375.211300 10118.000000 453.394196 9683.462891
1376.935400 10129.000000 513.893616 9686.678711
1378.657800 10239.000000 534.041870 9688.550781
1380.380000 10209.000000 500.719055 9690.436523
1382.100200 10099.000000 427.546631 9691.734375
1383.820300 10030.000000 346.157349 9693.209961
1385.540200 9951.000000 270.116516 9693.485352
1387.256500 9942.000000 208.215668 9693.614258
1388.974200 9851.000000 162.045547 9693.594727
1390.690300 9773.000000 129.804169 9692.965820
1392.404400 9812.000000 107.394241 9691.049805
1394.118400 9785.000000 90.817131 9689.029297
1395.830400 9780.000000 78.643417 9686.876953
1397.542200 9713.000000 70.181137 9684.324219
1399.252300 9864.000000 63.055683 9681.423828
1400.962200 9700.000000 58.071434 9677.925781
1402.671800 9728.000000 54.757183 9674.797852
1404.379500 9729.000000 52.301369 9671.067383
1406.085600 9724.000000 50.101109 9667.360352
1407.791300 9706.000000 48.418449 9664.226562
1409.495200 9711.000000 47.672279 9661.973633
1411.199000 9750.000000 46.298286 9659.275391
1412.902500 9750.000000 45.651466 9655.967773
1414.604000 9789.000000 45.304722 9652.216797
1416.304000 9769.000000 45.055775 9647.642578
1418.003700 9624.000000 44.709560 9643.228516
1419.701500 9705.000000 44.416656 9638.208008
1421.399000 9697.000000 44.126907 9632.560547
1423.096400 9650.000000 44.746223 9627.034180
1424.792000 9666.000000 46.087963 9621.389648
1426.485700 9591.000000 48.013680 9616.041016
1428.179300 9597.000000 49.757195 9611.590820
1429.871100 9719.000000 51.963707 9607.272461
1431.562500 9668.000000 55.172630 9603.164062
1433.253900 9663.000000 58.783295 9598.627930
1434.943400 9631.000000 62.882927 9593.452148
1436.631000 9649.000000 68.787315 9588.026367
1438.318500 9615.000000 76.655807 9583.540039
1440.005600 9635.000000 87.779770 9580.095703
1441.691000 9649.000000 101.666931 9577.343750
1443.374800 9725.000000 118.779381 9574.834961
1445.058200 9732.000000 139.394302 9572.809570
1446.741300 9752.000000 164.835800 9571.531250
1448.422900 9752.000000 198.041412 9570.927734
1450.102400 9811.000000 240.766205 9570.111328
1451.781700 9904.000000 293.485138 9568.472656
1453.460900 9935.000000 358.251038 9567.256836
1455.138200 9889.000000 434.097961 9566.497070
1456.813800 10090.000000 513.048218 9566.126953
1458.489100 10163.000000 585.622925 9565.515625
1460.164300 10174.000000 637.829895 9565.079102
1461.837600 10242.000000 659.255005 9564.501953
1463.509200 10191.000000 649.032104 9563.998047
1465.180500 10159.000000 612.880310 9563.012695
1466.851600 10055.000000 555.372131 9561.080078
1468.520900 10009.000000 487.559814 9559.402344
1470.189900 10064.000000 417.366119 9557.921875
1471.857200 9951.000000 353.174011 9556.504883
1473.522800 9809.000000 296.018768 9554.798828
1475.188100 9770.000000 246.134277 9552.816406
1476.853100 9740.000000 204.081161 9550.847656
1478.516500 9743.000000 169.210785 9549.891602
1480.178000 9707.000000 142.413712 9549.903320
1481.839200 9637.000000 121.063049 9549.967773
1483.500400 9677.000000 103.603256 9549.355469
1485.159700 9667.000000 91.773727 9548.646484
1486.818600 9646.000000 82.287727 9548.289062
1488.476000 9588.000000 75.055710 9548.005859
1490.131500 9590.000000 69.952484 9547.583984
1491.788300 9577.000000 65.980576 9547.497070
1493.441800 9585.000000 62.554615 9547.958984
1495.095100 9586.000000 60.088844 9549.102539
1496.748000 9575.000000 58.663433 9550.436523
1498.399400 9657.000000 57.311523 9551.543945
1500.050400 9658.000000 55.895782 9552.836914
1501.699700 9586.000000 55.221027 9554.493164
1503.347300 9565.000000 55.198021 9555.835938
1504.996100 9651.000000 54.999603 9556.602539
1506.641600 9594.000000 55.269825 9557.227539
1508.287000 9577.000000 56.453148 9558.010742
1509.932000 9585.000000 58.615639 9559.230469
1511.575300 9553.000000 60.781055 9560.368164
1513.218500 9660.000000 63.689247 9561.403320
1514.859700 9614.000000 67.519737 9562.159180
1516.500900 9649.000000 73.088356 9562.418945
1518.140300 9693.000000 79.361710 9562.838867
1519.777800 9609.000000 88.310837 9563.462891
1521.416700 9670.000000 99.502151 9564.462891
1523.052200 9719.000000 113.877846 9565.936523
1524.689200 9640.000000 131.310898 9567.585938
1526.322800 9723.000000 154.104034 9568.916016
1527.956200 9738.000000 182.834488 9570.380859
1529.589400 9750.000000 219.954346 9571.794922
1531.220800 9848.000000 265.428741 9572.873047
1532.851900 9870.000000 320.992249 9573.898438
1534.481400 10060.000000 387.173676 9575.203125
1536.110600 10005.000000 461.388275 9576.883789
1537.738000 10084.000000 541.231079 9579.917969
1539.365200 10213.000000 616.893982 9583.292969
1540.990700 10290.000000 678.842285 9585.998047
1542.616000 10231.000000 715.954834 9586.895508
1544.239500 10298.000000 718.534668 9587.026367
1545.862700 10283.000000 686.367065 9586.892578
1547.484400 10240.000000 626.614624 9586.172852
1549.105600 10055.000000 551.018311 9584.198242
1550.725100 10059.000000 473.641663 9581.750000
1552.344500 9954.000000 400.973602 9578.791016
1553.962000 9883.000000 335.961121 9576.891602
1555.579300 9834.000000 279.967834 9575.772461
1557.195100 9820.000000 232.417770 9574.483398
1558.810400 9765.000000 193.146774 9573.458984
1560.424100 9749.000000 161.297043 9572.928711
1562.037500 9718.000000 136.598633 9572.598633
1563.649200 9689.000000 117.601578 9572.278320
1565.260600 9675.000000 102.377335 9571.991211
1566.870500 9644.000000 90.353073 9571.845703
1568.479900 9634.000000 79.721382 9571.906250
1570.089100 9609.000000 71.431732 9572.168945
1571.695200 9590.000000 64.736282 9572.345703
1573.302500 9645.000000 59.586617 9572.826172
1574.906500 9607.000000 55.587872 9573.604492
1576.511800 9611.000000 50.929630 9574.717773
1578.115500 9667.000000 46.641430 9576.071289
1579.717400 9638.000000 42.719986 9578.404297
1581.319100 9598.000000 39.369183 9580.531250
1582.919100 9724.000000 35.926674 9582.274414
1584.518700 9603.000000 32.968422 9583.988281
1586.116600 9624.000000 30.128147 9586.482422
1587.714500 9597.000000 27.768393 9589.419922
1589.310500 9612.000000 26.033194 9592.540039
1590.906300 9633.000000 24.547190 9595.257812
1592.501800 9623.000000 23.057508 9598.547852
1594.095700 9611.000000 21.956978 9601.916016
1595.687900 9583.000000 20.657816 9605.746094
1597.279700 9649.000000 19.266438 9609.810547
1598.869900 9599.000000 17.899708 9613.964844
1600.459700 9588.000000 16.814781 9617.895508
1602.048100 9629.000000 15.954287 9621.686523
1603.636000 9613.000000 15.192968 9625.078125
1605.223900 9650.000000 14.600706 9628.167969
1606.809800 9631.000000 14.097486 9631.156250
1608.394200 9580.000000 13.481013 9634.260742
1609.978300 9645.000000 12.866096 9637.614258
1611.560700 9627.000000 12.283612 9641.028320
1613.142900 9710.000000 11.790685 9644.011719
1614.724700 9711.000000 11.212259 9647.009766
1616.304900 9660.000000 10.683119 9650.080078
1617.883500 9661.000000 10.181569 9653.218750
1619.461800 9669.000000 9.698159 9656.516602
1621.038300 9662.000000 9.063961 9660.452148
1622.614700 9728.000000 8.346544 9664.211914
1624.190800 9719.000000 7.694452 9667.208008
1625.765300 9694.000000 7.066910 9669.204102
1627.337900 9691.000000 6.636270 9671.219727
1628.910400 9651.000000 6.196801 9673.176758
1630.482700 9693.000000 5.831826 9674.862305
1632.053200 9693.000000 5.675129 9675.941406
1633.622100 9710.000000 5.547774 9676.930664
1635.190600 9659.000000 5.590903 9677.908203
1636.759000 9723.000000 5.689157 9679.164062
1638.325700 9743.000000 5.764922 9680.392578
1639.890700 9761.000000 5.656501 9681.948242
1641.455400 9767.000000 5.565674 9683.383789
1643.019900 9732.000000 5.456060 9684.700195
1644.582800 9700.000000 5.441764 9685.160156
1646.143900 9654.000000 5.391288 9685.099609
1647.704700 9716.000000 5.506275 9684.134766
1649.265500 9691.000000 5.661513 9682.347656
1650.824500 9694.000000 5.757694 9679.543945
1652.381600 9683.000000 5.750301 9676.105469
1653.938700 9680.000000 5.836110 9672.405273
1655.495500 9652.000000 5.852258 9669.021484
1657.050700 9691.000000 5.765822 9665.133789
1658.604100 9688.000000 5.542116 9660.856445
1660.157200 9735.000000 5.394742 9656.024414
1661.710200 9720.000000 5.246335 9650.425781
1663.261500 9672.000000 5.191672 9643.491211
1664.811200 9670.000000 5.103020 9636.332031
1666.361900 9549.000000 4.963208 9629.000000
1667.909700 9591.000000 4.816820 9621.349609
1669.457200 9636.000000 4.607366 9613.193359
1671.004300 9543.000000 4.462007 9605.094727
1672.549900 9559.000000 4.452050 9596.318359
1674.093600 9534.000000 4.466561 9587.500000
1675.637300 9604.000000 4.443923 9578.566406
1677.180800 9575.000000 4.331141 9569.029297
1678.722400 9570.000000 4.218814 9559.426758
1680.263900 9589.000000 4.112764 9549.781250
1681.803700 9537.000000 4.042324 9539.946289
1683.341800 9610.000000 3.978700 9529.648438
1684.881200 9509.000000 3.979513 9518.986328
1686.417500 9528.000000 3.939522 9508.391602
1687.953400 9478.000000 3.860743 9497.679688
1689.489100 9517.000000 3.764452 9487.328125
1691.023200 9498.000000 3.674145 9476.892578
1692.557100 9406.000000 3.594194 9466.434570
1694.089200 9469.000000 3.448053 9455.579102
1695.619800 9395.000000 3.338020 9444.857422
1697.151500 9406.000000 3.298248 9434.135742
1698.680200 9367.000000 3.254973 9423.571289
1700.208500 9378.000000 3.222506 9412.916016
1701.736600 9360.000000 3.187818 9402.358398
1703.263100 9417.000000 3.115211 9391.556641
1704.789300 9344.000000 3.037070 9380.993164
1706.314000 9385.000000 2.970222 9370.325195
1707.838100 9411.000000 2.916529 9359.828125
1709.361000 9345.000000 3.023592 9349.477539
1710.883300 9318.000000 3.218732 9338.846680
1712.404100 9293.000000 3.509382 9328.152344
1713.923100 9326.000000 3.875657 9317.771484
1715.443500 9310.000000 4.462333 9307.602539
1716.960700 9282.000000 5.233418 9297.292969
1718.479100 9348.000000 6.751251 9286.899414
1719.994500 9285.000000 9.240259 9276.543945
1721.509600 9305.000000 14.075670 9266.726562
1723.024400 9241.000000 22.215328 9257.407227
1724.537600 9328.000000 34.006310 9248.904297
1726.050700 9384.000000 44.056236 9240.726562
1727.561900 9273.000000 43.356148 9232.950195
1729.073000 9295.000000 32.874718 9224.870117
1730.582400 9239.000000 20.563309 9216.073242
1732.091700 9207.000000 12.669364 9207.259766
1733.599200 9179.000000 8.910862 9198.416016
1735.106600 9246.000000 6.995491 9189.625977
1736.612100 9156.000000 6.042771 9181.293945
1738.117600 9121.000000 5.336463 9173.020508
1739.621300 9217.000000 4.828135 9164.236328
1741.125000 9129.000000 4.505425 9155.827148
1742.626800 9118.000000 4.169359 9147.373047
1744.128400 9132.000000 3.837135 9139.078125
1745.628500 9129.000000 3.637016 9130.796875
1747.128300 9115.000000 3.520449 9122.285156
1748.626300 9095.000000 3.461777 9113.646484
1750.124300 9079.000000 3.414736 9105.247070
1751.620500 9092.000000 3.368476 9096.929688
1753.116600 9091.000000 3.316176 9088.315430
1754.612400 9107.000000 3.247564 9079.622070
1756.105100 9135.000000 3.179989 9071.233398
1757.599100 9079.000000 3.172411 9063.400391
1759.091300 9030.000000 3.136398 9055.920898
1760.582000 9053.000000 3.059893 9048.466797
1762.072400 9074.000000 2.965228 9041.849609
1763.561000 9043.000000 2.873114 9036.136719
1765.049600 8934.000000 2.777209 9030.640625
1766.536500 9035.000000 2.662168 9024.298828
1768.023200 9026.000000 2.586909 9017.305664
1769.508100 9045.000000 2.543369 9010.198242
1770.992900 8989.000000 2.497015 9004.447266
1772.477500 9026.000000 2.381012 8998.953125
1773.959000 8984.000000 2.253638 8993.678711
1775.441700 8980.000000 2.125393 8988.208008
1776.922700 8975.000000 2.022163 8982.674805
1778.402100 9038.000000 1.984646 8977.342773
1779.881300 8990.000000 2.002944 8972.490234
1781.358900 8916.000000 2.008556 8967.525391
1782.836200 8938.000000 2.027719 8962.604492
1784.311900 8969.000000 2.042825 8957.522461
1785.787400 8969.000000 2.027347 8952.326172
1787.262600 8940.000000 2.016263 8947.873047
1788.736200 8977.000000 2.002814 8943.773438
1790.208300 8946.000000 1.923923 8939.264648
1791.679800 8945.000000 1.842697 8934.860352
1793.150000 8958.000000 1.786387 8930.522461
1794.619900 9007.000000 1.769333 8927.104492
1796.089600 8912.000000 1.717223 8923.918945
1797.557600 8881.000000 1.660401 8920.993164
1799.023900 8909.000000 1.630689 8917.307617
1800.490100 8937.000000 1.636635 8913.084961
1801.954600 8876.000000 1.635516 8909.139648
1803.418900 8916.000000 1.636720 8905.716797
1804.883100 8863.000000 1.645910 8902.068359
1806.345500 8944.000000 1.689385 8898.898438
1807.806400 8868.000000 1.710486 8895.973633
1809.266800 8875.000000 1.736998 8893.329102
1810.727400 8898.000000 1.768724 8890.609375
1812.186000 8848.000000 1.792160 8887.626953
1813.643300 8866.000000 1.765401 8885.056641
1815.100100 8907.000000 1.745863 8882.119141
1816.556800 8866.000000 1.705036 8878.690430
1818.010400 8888.000000 1.656196 8875.974609
1819.465300 8887.000000 1.586718 8873.064453
1820.918500 8878.000000 1.538961 8870.024414
1822.370100 8832.000000 1.501332 8866.816406
1823.821400 8874.000000 1.473516 8864.440430
1825.272600 8857.000000 1.473070 8861.656250
1826.722200 8915.000000 1.487237 8858.804688
1828.169900 8803.000000 1.462323 8856.218750
1829.617600 8867.000000 1.450466 8854.266602
1831.065200 8879.000000 1.391458 8852.147461
1832.511000 8814.000000 1.320789 8849.591797
1833.956500 8852.000000 1.265609 8847.651367
1835.400500 8787.000000 1.237526 8845.208984
1836.842900 8865.000000 1.228957 8843.046875
1838.285200 8828.000000 1.231073 8840.959961
1839.727100 8838.000000 1.245726 8839.834961
1841.167400 8901.000000 1.293934 8838.794922
1842.606100 8810.000000 1.314366 8837.160156
1844.044400 8796.000000 1.353734 8835.681641
1845.482800 8794.000000 1.447881 8835.341797
1846.919400 8758.000000 1.520086 8835.250977
1848.356000 8735.000000 1.529335 8834.942383
1849.790800 8858.000000 1.571114 8835.031250
1851.224000 8880.000000 1.615779 8834.954102
1852.656900 8755.000000 1.609497 8834.916016
1854.089700 8825.000000 1.560660 8835.428711
1855.520800 8804.000000 1.525661 8836.083008
1856.951800 8785.000000 1.476910 8836.641602
1858.381100 8809.000000 1.433039 8837.184570
1859.808700 8860.000000 1.367253 8838.332031
1861.236300 8828.000000 1.342899 8839.054688
1862.663500 8828.000000 1.323440 8839.888672
1864.089100 8815.000000 1.297415 8841.144531
1865.514600 8836.000000 1.278113 8842.208984
1866.938500 8862.000000 1.280470 8843.251953
1868.360700 8781.000000 1.282207 8844.203125
1869.784200 8847.000000 1.303039 8845.318359
1871.204500 8860.000000 1.292557 8846.496094
1872.624600 8843.000000 1.269639 8847.629883
1874.044700 8868.000000 1.211549 8849.048828
1875.463000 8835.000000 1.182655 8850.914062
1876.881200 8926.000000 1.197035 8853.755859
1878.297700 8875.000000 1.267654 8855.200195
1879.714100 8814.000000 1.287449 8856.217773
1881.128800 8843.000000 1.285922 8856.448242
1882.541900 8923.000000 1.276085 8855.938477
1883.956200 8882.000000 1.281139 8853.987305
1885.367400 8836.000000 1.308605 8852.362305
1886.778600 8863.000000 1.316392 8851.725586
1888.189500 8974.000000 1.036565 8852.512695
