Raman_Shift Original_Spectrum Predicted_Raman Predicted_Baseline
294.894650 37021.000000 15.375514 36941.453125
297.232540 36950.000000 14.955820 36939.031250
299.568300 36923.000000 15.546354 36939.046875
301.905240 36914.000000 16.176434 36934.203125
304.238400 36836.000000 17.328007 36930.800781
306.571040 36757.000000 18.018932 36931.324219
308.903260 37181.000000 18.462339 36934.691406
311.233340 37258.000000 19.355120 36933.687500
313.562930 36950.000000 20.705219 36934.558594
315.890440 37015.000000 22.428373 36937.671875
318.215790 36862.000000 24.007046 36949.257812
320.540680 36803.000000 25.708374 36965.773438
322.865110 36875.000000 26.931845 36987.382812
325.187410 36751.000000 29.288258 37016.144531
327.509250 36968.000000 32.390434 37052.937500
329.828920 37135.000000 35.555466 37099.867188
332.148160 37068.000000 37.644753 37150.253906
334.465270 37185.000000 42.294838 37204.386719
336.781950 37324.000000 47.840435 37261.117188
339.096470 37168.000000 54.232292 37316.453125
341.408870 37421.000000 59.868763 37372.734375
343.722530 37398.000000 62.427448 37429.441406
346.032350 37648.000000 64.569183 37488.257812
348.341740 37547.000000 69.108192 37548.113281
350.650670 37981.000000 73.878899 37610.167969
352.957460 37965.000000 85.038498 37672.796875
355.263760 38029.000000 97.155922 37737.839844
357.568020 37961.000000 110.806519 37805.546875
359.871800 38126.000000 128.825195 37877.621094
362.173430 38121.000000 154.118546 37952.761719
364.474640 38561.000000 182.399658 38028.789062
366.773710 38331.000000 210.991623 38105.890625
369.072360 38283.000000 233.601288 38182.765625
371.368870 38368.000000 257.074615 38258.160156
373.664920 38442.000000 281.321808 38330.460938
375.958890 38729.000000 306.696320 38398.988281
378.252380 38811.000000 330.994843 38464.988281
380.543790 38796.000000 356.910339 38527.144531
382.834750 39047.000000 380.111206 38586.562500
385.123570 39030.000000 394.834991 38643.421875
387.411960 39025.000000 394.980286 38696.292969
389.698210 39221.000000 384.274109 38746.726562
391.984070 39328.000000 358.427979 38796.089844
394.267790 39173.000000 326.811249 38842.437500
396.551060 39207.000000 292.604187 38885.152344
398.832210 39209.000000 263.120758 38924.554688
401.112950 39349.000000 234.991333 38961.000000
403.391570 39352.000000 209.644165 38995.203125
405.669770 39350.000000 190.255661 39027.597656
407.945860 39478.000000 168.923950 39056.367188
410.221470 39297.000000 148.299744 39082.476562
412.495030 39459.000000 128.603317 39106.468750
414.768100 39404.000000 112.333862 39128.808594
417.039090 39325.000000 99.845047 39149.421875
419.309630 39341.000000 90.651199 39167.230469
421.579740 39256.000000 83.247749 39182.210938
423.846100 39280.000000 75.816017 39195.621094
426.113680 39470.000000 71.353653 39208.871094
428.377470 39394.000000 68.674187 39222.078125
430.642520 39238.000000 65.604698 39234.046875
432.905460 39374.000000 65.118881 39244.226562
435.166320 39460.000000 63.876045 39253.882812
437.426700 39479.000000 63.270821 39262.648438
439.685060 39371.000000 63.979546 39270.511719
441.942900 39369.000000 63.489899 39276.832031
444.198730 39352.000000 62.534718 39281.246094
446.454070 39451.000000 61.529194 39284.054688
448.708980 39313.000000 60.436501 39287.230469
450.961820 39420.000000 58.316376 39289.167969
453.212550 39362.000000 56.732323 39289.312500
455.462890 39313.000000 55.531342 39287.886719
457.711120 39331.000000 53.327953 39285.988281
459.958920 39403.000000 54.537762 39283.468750
462.204590 39253.000000 56.448383 39279.562500
464.449890 39218.000000 58.986828 39273.484375
466.694760 39418.000000 61.024239 39266.292969
468.937500 39208.000000 62.435822 39257.933594
471.178160 39278.000000 64.559502 39246.656250
473.418460 39267.000000 66.961502 39231.902344
475.656620 39207.000000 71.307755 39215.531250
477.894380 39357.000000 78.418938 39198.054688
480.131680 39362.000000 88.139732 39180.292969
482.366910 39208.000000 98.104660 39160.105469
484.600040 39362.000000 112.139626 39137.226562
486.832790 39390.000000 129.955444 39113.449219
489.063450 39554.000000 153.776031 39089.566406
491.293670 39336.000000 183.303955 39060.390625
493.523500 39184.000000 220.330368 39025.320312
495.751190 39442.000000 263.849030 38986.921875
497.976840 39362.000000 311.826019 38946.652344
500.202090 39158.000000 369.489807 38903.554688
502.426910 39210.000000 440.135651 38856.968750
504.649660 39260.000000 521.939819 38807.250000
506.870270 39453.000000 626.381653 38756.031250
509.090550 39174.000000 751.772949 38703.660156
511.310360 39408.000000 901.134460 38649.859375
513.528140 39720.000000 1042.639404 38593.062500
515.743770 39472.000000 1109.166382 38532.851562
517.959110 39540.000000 1037.102417 38474.351562
520.173890 39337.000000 853.731079 38420.906250
522.386660 39073.000000 654.712524 38367.363281
524.597410 38626.000000 497.244720 38311.011719
526.807740 38551.000000 375.851013 38255.753906
529.017580 38338.000000 285.541077 38202.210938
531.225400 38693.000000 221.786407 38152.039062
533.431210 38210.000000 182.022263 38105.207031
535.636470 38086.000000 157.243225 38061.414062
537.841430 37957.000000 142.747162 38021.960938
540.044310 38020.000000 132.200531 37983.328125
542.245120 38242.000000 126.254112 37947.613281
544.445500 38085.000000 123.879639 37914.882812
546.645450 37996.000000 125.418533 37885.390625
548.843380 37847.000000 127.858742 37857.210938
551.040830 38018.000000 133.200607 37829.312500
553.236330 38103.000000 141.537872 37802.355469
555.429690 38110.000000 155.508774 37778.531250
557.622680 38091.000000 175.582809 37755.570312
559.815250 38133.000000 206.576660 37734.304688
562.005800 38237.000000 255.656570 37715.824219
564.195920 37833.000000 334.344543 37700.933594
566.383910 38245.000000 456.037506 37683.925781
568.569950 38414.000000 606.272095 37666.421875
570.755550 38465.000000 703.080750 37649.074219
572.940730 38511.000000 663.740845 37632.257812
575.123900 38212.000000 530.088013 37616.089844
577.306640 38144.000000 404.810913 37596.910156
579.487300 38058.000000 315.456055 37576.964844
581.665950 37941.000000 257.238586 37557.148438
583.844120 37960.000000 220.095291 37538.031250
586.021970 37764.000000 199.799133 37519.296875
588.197750 37692.000000 187.798737 37500.199219
590.373170 37902.000000 182.640411 37483.207031
592.546450 37734.000000 178.739777 37465.562500
594.719420 37493.000000 176.720520 37447.367188
596.890260 37823.000000 178.508331 37428.269531
599.059140 37480.000000 183.753403 37411.937500
601.229190 37391.000000 188.261917 37393.718750
603.395570 37472.000000 197.311310 37376.210938
605.561580 37574.000000 207.019745 37358.433594
607.727170 37704.000000 221.808151 37341.968750
609.890750 37680.000000 236.189377 37326.621094
612.053960 37724.000000 254.194778 37311.140625
614.215030 37606.000000 278.941711 37295.183594
616.375790 37661.000000 306.875427 37277.242188
618.534480 37550.000000 338.266144 37257.191406
620.692750 37555.000000 379.321167 37234.828125
622.849000 37875.000000 423.855774 37210.457031
625.004820 37534.000000 474.872009 37184.277344
627.158750 37618.000000 540.122437 37154.910156
629.310490 37656.000000 621.724304 37125.757812
631.463560 37728.000000 729.933960 37096.101562
633.612920 37734.000000 871.033020 37066.203125
635.763490 38168.000000 1072.764160 37036.542969
637.910460 38171.000000 1328.153564 37010.093750
640.058650 38589.000000 1684.022095 36984.558594
642.203190 39162.000000 2148.526855 36961.386719
644.348880 39729.000000 2770.695068 36943.820312
646.491030 40559.000000 3502.660889 36923.746094
648.634400 41121.000000 4313.940430 36901.492188
650.774050 41949.000000 5100.364746 36880.886719
652.914980 42505.000000 5664.239746 36866.953125
655.052250 42736.000000 5748.260742 36859.246094
657.190730 42201.000000 5330.821289 36854.046875
659.325620 41422.000000 4639.801758 36855.054688
661.461730 40747.000000 3854.199219 36849.742188
663.594180 40008.000000 3160.518799 36837.171875
665.727910 39289.000000 2589.758789 36818.652344
667.857910 38972.000000 2158.513428 36801.640625
669.989200 38653.000000 1823.003296 36792.371094
672.118470 38465.000000 1556.670166 36786.062500
674.245670 37872.000000 1327.816650 36778.367188
676.372560 37894.000000 1143.807983 36765.015625
678.497380 37891.000000 992.023926 36749.925781
680.621830 37888.000000 864.657593 36733.757812
682.744320 37513.000000 763.364685 36718.878906
684.866390 37398.000000 684.721558 36703.097656
686.986450 37323.000000 625.664917 36690.289062
689.106080 37438.000000 583.198853 36680.429688
691.223750 37082.000000 554.575195 36671.976562
693.341000 37152.000000 536.974609 36663.003906
695.457820 37127.000000 532.810486 36655.652344
697.571110 37260.000000 538.028198 36648.167969
699.685610 37058.000000 554.228027 36640.441406
701.798100 37273.000000 575.909424 36631.972656
703.908570 37338.000000 613.241394 36623.070312
706.018620 37449.000000 652.574158 36613.417969
708.126770 37144.000000 691.484436 36604.542969
710.234380 37395.000000 709.168823 36596.121094
712.340150 37263.000000 694.573120 36587.117188
714.445430 37174.000000 655.069397 36577.628906
716.550350 37178.000000 594.989624 36570.750000
718.653260 37066.000000 526.246582 36566.519531
720.754270 36846.000000 456.705750 36563.042969
722.854800 37082.000000 398.226257 36559.363281
724.953370 36848.000000 348.850403 36556.554688
727.051570 36821.000000 307.425446 36552.527344
729.149350 36762.000000 271.309265 36548.500000
731.243530 36759.000000 241.139435 36542.472656
733.338990 36827.000000 215.361496 36532.339844
735.432370 36886.000000 192.747925 36518.585938
737.523800 36759.000000 175.336380 36505.828125
739.614870 36656.000000 160.915253 36493.933594
741.705570 36510.000000 149.185883 36483.203125
743.792600 36471.000000 140.761871 36471.804688
745.880920 36393.000000 133.792206 36460.609375
747.967220 36496.000000 126.690956 36449.441406
750.051570 36343.000000 121.134720 36439.375000
752.135500 36458.000000 116.471756 36429.156250
754.219120 36612.000000 110.076126 36418.800781
756.300720 36551.000000 103.504639 36408.832031
758.380310 36406.000000 97.618744 36399.324219
760.459530 36388.000000 90.589783 36389.199219
762.538390 36181.000000 84.647568 36379.535156
764.615300 36558.000000 79.145195 36368.496094
766.690190 36546.000000 74.541214 36357.421875
768.764710 36419.000000 70.078148 36346.281250
770.838810 36390.000000 66.536697 36334.750000
772.909360 36445.000000 62.294422 36323.160156
774.981140 36443.000000 59.060158 36310.242188
777.050960 36502.000000 56.993664 36296.750000
779.120420 36464.000000 55.477722 36284.117188
781.187870 36417.000000 54.402496 36272.125000
783.253420 36283.000000 53.875957 36261.085938
785.318480 36337.000000 53.446087 36249.437500
787.383240 36357.000000 51.203594 36238.839844
789.445980 36128.000000 49.083763 36228.312500
791.506770 36190.000000 47.566944 36217.625000
793.567260 36327.000000 46.267567 36206.550781
795.627260 36351.000000 44.840786 36193.867188
797.685360 36298.000000 44.169807 36180.968750
799.741520 36248.000000 43.648781 36167.195312
801.797240 36197.000000 43.198723 36151.691406
803.852600 36353.000000 42.231705 36136.402344
805.906010 35827.000000 41.846825 36121.289062
807.959050 36236.000000 41.518406 36105.550781
810.010130 35959.000000 41.773987 36089.121094
812.059200 36097.000000 41.653439 36070.367188
814.107970 36170.000000 41.720520 36050.386719
816.156370 36099.000000 42.148640 36028.812500
818.202760 36157.000000 42.560844 36006.625000
820.247190 35989.000000 41.472702 35984.238281
822.292850 36004.000000 40.804413 35960.171875
824.335020 36103.000000 40.166237 35933.593750
826.376770 36067.000000 39.603348 35904.109375
828.418090 35858.000000 38.697350 35874.152344
830.457520 35867.000000 37.847363 35843.625000
832.496640 36000.000000 37.192081 35811.570312
834.533690 35895.000000 36.852276 35777.304688
836.568910 35589.000000 36.276176 35742.171875
838.603700 35681.000000 35.885532 35705.589844
840.638060 35728.000000 35.452751 35668.695312
842.670530 35714.000000 35.328323 35629.917969
844.702640 35517.000000 34.866852 35591.523438
846.732790 35617.000000 34.275963 35552.824219
848.762570 35697.000000 33.511234 35512.781250
850.790470 35359.000000 32.843727 35470.660156
852.816350 35465.000000 32.056274 35427.628906
854.843440 35357.000000 31.611353 35383.308594
856.867070 35465.000000 31.199890 35337.441406
858.890200 35458.000000 31.202938 35289.382812
860.913150 35176.000000 31.011082 35240.699219
862.934020 35099.000000 31.899509 35190.226562
864.954530 35109.000000 33.087746 35138.730469
866.973140 35172.000000 34.395836 35085.914062
868.991390 34803.000000 36.424965 35033.757812
871.007690 35184.000000 39.180244 34979.843750
873.023620 35053.000000 42.430363 34923.218750
875.037660 34658.000000 49.178387 34866.367188
877.051270 34954.000000 58.002563 34808.628906
879.062990 34767.000000 72.094368 34751.000000
881.074340 34857.000000 93.325798 34692.972656
883.083740 34713.000000 127.398582 34635.023438
885.092770 34919.000000 173.641357 34574.425781
887.099850 34786.000000 214.735397 34513.578125
889.104980 34815.000000 228.233398 34451.160156
891.111450 34426.000000 206.429901 34386.785156
893.114260 34452.000000 162.020660 34321.714844
895.118410 34287.000000 123.072815 34256.066406
897.119020 34527.000000 92.695885 34188.925781
899.120790 34396.000000 73.241516 34120.679688
901.119080 34114.000000 60.674202 34051.066406
903.118650 34127.000000 53.920067 33978.738281
905.114620 34014.000000 50.874889 33906.875000
907.111880 33898.000000 48.758125 33837.425781
909.107180 33804.000000 46.015301 33769.804688
911.100520 33791.000000 43.496151 33700.984375
913.093630 33660.000000 41.340080 33634.367188
915.084660 33578.000000 40.254269 33569.433594
917.075380 33503.000000 39.658802 33506.195312
919.064210 33521.000000 39.275208 33442.160156
921.052730 33312.000000 39.143112 33378.988281
923.039310 33284.000000 39.836845 33317.347656
925.025450 33325.000000 40.293156 33256.699219
927.009770 33141.000000 41.113335 33195.980469
928.993650 33039.000000 41.971561 33135.964844
930.975590 33154.000000 43.276424 33076.269531
932.957280 32966.000000 44.526279 33018.152344
934.937010 33023.000000 45.818253 32961.777344
936.916380 33122.000000 46.604843 32906.140625
938.895390 32975.000000 48.448723 32852.875000
940.870970 32972.000000 49.612209 32801.468750
942.847660 32860.000000 51.357903 32751.503906
944.822510 32794.000000 53.634377 32703.923828
946.795470 32423.000000 57.646839 32657.968750
948.768010 32563.000000 63.006813 32613.015625
950.738710 32553.000000 69.605103 32569.171875
952.708980 32539.000000 78.624741 32526.626953
954.677310 32616.000000 94.454163 32486.794922
956.645390 32559.000000 117.175743 32446.632812
958.613160 32674.000000 151.814545 32405.207031
960.578920 32623.000000 204.882126 32365.564453
962.542720 32654.000000 293.016663 32329.087891
964.506290 32695.000000 437.421814 32292.558594
966.467960 32943.000000 649.548950 32257.417969
968.429260 33223.000000 882.424316 32222.552734
970.390140 33140.000000 1009.583984 32186.335938
972.347660 33124.000000 926.386414 32153.908203
974.306270 33000.000000 703.285767 32127.189453
976.263060 32572.000000 481.877930 32104.322266
978.218020 32247.000000 329.086365 32078.039062
980.172490 32257.000000 231.990387 32047.425781
982.125120 32139.000000 174.502838 32017.304688
984.077390 32335.000000 137.836807 31986.257812
986.029360 32116.000000 112.265602 31958.521484
987.979370 32137.000000 92.885658 31930.935547
989.927490 32070.000000 79.410011 31901.294922
991.875310 32119.000000 70.231293 31872.490234
993.822750 31958.000000 63.473499 31847.027344
995.768370 32017.000000 58.746590 31823.580078
997.711980 31990.000000 55.123863 31799.783203
999.655270 31699.000000 52.866463 31778.316406
1001.596700 31910.000000 51.232277 31759.750000
1003.537700 31752.000000 49.505344 31742.156250
1005.478600 31549.000000 48.329918 31726.820312
1007.417400 31859.000000 47.343620 31713.140625
1009.354300 31821.000000 46.915230 31698.767578
1011.291000 31716.000000 46.682178 31685.673828
1013.227200 31579.000000 46.328255 31672.103516
1015.161600 31614.000000 46.048405 31658.277344
1017.094100 31731.000000 46.081474 31646.039062
1019.026200 31712.000000 45.560402 31633.109375
1020.958000 31677.000000 45.063599 31621.785156
1022.888000 31424.000000 45.010971 31611.755859
1024.816000 31616.000000 45.285484 31600.904297
1026.743800 31459.000000 45.568325 31589.972656
1028.671100 31650.000000 46.316780 31580.380859
1030.596600 31703.000000 46.943100 31572.048828
1032.521700 31493.000000 48.141724 31565.029297
1034.444900 31792.000000 49.381760 31559.433594
1036.366300 31617.000000 50.827736 31552.791016
1038.287400 31794.000000 52.552471 31547.132812
1040.208100 31611.000000 55.362862 31540.154297
1042.127000 31509.000000 58.563423 31536.197266
1044.043800 31670.000000 63.053234 31533.992188
1045.960400 31668.000000 68.477013 31529.378906
1047.876700 31678.000000 76.132454 31523.849609
1049.791000 31505.000000 85.621758 31519.195312
1051.705100 31664.000000 98.971970 31515.972656
1053.617300 31818.000000 115.756790 31509.845703
1055.527600 31752.000000 139.575516 31502.185547
1057.437500 31784.000000 169.564377 31494.181641
1059.347300 31871.000000 207.608063 31485.490234
1061.255000 31693.000000 251.435089 31476.080078
1063.162500 31651.000000 300.111145 31466.203125
1065.068000 31858.000000 352.069214 31456.013672
1066.971700 31730.000000 411.884949 31445.544922
1068.875000 31856.000000 472.897522 31434.117188
1070.778100 32045.000000 520.192322 31424.005859
1072.679200 32129.000000 529.083923 31414.232422
1074.580000 31902.000000 488.009613 31404.955078
1076.479000 31722.000000 412.568939 31395.498047
1078.377600 31757.000000 334.278625 31383.283203
1080.274400 31768.000000 267.299866 31368.109375
1082.169200 31781.000000 218.699188 31354.785156
1084.065300 31507.000000 182.689178 31341.171875
1085.958000 31406.000000 153.767609 31326.708984
1087.850300 31286.000000 128.136780 31311.173828
1089.742400 31456.000000 108.553421 31296.978516
1091.632600 31404.000000 93.884796 31283.869141
1093.522500 31311.000000 82.586105 31274.103516
1095.410400 31197.000000 75.521103 31263.714844
1097.298100 31432.000000 70.043190 31254.728516
1099.183800 31233.000000 66.240791 31246.740234
1101.069300 31426.000000 63.562244 31240.769531
1102.952900 31305.000000 60.814686 31235.853516
1104.834600 31141.000000 59.216034 31231.664062
1106.717700 31370.000000 58.347717 31228.158203
1108.597200 31280.000000 57.341393 31226.796875
1110.477900 31201.000000 56.206367 31220.742188
1112.355300 31233.000000 55.643574 31217.306641
1114.232300 31062.000000 55.211601 31214.896484
1116.109100 31149.000000 54.381878 31211.742188
1117.984000 31290.000000 53.917866 31208.101562
1119.858500 31147.000000 55.314739 31204.644531
1121.731300 31132.000000 57.277912 31197.417969
1123.603600 31296.000000 59.198967 31191.300781
1125.474100 31375.000000 60.339832 31185.146484
1127.344400 31497.000000 61.046856 31179.351562
1129.212600 31188.000000 62.037025 31173.564453
1131.080700 31412.000000 63.935036 31171.451172
1132.946900 31049.000000 66.331894 31169.246094
1134.812700 31251.000000 69.736000 31169.546875
1136.676800 31175.000000 73.256332 31170.824219
1138.540400 31170.000000 77.812599 31176.343750
1140.402300 31427.000000 82.820305 31182.990234
1142.263800 31200.000000 90.883629 31191.466797
1144.123400 31363.000000 100.031273 31194.845703
1145.982800 31320.000000 111.848534 31196.177734
1147.841800 31262.000000 125.347549 31200.089844
1149.697500 31600.000000 142.246201 31205.644531
1151.554400 31571.000000 164.208710 31213.382812
1153.407800 31327.000000 196.024277 31221.068359
1155.262600 31629.000000 243.097122 31227.679688
1157.115500 31770.000000 309.061218 31234.492188
1158.966400 31621.000000 395.398773 31239.802734
1160.817100 31836.000000 480.848877 31249.117188
1162.666000 31985.000000 528.135681 31260.187500
1164.514500 31824.000000 517.262634 31272.066406
1166.361300 31932.000000 462.790833 31284.589844
1168.207600 31839.000000 401.938538 31295.441406
1170.052200 31655.000000 356.633057 31307.775391
1171.896500 31689.000000 334.759186 31320.232422
1173.740400 31702.000000 330.528259 31329.720703
1175.580900 31779.000000 345.108368 31339.587891
1177.422900 31960.000000 366.582336 31348.468750
1179.262700 31981.000000 405.391907 31356.201172
1181.100700 31786.000000 463.323730 31368.027344
1182.938600 31972.000000 544.856812 31382.072266
1184.774500 32034.000000 650.879456 31397.365234
1186.610200 32313.000000 786.188416 31414.835938
1188.444000 32306.000000 951.961548 31432.908203
1190.277500 32644.000000 1150.810425 31450.445312
1192.110700 33037.000000 1365.706787 31469.923828
1193.942000 33131.000000 1572.812744 31486.953125
1195.771600 33317.000000 1747.519531 31501.158203
1197.600700 33332.000000 1852.972290 31517.634766
1199.428100 33321.000000 1869.674072 31533.365234
1201.255200 33501.000000 1796.436768 31546.771484
1203.082000 33346.000000 1644.269775 31561.080078
1204.907000 33005.000000 1439.878174 31577.980469
1206.730100 32923.000000 1237.947998 31598.503906
1208.552900 32794.000000 1073.776123 31619.402344
1210.373900 32730.000000 959.592896 31643.181641
1212.194600 32544.000000 890.362915 31668.345703
1214.015000 32625.000000 865.606079 31691.574219
1215.833500 32562.000000 885.881165 31714.527344
1217.650300 32741.000000 960.059448 31736.949219
1219.466700 32965.000000 1098.923828 31761.820312
1221.281300 33090.000000 1298.307007 31785.599609
1223.095600 33516.000000 1561.135986 31807.386719
1224.909500 33804.000000 1858.625732 31830.103516
1226.721700 34083.000000 2134.410889 31852.046875
1228.532000 34148.000000 2325.945312 31874.232422
1230.342000 34201.000000 2369.485840 31897.916016
1232.151700 34164.000000 2235.541748 31922.615234
1233.959700 33907.000000 1959.332642 31947.117188
1235.765900 33807.000000 1625.595459 31971.285156
1237.571700 33244.000000 1300.060181 31995.003906
1239.377100 33113.000000 1037.294067 32020.921875
1241.180800 32995.000000 841.429077 32049.804688
1242.982700 32757.000000 718.010132 32079.646484
1244.784200 32932.000000 649.504883 32106.498047
1246.585300 32757.000000 622.875366 32132.712891
1248.384900 32589.000000 626.531372 32157.281250
1250.182500 32754.000000 658.130920 32179.195312
1251.979700 32841.000000 716.495422 32197.324219
1253.776900 32994.000000 816.773499 32213.861328
1255.572000 33299.000000 954.855347 32230.806641
1257.365500 33315.000000 1133.718872 32248.650391
1259.160000 33709.000000 1383.554443 32271.896484
1260.951300 34183.000000 1723.279541 32308.431641
1262.742300 34410.000000 2209.901123 32360.515625
1264.533100 35229.000000 2841.789795 32409.308594
1266.322000 36247.000000 3569.364502 32450.447266
1268.109000 36467.000000 4304.078125 32483.988281
1269.895800 37424.000000 4861.487305 32507.011719
1271.682400 37532.000000 5044.004883 32530.160156
1273.466900 37361.000000 4765.663086 32559.140625
1275.251500 36645.000000 4139.260742 32596.636719
1277.033900 35959.000000 3421.964844 32636.564453
1278.814700 35457.000000 2736.260498 32677.134766
1280.595200 35087.000000 2156.795410 32716.652344
1282.375400 34395.000000 1694.008545 32754.484375
1284.153800 33906.000000 1336.433838 32796.199219
1285.931900 33912.000000 1066.069092 32839.730469
1287.708100 33834.000000 870.628540 32884.839844
1289.482500 33719.000000 727.774536 32933.398438
1291.256800 33763.000000 622.978516 32981.312500
1293.030600 33534.000000 544.723572 33029.359375
1294.802900 33715.000000 484.775238 33074.949219
1296.574600 33788.000000 440.349915 33121.496094
1298.344600 33509.000000 407.838806 33168.414062
1300.114400 33461.000000 387.115173 33216.476562
1301.882300 33609.000000 368.983307 33266.496094
1303.648300 33765.000000 357.185822 33319.484375
1305.415800 33829.000000 353.902954 33372.597656
1307.179700 33892.000000 356.226257 33424.968750
1308.943500 34066.000000 362.686584 33476.375000
1310.707000 33862.000000 376.088806 33530.125000
1312.468600 33889.000000 398.279663 33582.636719
1314.230000 34143.000000 429.325928 33638.046875
1315.989500 34252.000000 475.745514 33694.605469
1317.748800 34355.000000 547.957581 33751.410156
1319.506200 34423.000000 649.654602 33807.753906
1321.263400 34807.000000 786.641296 33863.699219
1323.018900 34783.000000 965.233032 33918.890625
1324.774000 35189.000000 1188.356689 33976.425781
1326.527300 35453.000000 1449.510254 34033.117188
1328.278900 35946.000000 1722.158447 34092.363281
1330.031700 36142.000000 1978.073853 34152.281250
1331.781100 36289.000000 2163.766357 34211.023438
1333.531900 36468.000000 2210.146729 34266.343750
1335.279300 36319.000000 2093.292236 34319.683594
1337.027800 36336.000000 1850.128662 34370.714844
1338.773200 35943.000000 1553.884399 34421.660156
1340.518300 35692.000000 1263.877686 34468.042969
1342.263100 35599.000000 1015.493774 34511.964844
1344.006000 35282.000000 816.117554 34553.257812
1345.748700 35461.000000 663.242004 34594.386719
1347.489500 35108.000000 555.078979 34634.492188
1349.230200 35091.000000 478.806091 34673.218750
1350.969100 34950.000000 423.698914 34711.789062
1352.707500 35303.000000 385.585754 34749.156250
1354.445900 35237.000000 360.547302 34784.820312
1356.180900 35257.000000 346.565552 34819.679688
1357.917000 35105.000000 340.849335 34852.453125
1359.649900 35221.000000 345.162323 34883.246094
1361.384200 35160.000000 360.021179 34912.042969
1363.115000 35389.000000 390.202606 34938.968750
1364.847000 35326.000000 439.438904 34964.972656
1366.577400 35419.000000 518.651550 34987.332031
1368.305900 35658.000000 636.485779 35008.101562
1370.034300 35684.000000 811.435913 35027.210938
1371.760600 36322.000000 1051.117798 35046.316406
1373.486900 36415.000000 1349.081909 35064.070312
1375.211300 36795.000000 1669.644165 35079.726562
1376.935400 36915.000000 1920.277588 35090.390625
1378.657800 37110.000000 1996.515625 35095.863281
1380.380000 36980.000000 1845.024048 35102.449219
1382.100200 36594.000000 1536.011963 35106.390625
1383.820300 36230.000000 1206.958618 35109.585938
1385.540200 36042.000000 917.936401 35108.203125
1387.256500 35757.000000 696.582397 35105.710938
1388.974200 35830.000000 537.608459 35101.125000
1390.690300 35398.000000 430.572021 35095.769531
1392.404400 35515.000000 353.716492 35086.617188
1394.118400 35423.000000 299.282318 35075.835938
1395.830400 35451.000000 260.105103 35063.234375
1397.542200 35150.000000 232.829620 35051.812500
1399.252300 35446.000000 211.911163 35039.515625
1400.962200 35191.000000 196.824463 35026.335938
1402.671800 35105.000000 184.951782 35014.367188
1404.379500 35007.000000 177.063278 35001.574219
1406.085600 35101.000000 170.106339 34988.335938
1407.791300 35172.000000 163.365479 34976.964844
1409.495200 35129.000000 160.588837 34967.335938
1411.199000 35245.000000 157.875702 34957.011719
1412.902500 35312.000000 157.627533 34945.042969
1414.604000 35164.000000 157.773880 34934.074219
1416.304000 35370.000000 158.350861 34921.871094
1418.003700 34992.000000 157.616913 34910.511719
1419.701500 35221.000000 156.750015 34898.003906
1421.399000 34972.000000 156.466278 34885.195312
1423.096400 34984.000000 158.849838 34870.136719
1424.792000 34972.000000 163.307098 34855.265625
1426.485700 34665.000000 170.080841 34842.535156
1428.179300 34868.000000 178.088409 34831.828125
1429.871100 34922.000000 188.523590 34821.441406
1431.562500 35155.000000 201.442078 34812.707031
1433.253900 35083.000000 216.837311 34805.632812
1434.943400 34948.000000 235.236084 34797.636719
1436.631000 35142.000000 258.244385 34786.777344
1438.318500 35149.000000 286.687012 34774.398438
1440.005600 34889.000000 325.828033 34760.929688
1441.691000 34787.000000 374.641541 34747.613281
1443.374800 35096.000000 437.521576 34734.929688
1445.058200 35151.000000 513.037109 34723.164062
1446.741300 35436.000000 606.909851 34713.242188
1448.422900 35509.000000 725.696228 34706.554688
1450.102400 35529.000000 874.789062 34700.652344
1451.781700 35863.000000 1052.686768 34693.804688
1453.460900 36068.000000 1267.458984 34687.695312
1455.138200 35831.000000 1513.863281 34683.812500
1456.813800 36409.000000 1768.571045 34681.460938
1458.489100 36611.000000 2012.745728 34678.410156
1460.164300 36705.000000 2210.516357 34671.773438
1461.837600 37002.000000 2327.276611 34662.601562
1463.509200 36949.000000 2345.047363 34653.000000
1465.180500 36925.000000 2256.946777 34644.613281
1466.851600 36507.000000 2068.125244 34635.792969
1468.520900 36203.000000 1821.230225 34628.046875
1470.189900 36232.000000 1560.356079 34620.468750
1471.857200 35924.000000 1323.381714 34612.687500
1473.522800 35604.000000 1114.583984 34606.156250
1475.188100 35409.000000 933.177917 34600.113281
1476.853100 35208.000000 780.273804 34593.812500
1478.516500 35140.000000 652.884583 34588.738281
1480.178000 35117.000000 553.256226 34584.960938
1481.839200 34842.000000 474.596252 34582.859375
1483.500400 35046.000000 410.409729 34580.078125
1485.159700 34928.000000 363.119751 34577.035156
1486.818600 34986.000000 325.651428 34573.816406
1488.476000 34683.000000 297.777679 34569.664062
1490.131500 34774.000000 277.230225 34564.183594
1491.788300 34621.000000 263.065887 34559.742188
1493.441800 34719.000000 249.762741 34556.332031
1495.095100 34712.000000 240.928192 34552.929688
1496.748000 34728.000000 235.866455 34548.980469
1498.399400 34886.000000 232.146118 34544.917969
1500.050400 34768.000000 227.705902 34541.171875
1501.699700 34724.000000 226.286133 34538.093750
1503.347300 34926.000000 227.762772 34534.375000
1504.996100 34732.000000 228.221237 34530.601562
1506.641600 34674.000000 232.208450 34527.652344
1508.287000 34730.000000 239.579178 34526.128906
1509.932000 34838.000000 251.359451 34527.535156
1511.575300 34499.000000 264.933044 34529.437500
1513.218500 35101.000000 284.952332 34531.187500
1514.859700 34831.000000 307.689270 34532.824219
1516.500900 34871.000000 338.190979 34533.367188
1518.140300 35118.000000 373.792145 34534.273438
1519.777800 34991.000000 416.870697 34535.867188
1521.416700 35005.000000 472.127258 34538.761719
1523.052200 35180.000000 538.992004 34540.585938
1524.689200 35315.000000 622.013123 34540.410156
1526.322800 35200.000000 725.578552 34537.687500
1527.956200 35469.000000 856.617065 34536.859375
1529.589400 35395.000000 1019.373840 34539.937500
1531.220800 35666.000000 1215.029419 34542.652344
1532.851900 35981.000000 1444.456055 34545.347656
1534.481400 36417.000000 1711.331055 34551.406250
1536.110600 36475.000000 1997.504150 34557.421875
1537.738000 36901.000000 2287.044678 34564.738281
1539.365200 37218.000000 2548.986816 34572.410156
1540.990700 37324.000000 2735.682373 34576.808594
1542.616000 37325.000000 2811.253906 34578.703125
1544.239500 37237.000000 2751.533203 34579.699219
1545.862700 37199.000000 2576.907715 34578.230469
1547.484400 36859.000000 2321.789551 34577.460938
1549.105600 36539.000000 2032.692993 34574.152344
1550.725100 36484.000000 1753.102539 34570.917969
1552.344500 36039.000000 1499.772217 34564.949219
1553.962000 35516.000000 1276.943604 34559.097656
1555.579300 35555.000000 1083.608643 34553.542969
1557.195100 35364.000000 914.779419 34548.539062
1558.810400 35442.000000 773.814270 34546.242188
1560.424100 35261.000000 658.220886 34547.562500
1562.037500 35060.000000 566.805786 34548.167969
1563.649200 35117.000000 494.133606 34548.687500
1565.260600 34783.000000 434.484802 34552.093750
1566.870500 34855.000000 387.198822 34556.734375
1568.479900 34889.000000 346.566742 34561.636719
1570.089100 34973.000000 312.948334 34565.968750
1571.695200 34604.000000 285.435608 34571.085938
1573.302500 34825.000000 263.008759 34577.621094
1574.906500 34851.000000 243.232254 34585.367188
1576.511800 34771.000000 222.243622 34593.460938
1578.115500 35009.000000 203.779510 34601.445312
1579.717400 34886.000000 187.972626 34610.722656
1581.319100 34711.000000 174.447876 34621.113281
1582.919100 35143.000000 161.559784 34631.007812
1584.518700 34577.000000 150.557068 34641.585938
1586.116600 34711.000000 141.505417 34654.695312
1587.714500 34606.000000 134.598572 34667.898438
1589.310500 34806.000000 125.376465 34681.515625
1590.906300 34630.000000 116.344421 34695.746094
1592.501800 34814.000000 108.883163 34709.496094
1594.095700 34767.000000 102.984970 34723.097656
1595.687900 34693.000000 95.970200 34738.316406
1597.279700 34671.000000 89.485977 34755.132812
1598.869900 34767.000000 83.375069 34770.019531
1600.459700 34853.000000 78.243790 34783.089844
1602.048100 34689.000000 73.980240 34796.054688
1603.636000 34624.000000 70.098747 34807.914062
1605.223900 35023.000000 66.562164 34818.828125
1606.809800 34695.000000 63.465679 34829.347656
1608.394200 34815.000000 60.094170 34840.957031
1609.978300 34705.000000 56.414082 34854.789062
1611.560700 34770.000000 53.035805 34871.355469
1613.142900 35142.000000 50.516151 34885.691406
1614.724700 35212.000000 48.813560 34899.468750
1616.304900 35021.000000 47.860847 34912.503906
1617.883500 35021.000000 46.925457 34926.816406
1619.461800 35119.000000 45.070641 34940.914062
1621.038300 35091.000000 42.419422 34954.304688
1622.614700 35220.000000 39.880909 34967.558594
1624.190800 35060.000000 37.678276 34980.234375
1625.765300 35133.000000 35.948193 34990.617188
1627.337900 35263.000000 34.359436 35000.085938
1628.910400 34998.000000 32.510101 35010.039062
1630.482700 35166.000000 30.986334 35019.714844
1632.053200 35199.000000 29.285267 35027.050781
1633.622100 35237.000000 27.351604 35034.449219
1635.190600 34944.000000 25.433159 35041.757812
1636.759000 35234.000000 23.725668 35048.582031
1638.325700 35331.000000 22.517811 35053.800781
1639.890700 35347.000000 22.036434 35058.453125
1641.455400 35185.000000 21.621294 35061.179688
1643.019900 35004.000000 20.934177 35062.328125
1644.582800 35004.000000 19.990810 35060.953125
1646.143900 35040.000000 18.866655 35058.312500
1647.704700 35159.000000 18.155394 35053.421875
1649.265500 35213.000000 17.664249 35045.007812
1650.824500 34984.000000 17.731548 35033.894531
1652.381600 35171.000000 17.868101 35022.121094
1653.938700 34997.000000 18.111012 35010.117188
1655.495500 35046.000000 18.371277 34996.828125
1657.050700 35221.000000 18.286976 34978.769531
1658.604100 34968.000000 18.118954 34958.414062
1660.157200 35061.000000 18.030378 34936.398438
1661.710200 35061.000000 17.766806 34910.539062
1663.261500 34710.000000 17.793608 34881.035156
1664.811200 34891.000000 17.718594 34849.503906
1666.361900 34781.000000 17.521862 34815.882812
1667.909700 34716.000000 17.306225 34783.593750
1669.457200 34929.000000 17.038994 34750.101562
1671.004300 34674.000000 16.910656 34714.949219
1672.549900 34644.000000 16.796501 34677.808594
1674.093600 34348.000000 16.796169 34640.632812
1675.637300 34645.000000 16.787426 34602.050781
1677.180800 34565.000000 16.544275 34563.015625
1678.722400 34490.000000 16.348721 34523.496094
1680.263900 34376.000000 16.132391 34484.308594
1681.803700 34212.000000 15.710520 34445.148438
1683.341800 34519.000000 15.001532 34407.941406
1684.881200 34265.000000 14.625023 34371.996094
1686.417500 34277.000000 14.389832 34335.851562
1687.953400 34369.000000 14.030698 34298.882812
1689.489100 34281.000000 13.698131 34261.027344
1691.023200 34294.000000 13.353773 34221.835938
1692.557100 34044.000000 12.864018 34182.156250
1694.089200 34066.000000 11.990609 34142.101562
1695.619800 33940.000000 11.183245 34104.160156
1697.151500 33974.000000 10.821891 34066.386719
1698.680200 34103.000000 10.509175 34029.640625
1700.208500 33838.000000 10.426883 33994.222656
1701.736600 33744.000000 10.489092 33960.152344
1703.263100 34003.000000 10.227496 33926.347656
1704.789300 33871.000000 9.913812 33891.781250
1706.314000 33978.000000 9.669497 33855.050781
1707.838100 33945.000000 9.501070 33818.480469
1709.361000 33698.000000 9.583078 33781.582031
1710.883300 33651.000000 9.619004 33745.125000
1712.404100 33784.000000 9.497925 33707.972656
1713.923100 33716.000000 9.448298 33669.894531
1715.443500 33740.000000 9.427891 33631.480469
1716.960700 33500.000000 9.388916 33593.359375
1718.479100 33663.000000 9.054758 33555.265625
1719.994500 33758.000000 8.629342 33517.226562
1721.509600 33456.000000 8.203001 33479.843750
1723.024400 33397.000000 7.808248 33443.136719
1724.537600 33344.000000 7.524952 33405.039062
1726.050700 33353.000000 7.435623 33368.042969
1727.561900 33567.000000 7.370125 33331.339844
1729.073000 33461.000000 7.395967 33292.316406
1730.582400 33301.000000 7.400134 33253.019531
1732.091700 33523.000000 7.336370 33213.421875
1733.599200 33129.000000 7.655637 33174.808594
1735.106600 33331.000000 8.063641 33136.195312
1736.612100 33039.000000 8.292199 33099.968750
1738.117600 32967.000000 8.399771 33064.921875
1739.621300 33019.000000 8.499138 33031.390625
1741.125000 32773.000000 8.705981 32996.617188
1742.626800 32912.000000 8.837173 32962.113281
1744.128400 32795.000000 8.926087 32928.539062
1745.628500 33149.000000 9.020947 32895.351562
1747.128300 32892.000000 9.131411 32862.667969
1748.626300 32825.000000 9.145802 32829.062500
1750.124300 32757.000000 9.170875 32797.835938
1751.620500 32660.000000 9.233503 32767.507812
1753.116600 32733.000000 9.282761 32739.652344
1754.612400 32838.000000 9.325965 32712.445312
1756.105100 32739.000000 9.405690 32686.085938
1757.599100 32667.000000 9.522563 32659.933594
1759.091300 32743.000000 9.541282 32632.296875
1760.582000 32664.000000 9.506166 32603.207031
1762.072400 32718.000000 9.509024 32576.453125
1763.561000 32538.000000 9.416849 32550.941406
1765.049600 32354.000000 9.244170 32526.658203
1766.536500 32613.000000 9.160442 32501.763672
1768.023200 32593.000000 9.216062 32475.718750
1769.508100 32412.000000 9.469313 32450.314453
1770.992900 32323.000000 9.702403 32426.486328
1772.477500 32372.000000 9.660245 32402.728516
1773.959000 32475.000000 9.545782 32380.576172
1775.441700 32411.000000 9.337456 32360.650391
1776.922700 32048.000000 9.036684 32341.021484
1778.402100 32510.000000 8.708065 32319.855469
1779.881300 32326.000000 8.543405 32297.949219
1781.358900 32228.000000 8.361049 32276.203125
1782.836200 32136.000000 8.183957 32258.091797
1784.311900 32391.000000 7.949271 32240.572266
1785.787400 32402.000000 7.725976 32222.312500
1787.262600 32355.000000 7.575702 32203.861328
1788.736200 32297.000000 7.489861 32184.828125
1790.208300 32221.000000 7.396768 32166.126953
1791.679800 32362.000000 7.405636 32147.691406
1793.150000 32187.000000 7.497346 32129.763672
1794.619900 32264.000000 7.674728 32113.541016
1796.089600 32104.000000 7.676345 32098.064453
1797.557600 31993.000000 7.648122 32083.710938
1799.023900 32028.000000 7.636829 32068.595703
1800.490100 32043.000000 7.641383 32051.316406
1801.954600 31982.000000 7.540504 32035.070312
1803.418900 32061.000000 7.381510 32019.955078
1804.883100 31795.000000 7.234016 32005.234375
1806.345500 32079.000000 7.145591 31991.109375
1807.806400 31966.000000 7.123946 31975.958984
1809.266800 31832.000000 7.084249 31961.142578
1810.727400 31833.000000 7.133685 31947.640625
1812.186000 32065.000000 7.156434 31934.460938
1813.643300 31909.000000 7.104497 31920.628906
1815.100100 31952.000000 7.118342 31907.546875
1816.556800 31806.000000 7.098411 31894.724609
1818.010400 31877.000000 7.044413 31882.621094
1819.465300 31867.000000 7.054412 31869.552734
1820.918500 32051.000000 7.030034 31857.441406
1822.370100 31722.000000 6.878623 31846.375000
1823.821400 31976.000000 6.736147 31837.814453
1825.272600 31854.000000 6.432240 31829.107422
1826.722200 31928.000000 6.195019 31820.275391
1828.169900 31831.000000 5.954774 31811.818359
1829.617600 31768.000000 5.797235 31804.500000
1831.065200 31855.000000 5.573409 31797.312500
1832.511000 31817.000000 5.441041 31788.240234
1833.956500 31791.000000 5.347476 31779.152344
1835.400500 31753.000000 5.337196 31771.628906
1836.842900 31843.000000 5.394824 31764.238281
1838.285200 31773.000000 5.520060 31757.751953
1839.727100 31598.000000 5.627671 31752.384766
1841.167400 31888.000000 5.760622 31748.939453
1842.606100 31667.000000 5.841979 31743.212891
1844.044400 31676.000000 5.889827 31739.177734
1845.482800 31458.000000 5.967708 31733.693359
1846.919400 31670.000000 6.182027 31728.408203
1848.356000 31661.000000 6.278339 31726.292969
1849.790800 31644.000000 6.323567 31724.347656
1851.224000 31814.000000 6.390172 31724.400391
1852.656900 31433.000000 6.360813 31724.617188
1854.089700 31600.000000 6.279803 31725.287109
1855.520800 31706.000000 6.316260 31725.158203
1856.951800 31533.000000 6.353654 31725.642578
1858.381100 31706.000000 6.257761 31728.384766
1859.808700 31741.000000 6.046087 31733.414062
1861.236300 31931.000000 5.885009 31738.908203
1862.663500 31682.000000 5.839135 31744.664062
1864.089100 31536.000000 5.771650 31751.869141
1865.514600 31746.000000 5.727597 31759.201172
1866.938500 31707.000000 5.705874 31764.578125
1868.360700 31811.000000 5.620366 31771.623047
1869.784200 31723.000000 5.628088 31777.580078
1871.204500 31755.000000 5.585752 31781.687500
1872.624600 31598.000000 5.555657 31785.203125
1874.044700 31828.000000 5.436133 31790.107422
1875.463000 31759.000000 5.358840 31794.097656
1876.881200 31746.000000 5.359054 31799.257812
1878.297700 31945.000000 5.490368 31802.148438
1879.714100 31813.000000 5.630179 31802.152344
1881.128800 31822.000000 5.649316 31802.900391
1882.541900 31961.000000 5.608109 31805.457031
1883.956200 31978.000000 5.702256 31806.621094
1885.367400 32058.000000 5.998177 31806.142578
1886.778600 31875.000000 6.359800 31804.929688
1888.189500 32131.000000 5.725445 31807.894531
