Raman_Shift Original_Spectrum Predicted_Raman Predicted_Baseline
294.894650 51704.000000 35.415855 51768.152344
297.232540 51615.000000 35.297401 51769.648438
299.568300 51699.000000 35.718830 51776.031250
301.905240 51800.000000 36.874451 51781.296875
304.238400 51727.000000 39.905197 51785.984375
306.571040 51628.000000 43.081871 51792.937500
308.903260 52062.000000 46.200645 51802.328125
311.233340 52224.000000 49.460503 51813.328125
313.562930 51716.000000 52.575233 51826.945312
315.890440 52048.000000 58.798779 51843.390625
318.215790 51732.000000 65.295303 51861.515625
320.540680 51867.000000 73.920609 51883.003906
322.865110 51869.000000 84.163849 51907.929688
325.187410 51665.000000 95.979744 51936.582031
327.509250 52053.000000 108.916443 51971.890625
329.828920 52191.000000 125.393166 52015.625000
332.148160 52133.000000 142.485779 52062.554688
334.465270 52328.000000 163.075592 52113.468750
336.781950 52536.000000 187.544205 52164.460938
339.096470 52271.000000 221.459808 52214.710938
341.408870 52473.000000 262.563721 52265.179688
343.722530 52569.000000 311.736267 52316.144531
346.032350 52829.000000 379.660950 52367.207031
348.341740 52901.000000 471.145081 52417.101562
350.650670 53127.000000 581.055054 52467.160156
352.957460 53263.000000 684.672607 52517.437500
355.263760 53486.000000 739.826050 52569.355469
357.568020 53048.000000 733.903320 52622.191406
359.871800 53270.000000 700.671265 52675.621094
362.173430 53335.000000 665.387146 52730.679688
364.474640 53847.000000 638.917969 52785.992188
366.773710 53388.000000 618.538940 52840.339844
369.072360 53171.000000 609.584290 52893.328125
371.368870 53297.000000 613.053528 52945.523438
373.664920 53391.000000 620.465881 52997.382812
375.958890 53695.000000 633.147400 53048.257812
378.252380 53702.000000 650.107727 53096.765625
380.543790 53753.000000 667.868774 53142.683594
382.834750 53832.000000 686.123108 53184.230469
385.123570 53908.000000 693.210266 53223.230469
387.411960 54005.000000 676.810120 53259.074219
389.698210 54203.000000 643.356323 53291.523438
391.984070 54149.000000 595.502563 53321.421875
394.267790 53799.000000 539.868225 53349.042969
396.551060 53821.000000 476.580566 53376.105469
398.832210 53930.000000 419.766510 53402.671875
401.112950 53946.000000 370.450012 53426.320312
403.391570 54097.000000 323.438751 53447.765625
405.669770 54006.000000 287.846436 53467.976562
407.945860 54220.000000 254.198334 53486.660156
410.221470 54019.000000 221.668671 53504.398438
412.495030 54009.000000 189.944168 53521.136719
414.768100 53805.000000 167.011002 53537.449219
417.039090 53813.000000 147.055939 53553.949219
419.309630 53741.000000 131.702118 53569.039062
421.579740 53850.000000 118.859764 53582.480469
423.846100 53675.000000 107.760117 53596.558594
426.113680 53638.000000 97.796631 53610.031250
428.377470 53888.000000 88.647629 53624.289062
430.642520 53447.000000 80.793274 53639.476562
432.905460 53871.000000 76.105400 53653.250000
435.166320 53850.000000 71.859726 53665.964844
437.426700 53704.000000 68.073441 53675.937500
439.685060 53885.000000 65.024315 53682.335938
441.942900 53701.000000 63.672035 53689.085938
444.198730 53924.000000 62.296837 53696.714844
446.454070 53940.000000 61.124794 53703.343750
448.708980 53760.000000 60.912819 53708.882812
450.961820 53907.000000 60.426575 53713.925781
453.212550 53610.000000 59.359081 53716.746094
455.462890 53673.000000 58.586906 53717.699219
457.711120 53853.000000 57.689686 53716.421875
459.958920 53709.000000 57.481560 53713.144531
462.204590 53888.000000 56.652855 53708.207031
464.449890 53839.000000 55.809620 53701.964844
466.694760 54055.000000 55.420876 53694.304688
468.937500 53763.000000 54.938568 53686.960938
471.178160 53718.000000 55.305103 53679.429688
473.418460 53822.000000 55.631279 53670.851562
475.656620 53751.000000 56.863182 53660.460938
477.894380 53842.000000 59.339947 53648.375000
480.131680 53691.000000 64.262390 53633.382812
482.366910 53559.000000 69.506279 53613.285156
484.600040 53733.000000 74.731972 53587.359375
486.832790 53769.000000 81.062759 53556.890625
489.063450 54016.000000 87.338905 53521.914062
491.293670 53701.000000 95.442841 53480.042969
493.523500 53679.000000 106.969032 53431.636719
495.751190 53722.000000 124.357162 53380.000000
497.976840 53821.000000 149.585693 53325.953125
500.202090 53551.000000 186.024429 53269.433594
502.426910 53598.000000 240.890503 53210.750000
504.649660 53542.000000 323.088959 53148.878906
506.870270 53582.000000 439.984711 53084.066406
509.090550 53336.000000 608.877136 53015.835938
511.310360 53668.000000 803.906799 52945.121094
513.528140 53943.000000 928.398804 52873.292969
515.743770 53474.000000 863.818726 52798.886719
517.959110 53495.000000 694.837402 52722.781250
520.173890 53490.000000 515.390625 52647.328125
522.386660 52922.000000 369.249176 52572.992188
524.597410 52700.000000 273.796204 52501.605469
526.807740 52410.000000 212.122406 52435.339844
529.017580 52582.000000 170.714584 52374.730469
531.225400 52661.000000 140.907394 52315.375000
533.431210 52315.000000 121.947433 52257.917969
535.636470 52360.000000 108.269066 52206.265625
537.841430 52057.000000 98.847160 52160.164062
540.044310 52194.000000 94.556023 52118.421875
542.245120 52417.000000 92.535141 52081.492188
544.445500 52272.000000 92.306778 52049.597656
546.645450 51956.000000 93.306297 52023.152344
548.843380 51912.000000 94.018692 51997.808594
551.040830 52151.000000 95.525894 51972.582031
553.236330 52008.000000 98.765976 51947.910156
555.429690 52274.000000 105.433899 51925.066406
557.622680 52282.000000 116.151878 51903.246094
559.815250 52243.000000 131.126434 51882.402344
562.005800 52109.000000 157.120056 51862.136719
564.195920 51940.000000 201.314133 51843.253906
566.383910 52076.000000 269.669403 51824.917969
568.569950 52235.000000 371.837463 51806.789062
570.755550 52468.000000 486.477356 51790.820312
572.940730 52469.000000 528.400757 51777.105469
575.123900 52152.000000 459.946350 51764.421875
577.306640 52243.000000 345.277069 51753.457031
579.487300 51987.000000 254.501251 51743.796875
581.665950 51923.000000 200.783661 51734.515625
583.844120 52088.000000 169.343002 51726.414062
586.021970 51629.000000 151.397858 51718.210938
588.197750 51724.000000 143.003860 51709.222656
590.373170 51996.000000 138.923035 51699.972656
592.546450 51985.000000 136.350784 51687.953125
594.719420 51637.000000 134.782806 51673.542969
596.890260 51911.000000 136.239471 51659.570312
599.059140 51706.000000 138.870850 51645.343750
601.229190 51475.000000 144.316086 51633.062500
603.395570 51649.000000 152.684540 51621.460938
605.561580 51721.000000 161.306183 51607.929688
607.727170 51795.000000 173.100388 51592.144531
609.890750 51733.000000 185.961823 51576.441406
612.053960 51799.000000 202.019043 51560.085938
614.215030 51740.000000 223.073517 51544.937500
616.375790 52070.000000 247.594406 51531.203125
618.534480 51761.000000 272.067566 51516.921875
620.692750 51741.000000 308.130249 51501.316406
622.849000 52088.000000 345.966187 51485.902344
625.004820 51639.000000 389.876892 51471.046875
627.158750 52020.000000 442.192078 51456.179688
629.310490 51868.000000 505.819733 51440.761719
631.463560 52144.000000 585.137939 51424.812500
633.612920 51786.000000 689.693726 51408.492188
635.763490 52104.000000 832.588867 51391.621094
637.910460 52106.000000 1013.819031 51374.914062
640.058650 52435.000000 1264.674805 51355.730469
642.203190 53054.000000 1611.277588 51335.832031
644.348880 53488.000000 2085.510254 51315.183594
646.491030 54126.000000 2665.304443 51295.707031
648.634400 54457.000000 3333.608154 51277.828125
650.774050 55140.000000 4007.091797 51261.304688
652.914980 55812.000000 4523.575195 51246.386719
655.052250 55995.000000 4639.445312 51231.714844
657.190730 55491.000000 4273.511230 51218.351562
659.325620 54782.000000 3654.067627 51208.246094
661.461730 54315.000000 3015.310547 51202.050781
663.594180 53648.000000 2481.765625 51198.273438
665.727910 53068.000000 2064.513672 51193.828125
667.857910 53028.000000 1749.853516 51189.980469
669.989200 52703.000000 1494.907227 51186.523438
672.118470 52723.000000 1280.335571 51183.429688
674.245670 52055.000000 1092.751099 51182.027344
676.372560 52166.000000 936.655640 51180.699219
678.497380 52123.000000 808.305725 51179.632812
680.621830 52082.000000 698.135620 51178.867188
682.744320 51787.000000 612.150024 51178.554688
684.866390 51643.000000 542.662354 51178.031250
686.986450 51656.000000 489.206940 51177.273438
689.106080 51554.000000 452.049316 51176.218750
691.223750 51303.000000 425.568115 51176.960938
693.341000 51456.000000 407.763916 51178.566406
695.457820 51391.000000 400.118164 51180.578125
697.571110 51493.000000 400.881897 51181.878906
699.685610 51422.000000 410.971191 51182.851562
701.798100 51630.000000 428.925140 51182.546875
703.908570 51869.000000 470.535461 51182.250000
706.018620 51845.000000 519.964111 51181.234375
708.126770 51469.000000 572.426025 51182.710938
710.234380 51707.000000 601.725830 51185.953125
712.340150 51707.000000 594.301392 51189.890625
714.445430 51780.000000 552.560303 51194.347656
716.550350 51467.000000 487.300049 51199.578125
718.653260 51521.000000 415.649231 51205.492188
720.754270 51639.000000 348.125549 51210.617188
722.854800 51449.000000 291.273712 51215.378906
724.953370 51410.000000 246.942505 51219.730469
727.051570 51337.000000 209.703369 51223.121094
729.149350 51289.000000 180.079681 51224.410156
731.243530 51288.000000 158.078384 51223.433594
733.338990 51517.000000 139.905899 51219.914062
735.432370 51428.000000 123.506142 51214.250000
737.523800 51407.000000 112.647240 51208.406250
739.614870 51439.000000 103.025230 51202.535156
741.705570 51053.000000 95.114029 51197.367188
743.792600 51005.000000 88.837654 51192.550781
745.880920 51019.000000 84.869362 51189.058594
747.967220 51459.000000 80.259506 51185.804688
750.051570 51005.000000 76.053238 51183.304688
752.135500 51269.000000 71.779938 51181.687500
754.219120 51143.000000 69.137321 51181.011719
756.300720 51322.000000 65.743858 51180.253906
758.380310 51232.000000 62.513988 51178.640625
760.459530 51055.000000 59.562000 51176.316406
762.538390 50788.000000 57.301338 51173.277344
764.615300 51313.000000 55.629272 51169.339844
766.690190 51437.000000 54.510487 51164.941406
768.764710 51381.000000 53.619759 51158.824219
770.838810 51368.000000 52.046070 51152.687500
772.909360 51255.000000 48.876831 51145.445312
774.981140 51039.000000 46.142403 51138.425781
777.050960 51319.000000 44.138786 51131.207031
779.120420 51282.000000 42.639721 51125.015625
781.187870 51282.000000 41.867783 51119.761719
783.253420 51184.000000 41.531227 51115.011719
785.318480 51236.000000 40.981571 51109.414062
787.383240 51260.000000 39.832794 51102.703125
789.445980 51136.000000 39.115646 51094.941406
791.506770 50887.000000 38.940762 51086.992188
793.567260 51216.000000 38.810036 51077.398438
795.627260 51257.000000 38.540962 51066.750000
797.685360 51271.000000 39.311775 51055.019531
799.741520 51202.000000 40.111492 51041.757812
801.797240 50942.000000 40.656143 51026.324219
803.852600 51201.000000 40.724602 51010.582031
805.906010 50553.000000 40.101982 50994.773438
807.959050 51210.000000 39.341125 50980.371094
810.010130 50841.000000 39.292381 50965.375000
812.059200 51043.000000 38.694351 50949.945312
814.107970 51315.000000 38.850746 50933.394531
816.156370 51007.000000 39.419647 50915.992188
818.202760 51079.000000 39.489128 50897.183594
820.247190 50930.000000 38.695801 50877.281250
822.292850 50848.000000 38.653206 50856.031250
824.335020 51076.000000 38.670872 50831.578125
826.376770 51027.000000 38.954689 50803.757812
828.418090 50902.000000 38.560738 50773.355469
830.457520 50807.000000 38.207787 50740.597656
832.496640 50804.000000 37.564732 50705.203125
834.533690 50897.000000 36.899990 50667.097656
836.568910 50453.000000 36.044716 50628.562500
838.603700 50554.000000 36.084324 50588.867188
840.638060 50489.000000 36.688263 50548.488281
842.670530 50491.000000 37.960911 50506.695312
844.702640 50257.000000 38.030357 50462.945312
846.732790 50574.000000 37.541996 50417.792969
848.762570 50663.000000 36.372398 50371.855469
850.790470 50331.000000 35.196705 50324.839844
852.816350 50394.000000 35.637100 50277.187500
854.843440 50284.000000 35.935539 50227.359375
856.867070 50462.000000 36.396347 50175.468750
858.890200 50430.000000 37.779484 50121.382812
860.913150 50215.000000 38.954216 50067.035156
862.934020 49925.000000 41.042843 50011.398438
864.954530 49885.000000 43.649250 49953.761719
866.973140 49957.000000 47.427528 49893.992188
868.991390 49465.000000 53.175762 49831.355469
871.007690 50163.000000 60.878166 49767.605469
873.023620 49822.000000 71.323135 49702.179688
875.037660 49385.000000 89.998093 49636.015625
877.051270 49893.000000 116.648903 49567.871094
879.062990 49856.000000 153.320450 49497.976562
881.074340 49728.000000 202.830032 49425.011719
883.083740 49825.000000 262.985870 49349.437500
885.092770 49713.000000 323.193817 49273.101562
887.099850 49639.000000 364.982819 49196.132812
889.104980 49714.000000 374.286072 49117.187500
891.111450 49073.000000 351.867798 49035.398438
893.114260 49261.000000 307.614685 48951.363281
895.118410 49162.000000 259.104675 48866.367188
897.119020 49321.000000 210.218964 48780.636719
899.120790 48970.000000 168.537445 48694.015625
901.119080 48938.000000 133.253372 48607.273438
903.118650 48858.000000 105.809853 48520.695312
905.114620 48690.000000 85.323448 48434.753906
907.111880 48420.000000 70.301292 48349.832031
909.107180 48329.000000 61.891808 48265.492188
911.100520 48323.000000 56.391216 48181.203125
913.093630 48117.000000 53.085182 48096.726562
915.084660 48038.000000 51.496624 48013.117188
917.075380 48089.000000 50.419773 47928.984375
919.064210 47928.000000 49.676792 47843.710938
921.052730 47687.000000 49.510372 47760.480469
923.039310 47615.000000 49.573524 47678.945312
925.025450 47469.000000 49.092812 47599.511719
927.009770 47597.000000 48.649109 47521.414062
928.993650 47480.000000 48.724178 47445.269531
930.975590 47722.000000 49.409828 47371.808594
932.957280 47135.000000 50.473106 47301.246094
934.937010 47325.000000 50.758362 47233.445312
936.916380 47272.000000 51.176552 47167.875000
938.895390 47371.000000 52.952801 47105.175781
940.870970 47030.000000 54.785713 47043.667969
942.847660 46980.000000 56.242321 46983.687500
944.822510 46961.000000 58.718742 46925.792969
946.795470 46798.000000 62.902794 46871.371094
948.768010 46805.000000 68.344070 46818.132812
950.738710 46727.000000 76.295135 46766.710938
952.708980 46738.000000 87.247421 46715.699219
954.677310 46732.000000 104.621437 46665.023438
956.645390 46775.000000 129.136505 46614.789062
958.613160 46947.000000 163.377228 46565.773438
960.578920 46780.000000 212.624222 46518.433594
962.542720 46743.000000 282.144958 46471.804688
964.506290 46848.000000 378.662140 46426.648438
966.467960 46853.000000 501.705994 46383.222656
968.429260 47112.000000 625.475220 46341.019531
970.390140 47022.000000 696.323120 46299.039062
972.347660 46984.000000 669.490417 46255.367188
974.306270 46928.000000 567.724121 46211.281250
976.263060 46690.000000 449.273285 46167.824219
978.218020 46164.000000 347.373413 46123.835938
980.172490 46238.000000 267.694153 46082.195312
982.125120 46262.000000 213.310211 46043.523438
984.077390 46615.000000 172.629654 46006.398438
986.029360 46136.000000 140.498596 45973.089844
987.979370 46283.000000 116.007034 45942.089844
989.927490 46294.000000 96.010704 45912.121094
991.875310 45977.000000 80.942657 45883.222656
993.822750 45843.000000 70.038895 45856.433594
995.768370 46201.000000 63.472160 45829.875000
997.711980 45893.000000 58.459572 45802.839844
999.655270 45625.000000 55.123089 45778.667969
1001.596700 46009.000000 52.192329 45758.945312
1003.537700 45815.000000 49.111835 45738.671875
1005.478600 45478.000000 46.410423 45719.371094
1007.417400 45926.000000 44.287392 45701.761719
1009.354300 45943.000000 42.390381 45685.429688
1011.291000 45637.000000 42.001896 45669.812500
1013.227200 45670.000000 41.276932 45653.839844
1015.161600 46017.000000 40.100819 45638.835938
1017.094100 45519.000000 39.346657 45624.605469
1019.026200 45581.000000 38.537659 45611.488281
1020.958000 45711.000000 38.002010 45601.019531
1022.888000 45431.000000 37.998829 45591.707031
1024.816000 45591.000000 38.675411 45583.703125
1026.743800 45203.000000 39.448830 45575.867188
1028.671100 45551.000000 40.885311 45570.515625
1030.596600 45761.000000 42.391396 45567.308594
1032.521700 45554.000000 44.144287 45566.593750
1034.444900 45792.000000 45.667114 45564.035156
1036.366300 45767.000000 47.438347 45560.503906
1038.287400 46237.000000 48.990932 45556.773438
1040.208100 45719.000000 51.212666 45549.511719
1042.127000 45578.000000 53.424438 45539.285156
1044.043800 45781.000000 57.420021 45528.343750
1045.960400 45842.000000 62.512585 45517.070312
1047.876700 45750.000000 68.857185 45507.441406
1049.791000 45649.000000 77.065720 45498.988281
1051.705100 45745.000000 88.620323 45491.261719
1053.617300 45836.000000 102.562057 45484.796875
1055.527600 45595.000000 121.795799 45476.699219
1057.437500 45585.000000 146.458664 45467.777344
1059.347300 45979.000000 176.022507 45457.238281
1061.255000 45734.000000 213.389847 45446.621094
1063.162500 45511.000000 262.324738 45437.445312
1065.068000 45736.000000 324.108765 45428.445312
1066.971700 45635.000000 400.483307 45420.046875
1068.875000 45855.000000 481.697571 45411.082031
1070.778100 46159.000000 550.246704 45401.019531
1072.679200 46253.000000 589.556519 45388.218750
1074.580000 45837.000000 591.843872 45374.203125
1076.479000 45862.000000 563.709473 45361.429688
1078.377600 45692.000000 514.725830 45349.863281
1080.274400 45844.000000 456.004700 45341.578125
1082.169200 45869.000000 398.880768 45336.859375
1084.065300 45592.000000 344.586761 45332.445312
1085.958000 45592.000000 296.632172 45326.089844
1087.850300 46080.000000 252.814011 45316.128906
1089.742400 46317.000000 214.626511 45305.750000
1091.632600 45357.000000 182.907120 45298.757812
1093.522500 45238.000000 154.851913 45293.140625
1095.410400 45197.000000 135.161469 45289.707031
1097.298100 45366.000000 119.031235 45286.496094
1099.183800 45248.000000 107.027161 45280.675781
1101.069300 45409.000000 98.558266 45275.750000
1102.952900 45234.000000 89.404076 45269.906250
1104.834600 45177.000000 82.277359 45265.136719
1106.717700 45455.000000 77.338409 45261.722656
1108.597200 45385.000000 72.765648 45258.628906
1110.477900 45021.000000 67.945908 45255.851562
1112.355300 45199.000000 63.139118 45252.246094
1114.232300 45175.000000 58.032898 45248.937500
1116.109100 45317.000000 52.503132 45245.449219
1117.984000 45333.000000 52.003487 45241.515625
1119.858500 45010.000000 53.021637 45236.562500
1121.731300 45107.000000 54.358631 45232.679688
1123.603600 45313.000000 55.938793 45230.066406
1125.474100 45358.000000 56.839691 45226.941406
1127.344400 45797.000000 57.820839 45223.757812
1129.212600 45119.000000 58.671314 45221.382812
1131.080700 45283.000000 59.863075 45220.042969
1132.946900 45166.000000 61.616325 45221.726562
1134.812700 45345.000000 63.772499 45224.742188
1136.676800 45202.000000 66.348869 45229.871094
1138.540400 45235.000000 70.075806 45238.796875
1140.402300 45497.000000 74.528305 45249.585938
1142.263800 45207.000000 81.965904 45264.222656
1144.123400 45537.000000 91.037971 45281.207031
1145.982800 45345.000000 103.882065 45299.597656
1147.841800 45311.000000 121.394882 45319.515625
1149.697500 45881.000000 146.455734 45338.562500
1151.554400 45644.000000 181.116150 45358.410156
1153.407800 45495.000000 230.891083 45379.515625
1155.262600 45772.000000 303.234558 45399.320312
1157.115500 46051.000000 404.921112 45418.390625
1158.966400 45823.000000 521.710022 45439.718750
1160.817100 46155.000000 606.183960 45462.339844
1162.666000 46225.000000 603.259338 45484.953125
1164.514500 46177.000000 519.981750 45508.949219
1166.361300 45955.000000 417.279694 45533.187500
1168.207600 46046.000000 336.073303 45556.074219
1170.052200 45774.000000 285.873077 45580.281250
1171.896500 45733.000000 261.769592 45603.667969
1173.740400 45829.000000 257.893616 45625.816406
1175.580900 46059.000000 270.990601 45646.535156
1177.422900 46154.000000 289.127625 45667.500000
1179.262700 46199.000000 319.128662 45689.566406
1181.100700 46050.000000 364.528961 45714.078125
1182.938600 46131.000000 427.807129 45740.023438
1184.774500 46164.000000 511.543945 45767.773438
1186.610200 46665.000000 618.384766 45797.269531
1188.444000 46327.000000 749.888306 45825.707031
1190.277500 46914.000000 905.473755 45855.515625
1192.110700 47238.000000 1076.350342 45886.683594
1193.942000 47222.000000 1245.548706 45919.691406
1195.771600 47405.000000 1381.396973 45951.492188
1197.600700 47478.000000 1453.218018 45982.531250
1199.428100 47382.000000 1440.146240 46014.156250
1201.255200 47429.000000 1357.590942 46044.957031
1203.082000 47518.000000 1227.084595 46074.218750
1204.907000 47225.000000 1070.325439 46104.398438
1206.730100 47036.000000 923.943848 46136.796875
1208.552900 47223.000000 806.222229 46170.953125
1210.373900 47112.000000 721.932007 46206.578125
1212.194600 46911.000000 671.981262 46240.484375
1214.015000 47066.000000 656.511108 46272.992188
1215.833500 46932.000000 674.213074 46305.093750
1217.650300 47218.000000 733.949219 46338.199219
1219.466700 47410.000000 842.432251 46373.867188
1221.281300 47370.000000 1005.523438 46409.542969
1223.095600 47637.000000 1223.057739 46445.070312
1224.909500 48226.000000 1481.413696 46481.398438
1226.721700 48431.000000 1727.848389 46519.234375
1228.532000 48344.000000 1885.048096 46557.390625
1230.342000 48553.000000 1886.044189 46594.722656
1232.151700 48328.000000 1729.609619 46632.609375
1233.959700 48096.000000 1474.686401 46669.906250
1235.765900 48159.000000 1203.897949 46708.109375
1237.571700 47771.000000 961.818848 46747.714844
1239.377100 47690.000000 776.066528 46788.808594
1241.180800 47511.000000 641.437134 46830.753906
1242.982700 47501.000000 559.921265 46871.957031
1244.784200 47515.000000 516.979797 46911.640625
1246.585300 47519.000000 502.092285 46952.660156
1248.384900 47252.000000 512.858032 46992.070312
1250.182500 47310.000000 541.107056 47031.546875
1251.979700 47761.000000 589.599426 47073.582031
1253.776900 48029.000000 669.129333 47120.496094
1255.572000 48080.000000 780.347534 47167.230469
1257.365500 47909.000000 926.592773 47213.851562
1259.160000 48567.000000 1137.878662 47262.328125
1260.951300 48954.000000 1436.239990 47315.640625
1262.742300 48948.000000 1834.584595 47371.480469
1264.533100 49833.000000 2330.152100 47427.203125
1266.322000 50575.000000 2895.300049 47481.488281
1268.109000 50700.000000 3470.197754 47534.558594
1269.895800 51605.000000 3923.105469 47591.152344
1271.682400 51651.000000 4080.563232 47643.742188
1273.466900 51717.000000 3842.295654 47692.597656
1275.251500 51104.000000 3312.686035 47744.617188
1277.033900 50396.000000 2703.629639 47797.148438
1278.814700 50037.000000 2134.493408 47857.539062
1280.595200 49914.000000 1660.924805 47922.042969
1282.375400 49231.000000 1286.643555 47987.800781
1284.153800 48783.000000 1008.406555 48055.531250
1285.931900 48851.000000 800.690308 48125.039062
1287.708100 48968.000000 650.200623 48196.218750
1289.482500 48861.000000 540.448730 48271.832031
1291.256800 48964.000000 462.116272 48350.199219
1293.030600 48853.000000 405.173157 48430.976562
1294.802900 48985.000000 359.170135 48512.742188
1296.574600 49159.000000 325.568970 48594.605469
1298.344600 48849.000000 300.774689 48673.472656
1300.114400 48813.000000 284.958069 48751.402344
1301.882300 49032.000000 274.851868 48829.253906
1303.648300 49083.000000 269.668243 48908.664062
1305.415800 49373.000000 268.962769 48988.203125
1307.179700 49411.000000 270.461823 49067.593750
1308.943500 49605.000000 275.805267 49146.218750
1310.707000 49553.000000 285.999695 49227.031250
1312.468600 49476.000000 303.580322 49309.109375
1314.230000 49855.000000 327.621460 49392.429688
1315.989500 49836.000000 363.890869 49475.835938
1317.748800 50025.000000 418.750397 49560.199219
1319.506200 50315.000000 497.084564 49644.968750
1321.263400 50507.000000 604.407349 49728.128906
1323.018900 50373.000000 746.109619 49810.003906
1324.774000 50826.000000 922.676880 49892.367188
1326.527300 51167.000000 1128.395142 49973.781250
1328.278900 51586.000000 1348.215088 50056.843750
1330.031700 51678.000000 1563.911377 50139.691406
1331.781100 51825.000000 1722.935913 50221.062500
1333.531900 52160.000000 1763.844482 50301.945312
1335.279300 51988.000000 1657.602783 50381.003906
1337.027800 52038.000000 1445.264404 50458.527344
1338.773200 51649.000000 1202.744873 50534.019531
1340.518300 51495.000000 977.603882 50607.062500
1342.263100 51679.000000 792.657959 50678.375000
1344.006000 51254.000000 644.702271 50747.039062
1345.748700 51441.000000 531.347656 50814.738281
1347.489500 51422.000000 447.974365 50880.777344
1349.230200 51350.000000 384.501801 50944.628906
1350.969100 51151.000000 337.674133 51005.859375
1352.707500 51618.000000 307.102997 51064.000000
1354.445900 51513.000000 286.617645 51119.339844
1356.180900 51479.000000 275.165710 51172.035156
1357.917000 51482.000000 270.900940 51220.117188
1359.649900 51310.000000 275.560730 51259.707031
1361.384200 51373.000000 288.207214 51291.933594
1363.115000 51639.000000 315.734680 51321.773438
1364.847000 51670.000000 358.072205 51349.085938
1366.577400 51712.000000 425.499817 51373.632812
1368.305900 51909.000000 529.332275 51396.601562
1370.034300 52085.000000 684.337036 51417.113281
1371.760600 52626.000000 898.349304 51436.308594
1373.486900 52615.000000 1163.450684 51452.082031
1375.211300 52947.000000 1435.679565 51466.800781
1376.935400 53026.000000 1622.725952 51478.609375
1378.657800 53250.000000 1646.134521 51487.285156
1380.380000 53081.000000 1488.540283 51492.871094
1382.100200 52853.000000 1215.392944 51495.390625
1383.820300 52463.000000 936.333313 51497.746094
1385.540200 52258.000000 698.285645 51499.003906
1387.256500 52059.000000 525.879395 51498.562500
1388.974200 52032.000000 402.200439 51496.847656
1390.690300 51579.000000 318.826172 51493.175781
1392.404400 51936.000000 261.429047 51488.546875
1394.118400 51562.000000 223.753128 51479.453125
1395.830400 51742.000000 199.308060 51466.328125
1397.542200 51846.000000 183.202744 51451.343750
1399.252300 51803.000000 170.017853 51434.582031
1400.962200 51284.000000 160.736694 51417.886719
1402.671800 51587.000000 153.019516 51401.570312
1404.379500 51488.000000 147.762054 51384.109375
1406.085600 51630.000000 144.437256 51365.507812
1407.791300 51349.000000 141.449005 51347.871094
1409.495200 51490.000000 140.454147 51331.707031
1411.199000 51790.000000 138.928253 51313.750000
1412.902500 51522.000000 139.459488 51294.593750
1414.604000 51686.000000 141.344757 51274.382812
1416.304000 51653.000000 142.331024 51252.976562
1418.003700 51303.000000 141.136139 51230.054688
1419.701500 51463.000000 140.177719 51205.417969
1421.399000 51375.000000 140.412796 51181.089844
1423.096400 51163.000000 142.381302 51157.718750
1424.792000 51188.000000 146.879669 51134.847656
1426.485700 51044.000000 154.116547 51112.742188
1428.179300 51060.000000 162.191071 51092.394531
1429.871100 51254.000000 171.620377 51074.648438
1431.562500 51496.000000 183.383347 51057.132812
1433.253900 51282.000000 197.186234 51039.695312
1434.943400 51330.000000 214.124634 51022.167969
1436.631000 51449.000000 235.779388 51004.453125
1438.318500 51067.000000 263.825165 50987.695312
1440.005600 51154.000000 300.227356 50970.652344
1441.691000 50977.000000 348.355408 50953.453125
1443.374800 51231.000000 409.369232 50936.144531
1445.058200 51375.000000 482.741699 50919.019531
1446.741300 51575.000000 571.357422 50902.359375
1448.422900 51521.000000 681.476379 50886.625000
1450.102400 51737.000000 815.927551 50871.539062
1451.781700 52105.000000 971.887329 50856.746094
1453.460900 52020.000000 1156.518311 50842.695312
1455.138200 51850.000000 1357.016479 50830.816406
1456.813800 52587.000000 1556.305420 50820.593750
1458.489100 52407.000000 1739.401001 50809.800781
1460.164300 52455.000000 1879.973633 50797.992188
1461.837600 52695.000000 1958.092773 50786.507812
1463.509200 52758.000000 1964.244141 50776.332031
1465.180500 52607.000000 1890.964233 50767.492188
1466.851600 52426.000000 1746.384033 50759.992188
1468.520900 52173.000000 1555.231567 50755.722656
1470.189900 52299.000000 1348.023804 50754.273438
1471.857200 52130.000000 1149.461792 50753.722656
1473.522800 51584.000000 973.746460 50753.687500
1475.188100 51422.000000 820.424988 50753.843750
1476.853100 51298.000000 687.986694 50754.253906
1478.516500 51287.000000 577.784973 50754.000000
1480.178000 51469.000000 487.035400 50751.406250
1481.839200 50875.000000 414.017242 50746.281250
1483.500400 51226.000000 356.451965 50737.964844
1485.159700 50984.000000 315.125488 50728.648438
1486.818600 50905.000000 280.524689 50720.707031
1488.476000 50635.000000 254.446045 50713.742188
1490.131500 51061.000000 235.424606 50708.335938
1491.788300 50720.000000 220.929718 50703.945312
1493.441800 50586.000000 208.803497 50700.054688
1495.095100 50928.000000 200.674881 50695.167969
1496.748000 50839.000000 194.824631 50690.414062
1498.399400 51023.000000 191.303879 50685.621094
1500.050400 50883.000000 190.557785 50681.984375
1501.699700 51034.000000 192.363449 50677.968750
1503.347300 51121.000000 195.763199 50674.679688
1504.996100 50969.000000 197.860352 50671.601562
1506.641600 50722.000000 202.434158 50668.785156
1508.287000 51003.000000 210.319183 50668.277344
1509.932000 50983.000000 220.761200 50670.753906
1511.575300 50728.000000 234.490479 50673.871094
1513.218500 51337.000000 250.268509 50677.796875
1514.859700 51063.000000 268.493286 50681.773438
1516.500900 50887.000000 293.599365 50686.613281
1518.140300 51397.000000 325.176788 50690.871094
1519.777800 51197.000000 364.687164 50693.675781
1521.416700 51211.000000 413.750580 50696.457031
1523.052200 51389.000000 474.640625 50698.875000
1524.689200 51364.000000 546.507568 50701.671875
1526.322800 51121.000000 636.268433 50703.945312
1527.956200 51507.000000 748.574280 50704.980469
1529.589400 51358.000000 888.355774 50706.398438
1531.220800 51579.000000 1053.833862 50707.398438
1532.851900 52155.000000 1246.410278 50708.085938
1534.481400 52445.000000 1464.951660 50707.507812
1536.110600 52378.000000 1694.193604 50707.046875
1537.738000 52614.000000 1912.285889 50708.500000
1539.365200 52924.000000 2093.316162 50710.804688
1540.990700 52914.000000 2211.606934 50711.867188
1542.616000 52949.000000 2241.171387 50712.687500
1544.239500 52829.000000 2173.669922 50711.164062
1545.862700 52915.000000 2023.646240 50708.070312
1547.484400 52624.000000 1816.630127 50703.613281
1549.105600 52064.000000 1590.008301 50697.125000
1550.725100 52204.000000 1367.503662 50691.292969
1552.344500 51824.000000 1163.333008 50683.875000
1553.962000 51402.000000 983.551575 50676.871094
1555.579300 51621.000000 829.953308 50671.308594
1557.195100 51286.000000 697.073608 50664.761719
1558.810400 51560.000000 586.891418 50657.148438
1560.424100 51277.000000 499.571930 50649.339844
1562.037500 51090.000000 428.748047 50640.832031
1563.649200 51163.000000 374.514618 50632.613281
1565.260600 50785.000000 329.663116 50624.679688
1566.870500 50908.000000 293.875427 50616.691406
1568.479900 50866.000000 263.934692 50609.093750
1570.089100 50975.000000 238.986496 50602.859375
1571.695200 50431.000000 219.784302 50598.046875
1573.302500 50950.000000 203.938004 50593.949219
1574.906500 50646.000000 190.257034 50591.367188
1576.511800 50683.000000 175.534637 50588.812500
1578.115500 51201.000000 162.441742 50586.152344
1579.717400 50944.000000 151.256775 50586.707031
1581.319100 50716.000000 141.677567 50589.824219
1582.919100 51118.000000 132.549637 50594.582031
1584.518700 50681.000000 123.610558 50599.753906
1586.116600 50721.000000 115.788109 50605.996094
1587.714500 50735.000000 109.694313 50612.410156
1589.310500 50865.000000 102.455872 50618.722656
1590.906300 50525.000000 95.734383 50624.898438
1592.501800 50677.000000 90.143730 50630.625000
1594.095700 50529.000000 85.251823 50635.679688
1595.687900 50614.000000 80.778526 50641.453125
1597.279700 50548.000000 75.392029 50647.730469
1598.869900 50650.000000 70.096642 50652.507812
1600.459700 50796.000000 65.540001 50655.882812
1602.048100 50646.000000 61.180298 50659.566406
1603.636000 50475.000000 57.893707 50663.679688
1605.223900 50965.000000 55.202217 50668.253906
1606.809800 50442.000000 53.053417 50674.144531
1608.394200 50494.000000 51.312702 50679.125000
1609.978300 50488.000000 49.182213 50683.343750
1611.560700 50404.000000 47.033005 50687.667969
1613.142900 50889.000000 45.399197 50691.546875
1614.724700 51007.000000 44.160938 50695.019531
1616.304900 50793.000000 43.227612 50697.882812
1617.883500 50902.000000 42.455219 50702.101562
1619.461800 50782.000000 41.568569 50707.117188
1621.038300 50839.000000 40.544373 50713.921875
1622.614700 51017.000000 39.696053 50721.617188
1624.190800 50915.000000 39.081219 50729.984375
1625.765300 50853.000000 38.101082 50739.039062
1627.337900 51050.000000 36.285789 50748.148438
1628.910400 50633.000000 33.966618 50756.914062
1630.482700 50994.000000 32.148514 50763.519531
1632.053200 51075.000000 30.237329 50767.136719
1633.622100 50918.000000 28.129089 50769.507812
1635.190600 50707.000000 26.053247 50771.035156
1636.759000 51196.000000 24.211086 50771.738281
1638.325700 51205.000000 22.519402 50772.191406
1639.890700 51121.000000 22.243902 50772.167969
1641.455400 51062.000000 21.841471 50771.835938
1643.019900 50795.000000 21.014462 50771.960938
1644.582800 50858.000000 20.111633 50772.429688
1646.143900 50715.000000 19.170818 50773.171875
1647.704700 51054.000000 18.433456 50774.207031
1649.265500 50843.000000 18.057646 50773.753906
1650.824500 50803.000000 18.067001 50771.332031
1652.381600 50767.000000 18.286001 50766.621094
1653.938700 50903.000000 18.878168 50758.820312
1655.495500 50676.000000 19.487598 50747.625000
1657.050700 51008.000000 19.703938 50732.308594
1658.604100 50730.000000 19.471107 50715.183594
1660.157200 50876.000000 18.929407 50696.476562
1661.710200 50933.000000 18.249659 50675.343750
1663.261500 50464.000000 17.784224 50651.894531
1664.811200 50848.000000 17.336819 50627.882812
1666.361900 50495.000000 16.640020 50602.792969
1667.909700 50547.000000 16.135092 50576.433594
1669.457200 50751.000000 15.796064 50547.648438
1671.004300 50307.000000 15.602434 50517.000000
1672.549900 50392.000000 15.505064 50484.308594
1674.093600 50045.000000 15.492984 50449.742188
1675.637300 50327.000000 15.484472 50413.839844
1677.180800 50372.000000 15.120331 50375.445312
1678.722400 50667.000000 15.093744 50336.054688
1680.263900 50331.000000 15.187538 50297.531250
1681.803700 49980.000000 15.087567 50259.843750
1683.341800 50285.000000 14.914391 50224.066406
1684.881200 50119.000000 15.032544 50189.605469
1686.417500 50051.000000 15.230083 50154.414062
1687.953400 50110.000000 15.382347 50119.101562
1689.489100 50283.000000 15.307777 50083.808594
1691.023200 50027.000000 14.807083 50049.359375
1692.557100 50018.000000 14.191699 50014.320312
1694.089200 49999.000000 13.392001 49978.429688
1695.619800 49795.000000 12.615612 49943.496094
1697.151500 49785.000000 12.206591 49909.363281
1698.680200 49832.000000 11.787595 49875.035156
1700.208500 49865.000000 11.227557 49841.058594
1701.736600 49375.000000 10.797388 49806.832031
1703.263100 50112.000000 10.142401 49772.179688
1704.789300 49653.000000 9.693995 49737.246094
1706.314000 49844.000000 9.485967 49703.125000
1707.838100 49962.000000 9.405736 49667.800781
1709.361000 49373.000000 9.747164 49631.371094
1710.883300 49600.000000 10.046778 49594.664062
1712.404100 49553.000000 10.190529 49556.664062
1713.923100 49668.000000 10.170923 49518.417969
1715.443500 49594.000000 9.864832 49479.339844
1716.960700 49163.000000 9.496488 49439.535156
1718.479100 49557.000000 8.852077 49399.683594
1719.994500 49594.000000 8.184056 49360.351562
1721.509600 49227.000000 7.745027 49321.210938
1723.024400 49140.000000 7.423745 49279.941406
1724.537600 49221.000000 7.212130 49237.132812
1726.050700 49438.000000 7.133535 49193.773438
1727.561900 49289.000000 7.137469 49150.371094
1729.073000 49269.000000 7.210360 49107.867188
1730.582400 48884.000000 7.454496 49064.734375
1732.091700 49390.000000 7.815295 49020.921875
1733.599200 48956.000000 8.243340 48976.937500
1735.106600 49242.000000 8.523243 48933.109375
1736.612100 48772.000000 8.573526 48888.007812
1738.117600 48854.000000 8.515039 48842.750000
1739.621300 48825.000000 8.301359 48797.613281
1741.125000 48547.000000 8.083978 48752.644531
1742.626800 48498.000000 7.965398 48708.085938
1744.128400 48360.000000 8.000000 48663.976562
1745.628500 48856.000000 8.290609 48621.054688
1747.128300 48769.000000 8.609625 48580.542969
1748.626300 48517.000000 8.845549 48542.269531
1750.124300 48506.000000 9.007666 48505.808594
1751.620500 48441.000000 9.093165 48470.414062
1753.116600 48165.000000 9.197204 48434.953125
1754.612400 48542.000000 8.958625 48400.433594
1756.105100 48519.000000 8.547400 48366.402344
1757.599100 48419.000000 7.816867 48332.613281
1759.091300 48397.000000 7.142577 48298.265625
1760.582000 48429.000000 6.771270 48262.722656
1762.072400 48497.000000 6.741565 48228.347656
1763.561000 48126.000000 6.805641 48194.132812
1765.049600 47970.000000 6.966405 48159.917969
1766.536500 48206.000000 7.138132 48125.226562
1768.023200 48046.000000 7.299860 48091.496094
1769.508100 47934.000000 7.457061 48057.460938
1770.992900 47846.000000 7.717406 48022.335938
1772.477500 48018.000000 7.708703 47987.281250
1773.959000 48090.000000 7.518034 47953.843750
1775.441700 47953.000000 7.177178 47921.578125
1776.922700 47693.000000 6.814995 47891.101562
1778.402100 48145.000000 6.525206 47862.230469
1779.881300 47819.000000 6.505650 47834.324219
1781.358900 47796.000000 6.473022 47806.964844
1782.836200 47749.000000 6.484043 47780.250000
1784.311900 47906.000000 6.361142 47754.765625
1785.787400 47898.000000 6.287774 47729.582031
1787.262600 47693.000000 6.266221 47704.554688
1788.736200 47768.000000 6.328288 47678.230469
1790.208300 47820.000000 6.391376 47650.972656
1791.679800 47882.000000 6.440464 47623.765625
1793.150000 47738.000000 6.403883 47597.070312
1794.619900 47701.000000 6.295494 47571.851562
1796.089600 47683.000000 6.168729 47547.265625
1797.557600 47430.000000 6.157049 47523.523438
1799.023900 47279.000000 6.204912 47500.562500
1800.490100 47736.000000 6.230474 47478.093750
1801.954600 47409.000000 6.044326 47457.187500
1803.418900 47577.000000 5.796633 47435.984375
1804.883100 47174.000000 5.622122 47415.585938
1806.345500 47406.000000 5.501306 47396.277344
1807.806400 47411.000000 5.556826 47377.507812
1809.266800 47157.000000 5.676988 47359.250000
1810.727400 47053.000000 5.772101 47340.960938
1812.186000 47172.000000 5.878988 47323.066406
1813.643300 47439.000000 6.053051 47305.843750
1815.100100 47281.000000 6.264089 47287.902344
1816.556800 47060.000000 6.327886 47269.468750
1818.010400 47046.000000 6.283360 47251.535156
1819.465300 47134.000000 6.158143 47235.031250
1820.918500 47498.000000 5.966897 47219.917969
1822.370100 47093.000000 5.703418 47205.101562
1823.821400 47431.000000 5.494883 47190.347656
1825.272600 47232.000000 5.302301 47175.789062
1826.722200 47251.000000 5.181117 47162.390625
1828.169900 47111.000000 5.085586 47150.039062
1829.617600 47237.000000 4.948968 47138.523438
1831.065200 47233.000000 4.761744 47127.542969
1832.511000 47008.000000 4.633155 47116.015625
1833.956500 47058.000000 4.449367 47104.542969
1835.400500 47081.000000 4.381684 47093.171875
1836.842900 47428.000000 4.481412 47082.480469
1838.285200 47126.000000 4.769810 47072.449219
1839.727100 46807.000000 5.120794 47063.519531
1841.167400 47084.000000 5.416524 47056.277344
1842.606100 46945.000000 5.504920 47050.351562
1844.044400 46957.000000 5.515813 47044.421875
1845.482800 46835.000000 5.439337 47038.164062
1846.919400 46947.000000 5.401996 47031.289062
1848.356000 46795.000000 5.402322 47025.050781
1849.790800 46982.000000 5.392838 47019.343750
1851.224000 47099.000000 5.408290 47014.652344
1852.656900 46760.000000 5.401256 47012.265625
1854.089700 47069.000000 5.247026 47011.179688
1855.520800 47108.000000 5.091602 47010.273438
1856.951800 46729.000000 4.872215 47011.089844
1858.381100 46962.000000 4.681319 47015.250000
1859.808700 47212.000000 4.529776 47021.476562
1861.236300 47325.000000 4.444348 47028.812500
1862.663500 47094.000000 4.489576 47036.742188
1864.089100 46640.000000 4.452887 47047.468750
1865.514600 46987.000000 4.413062 47063.367188
1866.938500 47069.000000 4.378442 47080.593750
1868.360700 47143.000000 4.256684 47098.472656
1869.784200 47214.000000 4.248060 47116.667969
1871.204500 47075.000000 4.230330 47134.757812
1872.624600 46851.000000 4.284380 47153.050781
1874.044700 47292.000000 4.262946 47171.425781
1875.463000 47214.000000 4.244753 47191.042969
1876.881200 47199.000000 4.062001 47211.769531
1878.297700 47278.000000 4.008460 47230.656250
1879.714100 47146.000000 3.935346 47247.628906
1881.128800 47294.000000 3.821014 47259.359375
1882.541900 47562.000000 3.886901 47267.035156
1883.956200 47534.000000 4.116285 47274.417969
1885.367400 47461.000000 4.278305 47276.566406
1886.778600 47304.000000 4.213834 47278.882812
1888.189500 47902.000000 4.340581 47282.875000
