Raman_Shift Original_Spectrum Predicted_Raman Predicted_Baseline
294.894650 34521.000000 15.782820 34473.066406
297.232540 34372.000000 14.102861 34474.082031
299.568300 34421.000000 12.918881 34476.371094
301.905240 34535.000000 12.145467 34480.496094
304.238400 34535.000000 11.933733 34485.957031
306.571040 34340.000000 12.116811 34491.441406
308.903260 34855.000000 12.666526 34499.562500
311.233340 34796.000000 13.530484 34507.390625
313.562930 34591.000000 14.337763 34515.914062
315.890440 34617.000000 14.879061 34526.195312
318.215790 34327.000000 15.365474 34538.445312
320.540680 34484.000000 15.967639 34554.250000
322.865110 34406.000000 16.841843 34573.019531
325.187410 34267.000000 19.027985 34594.628906
327.509250 34569.000000 21.685436 34619.210938
329.828920 34758.000000 24.575180 34647.050781
332.148160 34650.000000 26.955114 34677.000000
334.465270 34767.000000 32.428596 34708.828125
336.781950 34850.000000 38.801556 34741.199219
339.096470 34816.000000 46.604019 34773.109375
341.408870 34697.000000 54.673920 34805.148438
343.722530 34836.000000 63.894611 34837.957031
346.032350 34945.000000 74.414688 34869.734375
348.341740 34822.000000 89.253067 34899.343750
350.650670 35076.000000 107.114685 34928.097656
352.957460 35065.000000 129.720734 34955.789062
355.263760 35228.000000 154.898422 34985.753906
357.568020 35168.000000 180.346313 35018.285156
359.871800 35246.000000 207.048508 35052.179688
362.173430 35356.000000 226.421921 35087.546875
364.474640 35569.000000 240.939240 35124.644531
366.773710 35305.000000 252.918381 35163.925781
369.072360 35139.000000 262.287903 35203.308594
371.368870 35284.000000 274.209167 35242.367188
373.664920 35496.000000 289.125977 35278.941406
375.958890 35527.000000 305.356140 35312.714844
378.252380 35573.000000 324.171173 35344.070312
380.543790 35592.000000 342.722382 35373.011719
382.834750 35751.000000 361.669739 35399.281250
385.123570 35725.000000 371.907288 35423.296875
387.411960 35767.000000 365.493835 35446.144531
389.698210 35919.000000 341.338562 35467.757812
391.984070 35953.000000 306.351532 35488.597656
394.267790 35720.000000 265.640900 35508.531250
396.551060 35641.000000 224.723663 35528.421875
398.832210 35731.000000 190.151703 35547.675781
401.112950 35818.000000 162.378906 35566.417969
403.391570 35991.000000 136.907990 35583.855469
405.669770 35736.000000 120.028259 35601.066406
407.945860 35985.000000 104.450706 35617.167969
410.221470 35767.000000 89.879631 35631.750000
412.495030 36108.000000 77.372879 35645.195312
414.768100 35936.000000 68.979958 35658.140625
417.039090 35685.000000 61.620525 35670.421875
419.309630 35807.000000 56.124493 35681.902344
421.579740 35702.000000 51.892498 35692.648438
423.846100 35579.000000 47.136879 35703.886719
426.113680 35679.000000 42.586769 35715.000000
428.377470 35765.000000 38.095554 35725.750000
430.642520 35688.000000 33.611855 35737.054688
432.905460 35959.000000 31.494129 35748.285156
435.166320 35905.000000 29.565470 35758.937500
437.426700 35771.000000 27.621876 35768.714844
439.685060 35797.000000 25.517668 35777.089844
441.942900 35846.000000 25.079128 35784.339844
444.198730 35810.000000 24.315798 35790.574219
446.454070 35864.000000 23.726376 35796.042969
448.708980 35860.000000 23.761078 35800.359375
450.961820 35938.000000 24.142620 35804.019531
453.212550 35838.000000 24.832600 35806.792969
455.462890 35766.000000 25.685873 35809.304688
457.711120 35930.000000 26.347580 35811.617188
459.958920 35795.000000 26.131863 35813.820312
462.204590 35973.000000 25.792362 35815.847656
464.449890 35949.000000 25.576109 35818.476562
466.694760 36054.000000 25.476322 35821.320312
468.937500 35780.000000 25.132090 35824.257812
471.178160 35882.000000 24.875538 35826.125000
473.418460 35891.000000 24.452137 35826.667969
475.656620 35887.000000 24.103682 35825.765625
477.894380 35936.000000 25.139496 35823.117188
480.131680 35889.000000 28.030966 35818.242188
482.366910 35844.000000 31.570648 35810.457031
484.600040 35792.000000 36.298744 35798.664062
486.832790 36011.000000 42.434067 35784.257812
489.063450 36132.000000 49.713020 35766.617188
491.293670 36022.000000 58.036316 35744.187500
493.523500 35800.000000 69.168304 35717.433594
495.751190 35870.000000 86.097740 35688.335938
497.976840 35870.000000 109.448303 35656.664062
500.202090 35837.000000 138.534927 35622.164062
502.426910 35667.000000 172.881546 35584.460938
504.649660 35722.000000 215.104294 35545.000000
506.870270 35891.000000 265.512268 35503.261719
509.090550 35618.000000 321.027252 35458.101562
511.310360 35592.000000 375.658417 35410.617188
513.528140 35888.000000 400.282776 35362.187500
515.743770 35603.000000 374.735657 35313.210938
517.959110 35786.000000 309.709900 35262.867188
520.173890 35564.000000 230.943939 35212.367188
522.386660 35322.000000 169.034332 35162.285156
524.597410 35150.000000 125.968163 35113.140625
526.807740 34998.000000 97.036140 35067.230469
529.017580 35167.000000 77.565323 35025.605469
531.225400 35125.000000 63.518269 34985.839844
533.431210 34950.000000 54.107216 34947.738281
535.636470 34832.000000 47.577465 34914.179688
537.841430 34763.000000 43.395947 34884.285156
540.044310 34926.000000 41.972538 34856.515625
542.245120 35208.000000 40.948631 34831.078125
544.445500 35045.000000 40.696964 34808.101562
546.645450 34698.000000 40.750740 34788.089844
548.843380 34685.000000 40.612011 34770.003906
551.040830 34660.000000 41.011658 34753.117188
553.236330 34880.000000 42.015358 34738.699219
555.429690 34920.000000 43.536324 34726.621094
557.622680 34696.000000 45.283581 34715.906250
559.815250 34895.000000 48.531006 34706.429688
562.005800 34887.000000 53.854088 34698.414062
564.195920 34590.000000 65.092682 34691.859375
566.383910 34843.000000 82.467323 34685.191406
568.569950 34945.000000 107.392700 34678.414062
570.755550 35011.000000 126.050858 34671.960938
572.940730 35039.000000 121.578903 34666.550781
575.123900 34846.000000 102.444046 34662.035156
577.306640 34933.000000 81.275314 34657.671875
579.487300 34615.000000 66.826180 34653.039062
581.665950 34531.000000 60.419453 34648.277344
583.844120 34788.000000 58.623413 34644.039062
586.021970 34694.000000 58.341991 34640.191406
588.197750 34677.000000 58.960705 34635.546875
590.373170 34793.000000 60.203197 34630.433594
592.546450 34691.000000 62.044403 34624.695312
594.719420 34546.000000 63.953175 34617.507812
596.890260 34734.000000 65.434570 34610.449219
599.059140 34548.000000 67.699974 34603.351562
601.229190 34490.000000 71.009636 34597.058594
603.395570 34717.000000 76.607712 34591.789062
605.561580 34627.000000 83.016815 34586.113281
607.727170 34726.000000 90.159966 34579.726562
609.890750 34630.000000 96.719727 34572.699219
612.053960 34639.000000 103.981834 34565.031250
614.215030 34641.000000 114.073830 34558.359375
616.375790 34751.000000 125.210587 34552.300781
618.534480 34577.000000 137.963348 34546.316406
620.692750 34608.000000 157.730682 34540.144531
622.849000 34852.000000 178.313141 34533.207031
625.004820 34532.000000 202.306992 34525.691406
627.158750 34683.000000 231.230148 34516.878906
629.310490 34802.000000 266.327271 34507.312500
631.463560 34787.000000 309.660004 34498.296875
633.612920 34616.000000 367.230896 34490.269531
635.763490 34787.000000 443.651428 34483.007812
637.910460 34814.000000 541.245605 34475.730469
640.058650 35048.000000 673.096497 34467.480469
642.203190 35234.000000 850.824036 34459.621094
644.348880 35507.000000 1087.978394 34452.398438
646.491030 35888.000000 1372.725464 34445.703125
648.634400 36103.000000 1699.573975 34439.640625
650.774050 36382.000000 2027.248413 34433.914062
652.914980 36623.000000 2317.925293 34428.988281
655.052250 36980.000000 2437.992676 34425.523438
657.190730 36737.000000 2284.790527 34422.785156
659.325620 36217.000000 1953.075195 34420.230469
661.461730 35994.000000 1606.190918 34418.312500
663.594180 35654.000000 1310.182861 34416.402344
665.727910 35346.000000 1069.860229 34413.472656
667.857910 35317.000000 887.149719 34410.050781
669.989200 35094.000000 746.390930 34407.925781
672.118470 35243.000000 633.188232 34406.640625
674.245670 34773.000000 539.474731 34406.492188
676.372560 34895.000000 464.955963 34406.246094
678.497380 34894.000000 407.600037 34406.187500
680.621830 34890.000000 361.645935 34406.285156
682.744320 34667.000000 325.161682 34407.144531
684.866390 34749.000000 293.442841 34408.429688
686.986450 34565.000000 270.758606 34409.609375
689.106080 34652.000000 256.014465 34410.476562
691.223750 34483.000000 245.505157 34411.730469
693.341000 34565.000000 238.855789 34413.187500
695.457820 34514.000000 238.242310 34414.652344
697.571110 34569.000000 243.162231 34415.902344
699.685610 34579.000000 253.729614 34416.910156
701.798100 34619.000000 267.555206 34417.402344
703.908570 34817.000000 282.787415 34418.273438
706.018620 34788.000000 295.651459 34419.367188
708.126770 34546.000000 306.767883 34421.910156
710.234380 34581.000000 307.984711 34425.648438
712.340150 34694.000000 297.032776 34430.496094
714.445430 34691.000000 276.195374 34436.511719
716.550350 34715.000000 246.568436 34443.136719
718.653260 34642.000000 215.683716 34450.496094
720.754270 34630.000000 184.834534 34457.765625
722.854800 34506.000000 159.905914 34464.769531
724.953370 34519.000000 139.519318 34471.343750
727.051570 34331.000000 123.309769 34477.460938
729.149350 34495.000000 108.900940 34483.003906
731.243530 34505.000000 97.538857 34487.554688
733.338990 34523.000000 84.613487 34490.113281
735.432370 34649.000000 68.958908 34490.269531
737.523800 34618.000000 64.740974 34490.488281
739.614870 34680.000000 60.110310 34490.359375
741.705570 34449.000000 56.013752 34490.839844
743.792600 34343.000000 52.786720 34491.550781
745.880920 34367.000000 50.691742 34492.820312
747.967220 34547.000000 48.549702 34493.941406
750.051570 34343.000000 45.264221 34494.613281
752.135500 34521.000000 40.157776 34495.160156
754.219120 34574.000000 39.337379 34496.023438
756.300720 34617.000000 37.238827 34497.144531
758.380310 34425.000000 35.178307 34498.285156
760.459530 34546.000000 33.778358 34498.949219
762.538390 34152.000000 33.303780 34498.210938
764.615300 34651.000000 33.165325 34496.500000
766.690190 34780.000000 32.914623 34493.984375
768.764710 34504.000000 31.960657 34491.585938
770.838810 34665.000000 30.220800 34489.867188
772.909360 34459.000000 28.555716 34489.292969
774.981140 34392.000000 27.354977 34488.285156
777.050960 34715.000000 26.795536 34487.203125
779.120420 34712.000000 26.577438 34486.230469
781.187870 34698.000000 26.419956 34485.039062
783.253420 34451.000000 26.287592 34484.476562
785.318480 34528.000000 25.659252 34484.156250
787.383240 34684.000000 24.078979 34483.882812
789.445980 34547.000000 23.505585 34483.460938
791.506770 34396.000000 23.474279 34482.843750
793.567260 34543.000000 23.275988 34482.363281
795.627260 34610.000000 23.255825 34480.855469
797.685360 34627.000000 23.508617 34477.839844
799.741520 34526.000000 23.581532 34473.472656
801.797240 34538.000000 23.495712 34467.585938
803.852600 34591.000000 23.384417 34461.699219
805.906010 34131.000000 23.038862 34455.546875
807.959050 34612.000000 22.589581 34449.363281
810.010130 34321.000000 22.446285 34442.488281
812.059200 34447.000000 21.725124 34435.343750
814.107970 34559.000000 20.874998 34427.480469
816.156370 34462.000000 20.069197 34418.750000
818.202760 34410.000000 19.228920 34409.289062
820.247190 34458.000000 18.951452 34398.902344
822.292850 34375.000000 19.151379 34387.789062
824.335020 34538.000000 19.333920 34375.015625
826.376770 34505.000000 19.505772 34360.171875
828.418090 34416.000000 19.518744 34344.347656
830.457520 34276.000000 19.193640 34327.078125
832.496640 34309.000000 18.924076 34308.343750
834.533690 34404.000000 19.153816 34287.660156
836.568910 34167.000000 19.574514 34265.695312
838.603700 34176.000000 19.630665 34242.316406
840.638060 34270.000000 19.448330 34218.148438
842.670530 34195.000000 19.841234 34193.433594
844.702640 33989.000000 20.448391 34167.617188
846.732790 34172.000000 20.894424 34140.339844
848.762570 34286.000000 21.100567 34112.066406
850.790470 33941.000000 21.636190 34082.890625
852.816350 34157.000000 22.314360 34052.421875
854.843440 33912.000000 23.004812 34020.511719
856.867070 34259.000000 23.704506 33987.511719
858.890200 34038.000000 24.843306 33952.992188
860.913150 34025.000000 25.956207 33917.437500
862.934020 33849.000000 27.746876 33880.507812
864.954530 33883.000000 30.169571 33842.378906
866.973140 33703.000000 33.254208 33802.484375
868.991390 33569.000000 37.228001 33761.968750
871.007690 33973.000000 41.898338 33720.933594
873.023620 33836.000000 47.705257 33678.394531
875.037660 33523.000000 57.701149 33635.039062
877.051270 33678.000000 72.657394 33589.230469
879.062990 33721.000000 93.989761 33540.937500
881.074340 33657.000000 124.711815 33490.640625
883.083740 33693.000000 166.029205 33438.648438
885.092770 33705.000000 212.531342 33385.714844
887.099850 33573.000000 246.427246 33332.011719
889.104980 33624.000000 252.594528 33277.132812
891.111450 33373.000000 227.566254 33220.761719
893.114260 33352.000000 187.097702 33163.179688
895.118410 33263.000000 148.384949 33104.925781
897.119020 33305.000000 114.817001 33046.109375
899.120790 33182.000000 87.910873 32986.972656
901.119080 33075.000000 67.476944 32926.902344
903.118650 33088.000000 53.669239 32865.824219
905.114620 32908.000000 44.401390 32804.347656
907.111880 32721.000000 37.712875 32743.103516
909.107180 32644.000000 33.921028 32681.201172
911.100520 32671.000000 31.090679 32618.292969
913.093630 32433.000000 29.391724 32554.894531
915.084660 32521.000000 28.635483 32491.714844
917.075380 32567.000000 27.872761 32428.724609
919.064210 32483.000000 27.916712 32365.439453
921.052730 32269.000000 28.131634 32302.869141
923.039310 32428.000000 28.322575 32241.101562
925.025450 32162.000000 28.017752 32181.109375
927.009770 32116.000000 27.639713 32122.371094
928.993650 32074.000000 27.420444 32064.955078
930.975590 32199.000000 27.547216 32008.839844
932.957280 31991.000000 28.515926 31953.339844
934.937010 32003.000000 29.162878 31898.964844
936.916380 32005.000000 30.154774 31846.421875
938.895390 31891.000000 31.782238 31795.779297
940.870970 31606.000000 33.000130 31746.476562
942.847660 31723.000000 33.770313 31699.076172
944.822510 31512.000000 35.399208 31654.859375
946.795470 31549.000000 38.054420 31614.609375
948.768010 31713.000000 41.866131 31576.654297
950.738710 31546.000000 48.005417 31540.431641
952.708980 31470.000000 56.773083 31505.794922
954.677310 31507.000000 69.431648 31471.621094
956.645390 31588.000000 85.964058 31436.785156
958.613160 31633.000000 107.964005 31401.197266
960.578920 31500.000000 138.886307 31366.923828
962.542720 31562.000000 180.207687 31334.117188
964.506290 31523.000000 235.029144 31302.447266
966.467960 31501.000000 304.412750 31272.464844
968.429260 31727.000000 377.622009 31243.767578
970.390140 31665.000000 425.045593 31214.408203
972.347660 31659.000000 414.783508 31184.660156
974.306270 31613.000000 359.424591 31154.728516
976.263060 31424.000000 292.229828 31126.021484
978.218020 31134.000000 231.143646 31099.960938
980.172490 31134.000000 182.296127 31075.355469
982.125120 31201.000000 146.388214 31051.808594
984.077390 31413.000000 119.059067 31029.910156
986.029360 31137.000000 97.893570 31008.865234
987.979370 31210.000000 80.642235 30989.068359
989.927490 31143.000000 66.538818 30969.410156
991.875310 31067.000000 55.307575 30950.628906
993.822750 30996.000000 46.570679 30932.753906
995.768370 31091.000000 41.084465 30914.824219
997.711980 31044.000000 36.617161 30896.275391
999.655270 30827.000000 33.812035 30878.255859
1001.596700 30815.000000 31.495998 30861.783203
1003.537700 30877.000000 29.374035 30847.968750
1005.478600 30717.000000 27.629196 30835.923828
1007.417400 30868.000000 26.074436 30825.585938
1009.354300 31016.000000 24.601704 30816.490234
1011.291000 30761.000000 23.559370 30807.160156
1013.227200 30776.000000 22.286495 30797.917969
1015.161600 30839.000000 21.098400 30789.533203
1017.094100 30737.000000 20.391899 30781.363281
1019.026200 30811.000000 20.072809 30774.064453
1020.958000 30732.000000 20.079981 30768.029297
1022.888000 30550.000000 20.369434 30763.486328
1024.816000 30673.000000 20.595736 30759.535156
1026.743800 30541.000000 20.644840 30755.751953
1028.671100 30735.000000 21.150562 30751.304688
1030.596600 30851.000000 22.017849 30748.105469
1032.521700 30792.000000 23.268581 30744.537109
1034.444900 30781.000000 24.310499 30740.558594
1036.366300 30891.000000 25.159761 30735.921875
1038.287400 31032.000000 25.458174 30732.052734
1040.208100 30801.000000 25.478439 30728.439453
1042.127000 30638.000000 25.501392 30724.210938
1044.043800 30800.000000 25.723907 30719.681641
1045.960400 30859.000000 26.222286 30715.171875
1047.876700 30747.000000 26.840597 30711.533203
1049.791000 30665.000000 27.937313 30709.167969
1051.705100 30765.000000 29.731857 30707.916016
1053.617300 30754.000000 32.172081 30706.205078
1055.527600 30714.000000 35.666039 30704.117188
1057.437500 30763.000000 39.961555 30701.785156
1059.347300 30906.000000 46.560371 30698.318359
1061.255000 30777.000000 55.621918 30694.728516
1063.162500 30656.000000 70.115341 30691.292969
1065.068000 30810.000000 90.837608 30688.566406
1066.971700 30758.000000 120.950760 30685.337891
1068.875000 30873.000000 164.796356 30681.857422
1070.778100 30899.000000 217.931030 30678.162109
1072.679200 31121.000000 264.523010 30673.486328
1074.580000 30870.000000 271.701233 30667.619141
1076.479000 30931.000000 239.777878 30661.755859
1078.377600 30865.000000 189.087753 30655.083984
1080.274400 30841.000000 141.230667 30647.792969
1082.169200 30999.000000 107.169739 30640.615234
1084.065300 30717.000000 83.040718 30633.150391
1085.958000 30563.000000 66.444054 30624.826172
1087.850300 30587.000000 54.022041 30616.919922
1089.742400 30731.000000 45.458565 30609.960938
1091.632600 30628.000000 39.643375 30603.943359
1093.522500 30596.000000 35.389244 30599.250000
1095.410400 30544.000000 33.269787 30595.400391
1097.298100 30639.000000 31.713842 30592.119141
1099.183800 30468.000000 30.485874 30588.240234
1101.069300 30661.000000 29.438229 30583.714844
1102.952900 30471.000000 28.422756 30579.306641
1104.834600 30529.000000 27.707834 30574.837891
1106.717700 30687.000000 27.284918 30571.439453
1108.597200 30624.000000 26.895971 30568.679688
1110.477900 30450.000000 26.491587 30566.519531
1112.355300 30564.000000 26.445597 30563.738281
1114.232300 30418.000000 26.679850 30561.847656
1116.109100 30654.000000 26.766712 30559.476562
1117.984000 30617.000000 27.006552 30557.763672
1119.858500 30419.000000 27.721333 30556.558594
1121.731300 30653.000000 28.627295 30556.167969
1123.603600 30554.000000 29.900085 30558.798828
1125.474100 30794.000000 30.760563 30560.824219
1127.344400 30756.000000 31.550934 30563.306641
1129.212600 30547.000000 32.247829 30567.658203
1131.080700 30469.000000 33.380043 30573.289062
1132.946900 30627.000000 35.259636 30579.617188
1134.812700 30536.000000 37.627769 30586.566406
1136.676800 30662.000000 40.286598 30594.269531
1138.540400 30546.000000 44.000233 30604.283203
1140.402300 30827.000000 48.100876 30615.990234
1142.263800 30715.000000 52.291096 30629.701172
1144.123400 30752.000000 57.292274 30645.728516
1145.982800 30631.000000 63.666962 30664.382812
1147.841800 30614.000000 70.912819 30685.013672
1149.697500 31040.000000 81.599327 30705.226562
1151.554400 30827.000000 95.575470 30725.306641
1153.407800 30826.000000 114.026871 30745.675781
1155.262600 30914.000000 139.679825 30766.269531
1157.115500 31170.000000 173.157196 30786.359375
1158.966400 30926.000000 216.638885 30806.285156
1160.817100 31094.000000 264.525726 30825.558594
1162.666000 31236.000000 309.609436 30843.253906
1164.514500 31168.000000 340.078308 30860.994141
1166.361300 31180.000000 340.692749 30878.677734
1168.207600 31286.000000 314.111267 30896.648438
1170.052200 31121.000000 276.548218 30915.740234
1171.896500 31087.000000 241.057831 30935.718750
1173.740400 31177.000000 217.874344 30955.853516
1175.580900 31079.000000 206.723541 30975.892578
1177.422900 31255.000000 206.109344 30996.267578
1179.262700 31276.000000 213.994431 31016.603516
1181.100700 31247.000000 230.728439 31038.650391
1182.938600 31217.000000 259.087341 31060.619141
1184.774500 31273.000000 298.010590 31083.195312
1186.610200 31677.000000 349.111023 31106.093750
1188.444000 31401.000000 414.290527 31126.130859
1190.277500 31643.000000 490.392975 31145.568359
1192.110700 31916.000000 574.060425 31165.234375
1193.942000 31788.000000 656.026367 31184.757812
1195.771600 32028.000000 724.034546 31204.806641
1197.600700 32030.000000 765.038696 31224.837891
1199.428100 31877.000000 765.742615 31246.210938
1201.255200 32168.000000 727.067200 31268.416016
1203.082000 32155.000000 657.932373 31290.296875
1204.907000 31874.000000 572.469604 31312.824219
1206.730100 31855.000000 490.303894 31335.873047
1208.552900 31914.000000 426.150543 31359.123047
1210.373900 31794.000000 381.505524 31383.683594
1212.194600 31828.000000 355.906158 31408.582031
1214.015000 31870.000000 349.335663 31433.476562
1215.833500 31841.000000 361.610077 31458.085938
1217.650300 31999.000000 396.967590 31483.171875
1219.466700 32083.000000 458.758240 31509.335938
1221.281300 31964.000000 547.725769 31537.175781
1223.095600 32323.000000 666.396057 31565.857422
1224.909500 32498.000000 800.791748 31595.738281
1226.721700 32650.000000 915.225586 31625.855469
1228.532000 32517.000000 965.812317 31655.337891
1230.342000 32678.000000 930.459351 31685.533203
1232.151700 32562.000000 828.797058 31716.744141
1233.959700 32455.000000 695.771667 31748.001953
1235.765900 32470.000000 566.339600 31779.699219
1237.571700 32316.000000 458.489990 31811.851562
1239.377100 32297.000000 376.613037 31843.664062
1241.180800 32159.000000 317.716827 31875.199219
1242.982700 32156.000000 282.031555 31905.591797
1244.784200 32289.000000 260.922211 31935.945312
1246.585300 32340.000000 251.720291 31966.476562
1248.384900 32098.000000 253.356613 31996.890625
1250.182500 32273.000000 264.747498 32028.126953
1251.979700 32350.000000 286.750458 32059.953125
1253.776900 32366.000000 324.521667 32094.015625
1255.572000 32622.000000 379.975891 32130.117188
1257.365500 32537.000000 458.236176 32167.685547
1259.160000 32772.000000 571.919617 32205.464844
1260.951300 33084.000000 735.063599 32245.703125
1262.742300 33167.000000 952.460083 32288.380859
1264.533100 33693.000000 1223.176147 32333.798828
1266.322000 34061.000000 1522.134033 32380.816406
1268.109000 34052.000000 1808.534912 32428.449219
1269.895800 34549.000000 2017.002563 32477.246094
1271.682400 34692.000000 2073.068848 32525.000000
1273.466900 34515.000000 1942.895142 32571.642578
1275.251500 34180.000000 1680.860718 32618.941406
1277.033900 34059.000000 1378.129761 32665.251953
1278.814700 33943.000000 1084.922485 32713.406250
1280.595200 33698.000000 835.331665 32763.769531
1282.375400 33474.000000 637.705750 32816.613281
1284.153800 33146.000000 492.834625 32871.753906
1285.931900 33353.000000 387.664795 32927.753906
1287.708100 33372.000000 314.266815 32984.406250
1289.482500 33239.000000 261.928406 33043.949219
1291.256800 33403.000000 224.823700 33105.777344
1293.030600 33244.000000 196.755524 33168.890625
1294.802900 33561.000000 175.085968 33232.878906
1296.574600 33684.000000 159.240982 33295.632812
1298.344600 33487.000000 146.739288 33356.046875
1300.114400 33228.000000 137.890076 33416.628906
1301.882300 33555.000000 133.486588 33476.484375
1303.648300 33601.000000 132.423538 33537.687500
1305.415800 33766.000000 132.905853 33599.839844
1307.179700 33801.000000 134.878937 33662.203125
1308.943500 34019.000000 140.397598 33725.031250
1310.707000 33918.000000 148.750687 33788.582031
1312.468600 33864.000000 160.619446 33851.898438
1314.230000 34115.000000 175.546555 33916.156250
1315.989500 34149.000000 196.187805 33980.312500
1317.748800 34329.000000 226.989502 34044.214844
1319.506200 34416.000000 271.455048 34107.835938
1321.263400 34622.000000 331.873596 34170.203125
1323.018900 34415.000000 411.844086 34231.183594
1324.774000 34826.000000 512.561401 34291.445312
1326.527300 34987.000000 631.584045 34350.171875
1328.278900 35305.000000 760.620728 34409.312500
1330.031700 35245.000000 876.946594 34468.441406
1331.781100 35395.000000 938.572571 34527.750000
1333.531900 35559.000000 919.075684 34586.863281
1335.279300 35401.000000 827.597351 34645.023438
1337.027800 35432.000000 703.224243 34702.320312
1338.773200 35336.000000 581.122131 34756.843750
1340.518300 35157.000000 474.448425 34807.906250
1342.263100 35292.000000 389.992737 34856.507812
1344.006000 35170.000000 323.024536 34902.265625
1345.748700 35300.000000 271.462158 34947.011719
1347.489500 35283.000000 234.353958 34990.156250
1349.230200 35337.000000 205.017410 35031.933594
1350.969100 35101.000000 190.955322 35072.171875
1352.707500 35416.000000 183.135513 35110.304688
1354.445900 35270.000000 177.445282 35146.589844
1356.180900 35580.000000 175.204010 35181.625000
1357.917000 35326.000000 177.903183 35215.187500
1359.649900 35344.000000 186.133316 35244.085938
1361.384200 35375.000000 200.053116 35268.792969
1363.115000 35590.000000 222.784424 35291.101562
1364.847000 35498.000000 253.277618 35310.750000
1366.577400 35601.000000 296.999451 35327.019531
1368.305900 35602.000000 359.886749 35340.824219
1370.034300 35753.000000 445.018463 35352.914062
1371.760600 36275.000000 550.842529 35364.625000
1373.486900 36049.000000 674.731018 35373.738281
1375.211300 36186.000000 798.601257 35380.527344
1376.935400 36210.000000 885.556458 35385.785156
1378.657800 36383.000000 902.324219 35389.234375
1380.380000 36302.000000 841.412781 35391.164062
1382.100200 36206.000000 727.402283 35390.984375
1383.820300 35915.000000 601.167175 35389.546875
1385.540200 35895.000000 486.789459 35386.371094
1387.256500 35715.000000 396.071259 35382.085938
1388.974200 35772.000000 323.010925 35376.652344
1390.690300 35575.000000 265.515839 35369.789062
1392.404400 35657.000000 221.719162 35362.250000
1394.118400 35680.000000 188.795609 35352.113281
1395.830400 35634.000000 163.451630 35339.960938
1397.542200 35689.000000 143.512054 35327.156250
1399.252300 35588.000000 125.951027 35313.796875
1400.962200 35358.000000 112.590858 35300.441406
1402.671800 35276.000000 102.783981 35286.820312
1404.379500 35334.000000 96.750656 35272.703125
1406.085600 35460.000000 91.204880 35257.839844
1407.791300 35293.000000 86.896591 35242.214844
1409.495200 35337.000000 84.832504 35226.753906
1411.199000 35459.000000 83.301720 35210.035156
1412.902500 35404.000000 82.877701 35192.531250
1414.604000 35563.000000 83.230263 35175.625000
1416.304000 35577.000000 83.270111 35159.273438
1418.003700 35190.000000 82.516785 35142.871094
1419.701500 35249.000000 82.564842 35126.250000
1421.399000 35120.000000 83.799095 35109.722656
1423.096400 35116.000000 85.318657 35093.707031
1424.792000 35155.000000 87.099289 35077.011719
1426.485700 35026.000000 91.544975 35060.023438
1428.179300 35049.000000 97.539879 35043.261719
1429.871100 35260.000000 104.050598 35026.792969
1431.562500 35290.000000 110.554604 35010.183594
1433.253900 35161.000000 117.985313 34993.648438
1434.943400 35136.000000 127.695518 34977.890625
1436.631000 35311.000000 139.704865 34963.101562
1438.318500 34976.000000 155.380081 34949.109375
1440.005600 35010.000000 175.828064 34935.054688
1441.691000 34920.000000 200.812347 34920.843750
1443.374800 35029.000000 230.884445 34906.746094
1445.058200 35127.000000 266.518738 34892.136719
1446.741300 35357.000000 308.417053 34877.527344
1448.422900 35176.000000 359.601410 34863.394531
1450.102400 35318.000000 422.284363 34849.976562
1451.781700 35602.000000 493.785004 34838.718750
1453.460900 35429.000000 578.032959 34828.777344
1455.138200 35268.000000 673.232422 34819.644531
1456.813800 35679.000000 772.164551 34811.175781
1458.489100 35526.000000 865.999207 34802.562500
1460.164300 35795.000000 946.236633 34793.550781
1461.837600 35748.000000 1000.803040 34784.148438
1463.509200 35628.000000 1019.761841 34775.531250
1465.180500 35857.000000 996.620789 34767.074219
1466.851600 35732.000000 937.121216 34757.964844
1468.520900 35349.000000 852.747070 34750.316406
1470.189900 35504.000000 758.231567 34744.363281
1471.857200 35571.000000 663.742615 34739.589844
1473.522800 35146.000000 576.491089 34735.125000
1475.188100 35172.000000 495.982025 34731.242188
1476.853100 35039.000000 423.839844 34728.796875
1478.516500 35093.000000 360.883881 34727.414062
1480.178000 35059.000000 307.579346 34726.121094
1481.839200 34829.000000 263.491211 34723.449219
1483.500400 34934.000000 227.191681 34719.343750
1485.159700 34880.000000 199.052277 34714.605469
1486.818600 34812.000000 175.264099 34709.023438
1488.476000 34744.000000 157.541565 34704.460938
1490.131500 34813.000000 144.535370 34700.761719
1491.788300 34648.000000 134.500610 34698.179688
1493.441800 34661.000000 126.846970 34696.488281
1495.095100 34615.000000 119.681091 34694.578125
1496.748000 34670.000000 113.801537 34692.562500
1498.399400 34907.000000 110.732018 34690.851562
1500.050400 34805.000000 110.447655 34689.265625
1501.699700 34911.000000 111.541885 34687.652344
1503.347300 34981.000000 112.654884 34686.066406
1504.996100 34907.000000 112.575516 34683.738281
1506.641600 34635.000000 113.302017 34681.105469
1508.287000 34820.000000 116.308029 34679.476562
1509.932000 34818.000000 121.465538 34678.765625
1511.575300 34527.000000 128.267380 34678.964844
1513.218500 34995.000000 134.922882 34680.433594
1514.859700 34831.000000 142.941360 34681.933594
1516.500900 34722.000000 154.722794 34683.753906
1518.140300 34992.000000 168.901093 34684.875000
1519.777800 34873.000000 187.462219 34684.886719
1521.416700 34949.000000 210.843430 34685.175781
1523.052200 35019.000000 240.068329 34684.980469
1524.689200 35060.000000 274.805603 34686.015625
1526.322800 34933.000000 319.180450 34687.707031
1527.956200 35102.000000 372.395538 34687.640625
1529.589400 34893.000000 439.357483 34686.421875
1531.220800 35067.000000 521.048889 34684.277344
1532.851900 35417.000000 617.754822 34681.535156
1534.481400 35711.000000 729.203125 34678.097656
1536.110600 35433.000000 849.350891 34674.554688
1537.738000 35662.000000 963.379089 34670.906250
1539.365200 35673.000000 1055.465088 34666.324219
1540.990700 35862.000000 1114.646240 34660.593750
1542.616000 35642.000000 1126.970337 34655.304688
1544.239500 35856.000000 1089.851318 34650.792969
1545.862700 35715.000000 1013.026672 34647.488281
1547.484400 35631.000000 910.005371 34643.890625
1549.105600 35348.000000 796.929565 34639.335938
1550.725100 35370.000000 684.613220 34634.105469
1552.344500 35211.000000 580.135071 34627.539062
1553.962000 34896.000000 489.358002 34620.277344
1555.579300 34951.000000 412.497894 34612.179688
1557.195100 34897.000000 348.746063 34603.031250
1558.810400 35002.000000 296.099640 34593.093750
1560.424100 34914.000000 252.629471 34582.828125
1562.037500 34776.000000 216.540604 34572.234375
1563.649200 34860.000000 189.241333 34562.371094
1565.260600 34619.000000 165.886292 34552.660156
1566.870500 34580.000000 146.021088 34543.613281
1568.479900 34607.000000 129.721222 34535.582031
1570.089100 34853.000000 117.923294 34528.906250
1571.695200 34465.000000 108.278114 34523.832031
1573.302500 34791.000000 100.890671 34520.011719
1574.906500 34529.000000 95.563873 34517.011719
1576.511800 34529.000000 88.034286 34513.167969
1578.115500 34920.000000 81.338829 34508.847656
1579.717400 34588.000000 75.746170 34505.050781
1581.319100 34542.000000 71.150871 34501.730469
1582.919100 34787.000000 66.467697 34498.414062
1584.518700 34495.000000 61.804482 34494.605469
1586.116600 34572.000000 56.480354 34490.726562
1587.714500 34479.000000 51.715645 34487.046875
1589.310500 34574.000000 49.502705 34484.582031
1590.906300 34388.000000 46.891930 34482.613281
1592.501800 34568.000000 44.221516 34480.531250
1594.095700 34397.000000 42.214058 34478.480469
1595.687900 34481.000000 40.992111 34477.312500
1597.279700 34466.000000 39.232307 34477.308594
1598.869900 34333.000000 37.493977 34477.800781
1600.459700 34464.000000 36.381252 34478.421875
1602.048100 34523.000000 34.399132 34478.222656
1603.636000 34392.000000 32.694767 34477.492188
1605.223900 34507.000000 31.346844 34477.261719
1606.809800 34347.000000 30.091763 34477.414062
1608.394200 34286.000000 29.051935 34477.421875
1609.978300 34368.000000 27.950413 34477.300781
1611.560700 34469.000000 26.855352 34477.824219
1613.142900 34700.000000 26.318493 34478.562500
1614.724700 34554.000000 25.437956 34479.031250
1616.304900 34425.000000 24.438908 34479.085938
1617.883500 34557.000000 23.572958 34479.691406
1619.461800 34513.000000 22.635010 34480.832031
1621.038300 34554.000000 22.097143 34482.621094
1622.614700 34640.000000 21.968197 34484.886719
1624.190800 34460.000000 21.900948 34486.722656
1625.765300 34451.000000 21.548367 34487.996094
1627.337900 34725.000000 20.619181 34488.871094
1628.910400 34314.000000 19.476019 34489.167969
1630.482700 34601.000000 18.499500 34488.945312
1632.053200 34624.000000 17.686708 34487.597656
1633.622100 34433.000000 17.019468 34486.195312
1635.190600 34436.000000 16.412485 34484.445312
1636.759000 34740.000000 15.929294 34482.406250
1638.325700 34640.000000 15.400393 34480.316406
1639.890700 34516.000000 15.118515 34477.652344
1641.455400 34612.000000 15.051257 34474.273438
1643.019900 34510.000000 14.884166 34470.277344
1644.582800 34511.000000 14.483943 34465.347656
1646.143900 34317.000000 13.677820 34459.203125
1647.704700 34528.000000 12.518963 34452.378906
1649.265500 34584.000000 11.503587 34444.031250
1650.824500 34443.000000 10.750816 34434.433594
1652.381600 34506.000000 10.506647 34424.386719
1653.938700 34536.000000 10.458400 34413.695312
1655.495500 34392.000000 10.466570 34402.191406
1657.050700 34494.000000 10.535492 34389.984375
1658.604100 34362.000000 10.556180 34377.378906
1660.157200 34557.000000 10.319065 34364.558594
1661.710200 34412.000000 10.061886 34351.179688
1663.261500 34166.000000 9.944124 34337.175781
1664.811200 34383.000000 9.824121 34322.308594
1666.361900 34317.000000 9.734002 34306.304688
1667.909700 34318.000000 9.821915 34288.882812
1669.457200 34396.000000 9.815868 34269.992188
1671.004300 34185.000000 9.660311 34250.160156
1672.549900 34174.000000 9.572343 34229.289062
1674.093600 34047.000000 9.574576 34207.554688
1675.637300 34167.000000 9.644420 34185.625000
1677.180800 34005.000000 9.668427 34162.843750
1678.722400 34248.000000 9.745790 34139.609375
1680.263900 34057.000000 9.930657 34116.339844
1681.803700 34015.000000 10.030107 34093.398438
1683.341800 34233.000000 10.042025 34070.742188
1684.881200 34058.000000 10.103779 34048.730469
1686.417500 34085.000000 10.150095 34025.859375
1687.953400 34001.000000 10.194592 34002.242188
1689.489100 33973.000000 10.001271 33978.433594
1691.023200 34006.000000 9.524042 33954.539062
1692.557100 33865.000000 9.022484 33929.847656
1694.089200 33869.000000 8.411151 33904.324219
1695.619800 33859.000000 7.879770 33878.281250
1697.151500 33703.000000 7.353000 33852.203125
1698.680200 33833.000000 6.915610 33826.769531
1700.208500 33668.000000 6.642797 33801.894531
1701.736600 33607.000000 6.447823 33776.898438
1703.263100 33886.000000 6.794477 33752.105469
1704.789300 33772.000000 7.527449 33727.722656
1706.314000 33761.000000 8.639807 33703.605469
1707.838100 33858.000000 9.932075 33679.351562
1709.361000 33394.000000 11.885044 33655.058594
1710.883300 33598.000000 13.951973 33630.535156
1712.404100 33790.000000 16.148476 33605.976562
1713.923100 33736.000000 18.220287 33580.789062
1715.443500 33611.000000 20.615673 33554.464844
1716.960700 33404.000000 23.379538 33526.890625
1718.479100 33754.000000 28.140982 33497.750000
1719.994500 33664.000000 35.745449 33469.046875
1721.509600 33622.000000 48.590538 33441.019531
1723.024400 33362.000000 69.145210 33413.343750
1724.537600 33419.000000 102.829178 33385.410156
1726.050700 33547.000000 148.750153 33357.070312
1727.561900 33573.000000 192.261993 33328.460938
1729.073000 33619.000000 208.231735 33299.410156
1730.582400 33383.000000 182.641769 33269.519531
1732.091700 33499.000000 136.460968 33240.246094
1733.599200 33071.000000 94.336502 33210.812500
1735.106600 33300.000000 64.602852 33181.601562
1736.612100 33154.000000 45.997261 33152.863281
1738.117600 33113.000000 34.371315 33124.285156
1739.621300 33161.000000 26.688000 33095.835938
1741.125000 32963.000000 22.339684 33066.738281
1742.626800 32960.000000 19.165417 33036.824219
1744.128400 32837.000000 16.952503 33006.765625
1745.628500 33190.000000 15.215909 32977.265625
1747.128300 33011.000000 14.074768 32949.296875
1748.626300 32987.000000 13.214050 32922.660156
1750.124300 32792.000000 12.546676 32896.933594
1751.620500 32871.000000 12.104822 32872.011719
1753.116600 32831.000000 12.088905 32847.546875
1754.612400 32978.000000 11.813480 32823.871094
1756.105100 32917.000000 11.256102 32800.398438
1757.599100 32916.000000 10.552427 32776.875000
1759.091300 32837.000000 9.857460 32752.894531
1760.582000 32932.000000 9.060683 32728.222656
1762.072400 32773.000000 8.272586 32702.958984
1763.561000 32645.000000 7.798073 32677.611328
1765.049600 32558.000000 7.673379 32652.658203
1766.536500 32683.000000 7.589653 32628.640625
1768.023200 32622.000000 7.610877 32605.136719
1769.508100 32402.000000 7.709837 32581.974609
1770.992900 32528.000000 7.854939 32559.269531
1772.477500 32533.000000 7.688775 32537.732422
1773.959000 32524.000000 7.338005 32516.406250
1775.441700 32532.000000 7.021776 32495.218750
1776.922700 32401.000000 6.797937 32474.242188
1778.402100 32658.000000 6.336752 32454.220703
1779.881300 32543.000000 5.840070 32434.871094
1781.358900 32378.000000 5.388383 32416.658203
1782.836200 32294.000000 5.034734 32399.417969
1784.311900 32524.000000 4.758996 32383.218750
1785.787400 32362.000000 4.681203 32367.265625
1787.262600 32281.000000 4.709086 32351.410156
1788.736200 32465.000000 4.833657 32334.460938
1790.208300 32352.000000 4.917386 32317.335938
1791.679800 32453.000000 4.979233 32299.228516
1793.150000 32207.000000 4.969461 32280.613281
1794.619900 32402.000000 4.840244 32262.343750
1796.089600 32343.000000 4.714566 32244.359375
1797.557600 32201.000000 4.582221 32227.097656
1799.023900 32083.000000 4.406396 32210.419922
1800.490100 32263.000000 4.262149 32193.603516
1801.954600 32099.000000 4.176011 32177.173828
1803.418900 32282.000000 4.096530 32161.208984
1804.883100 31994.000000 4.098577 32145.292969
1806.345500 32179.000000 4.123280 32130.232422
1807.806400 32052.000000 4.242499 32115.519531
1809.266800 32114.000000 4.322458 32100.931641
1810.727400 31852.000000 4.414835 32086.486328
1812.186000 32092.000000 4.475278 32073.146484
1813.643300 32203.000000 4.571139 32060.183594
1815.100100 32143.000000 4.699847 32047.783203
1816.556800 31970.000000 4.877609 32035.507812
1818.010400 31951.000000 4.947292 32022.929688
1819.465300 32017.000000 4.989071 32010.091797
1820.918500 32103.000000 4.984210 31997.748047
1822.370100 31942.000000 4.971425 31986.171875
1823.821400 32160.000000 4.942272 31974.990234
1825.272600 31852.000000 4.831014 31963.859375
1826.722200 31958.000000 4.682199 31953.289062
1828.169900 31863.000000 4.395745 31942.427734
1829.617600 31886.000000 4.030947 31931.923828
1831.065200 31911.000000 3.756744 31922.027344
1832.511000 31895.000000 3.642295 31912.466797
1833.956500 31751.000000 3.521854 31903.427734
1835.400500 32070.000000 3.456858 31895.052734
1836.842900 32134.000000 3.465947 31886.179688
1838.285200 31839.000000 3.544298 31878.009766
1839.727100 31732.000000 3.765570 31870.388672
1841.167400 31949.000000 3.994611 31862.921875
1842.606100 31800.000000 4.077758 31855.843750
1844.044400 31805.000000 4.112325 31849.230469
1845.482800 31847.000000 4.043120 31843.011719
1846.919400 31746.000000 3.978116 31836.544922
1848.356000 31608.000000 3.858132 31830.466797
1849.790800 31815.000000 3.788938 31825.578125
1851.224000 31831.000000 3.754599 31821.753906
1852.656900 31658.000000 3.698172 31818.955078
1854.089700 31839.000000 3.578854 31817.361328
1855.520800 31773.000000 3.509351 31815.177734
1856.951800 31610.000000 3.354992 31813.525391
1858.381100 31698.000000 3.182945 31813.445312
1859.808700 31888.000000 3.075542 31814.384766
1861.236300 31956.000000 3.007053 31816.566406
1862.663500 31675.000000 2.991366 31820.289062
1864.089100 31617.000000 2.938402 31824.960938
1865.514600 31732.000000 2.948744 31830.660156
1866.938500 31813.000000 2.968155 31836.371094
1868.360700 32002.000000 2.913661 31842.724609
1869.784200 32050.000000 2.862415 31850.177734
1871.204500 31783.000000 2.806347 31858.722656
1872.624600 31660.000000 2.776410 31867.121094
1874.044700 31953.000000 2.753619 31874.363281
1875.463000 31903.000000 2.700270 31880.449219
1876.881200 31984.000000 2.520872 31886.406250
1878.297700 31944.000000 2.420537 31892.666016
1879.714100 31819.000000 2.348538 31899.464844
1881.128800 31984.000000 2.337768 31904.785156
1882.541900 32134.000000 2.414833 31908.501953
1883.956200 32120.000000 2.570630 31911.773438
1885.367400 32037.000000 2.679864 31913.488281
1886.778600 31929.000000 2.824728 31914.226562
1888.189500 32206.000000 3.076254 31914.669922
