Raman_Shift Original_Spectrum Predicted_Raman Predicted_Baseline
294.894650 10115.000000 5.022923 10113.720703
297.232540 10153.000000 4.901960 10113.001953
299.568300 10059.000000 5.153242 10113.168945
301.905240 10124.000000 5.417093 10111.588867
304.238400 10088.000000 5.861346 10111.183594
306.571040 10097.000000 6.156388 10110.624023
308.903260 10168.000000 6.314177 10111.687500
311.233340 10189.000000 6.426682 10112.069336
313.562930 9978.000000 6.685160 10112.663086
315.890440 10087.000000 7.032279 10113.757812
318.215790 10104.000000 7.305430 10115.195312
320.540680 10133.000000 7.545544 10117.864258
322.865110 10064.000000 7.647290 10121.742188
325.187410 10063.000000 8.028161 10126.321289
327.509250 10091.000000 8.633757 10132.895508
329.828920 10111.000000 9.333352 10141.051758
332.148160 10171.000000 9.941792 10149.529297
334.465270 10129.000000 11.861082 10159.212891
336.781950 10161.000000 14.468203 10169.669922
339.096470 10121.000000 17.595005 10181.069336
341.408870 10267.000000 20.671412 10193.086914
343.722530 10187.000000 24.238823 10205.427734
346.032350 10295.000000 27.675800 10217.935547
348.341740 10228.000000 32.195107 10230.838867
350.650670 10331.000000 36.440414 10244.412109
352.957460 10253.000000 41.338425 10259.157227
355.263760 10287.000000 46.475964 10274.394531
357.568020 10350.000000 52.835419 10290.094727
359.871800 10395.000000 60.679241 10305.744141
362.173430 10335.000000 69.659134 10320.904297
364.474640 10509.000000 79.469826 10336.711914
366.773710 10417.000000 89.129768 10353.462891
369.072360 10357.000000 98.136208 10369.788086
371.368870 10459.000000 107.965454 10385.459961
373.664920 10488.000000 116.162537 10401.116211
375.958890 10493.000000 123.869789 10416.636719
378.252380 10496.000000 130.784317 10432.379883
380.543790 10580.000000 136.776825 10448.320312
382.834750 10559.000000 140.894165 10463.095703
385.123570 10590.000000 141.346436 10476.252930
387.411960 10680.000000 137.145935 10488.443359
389.698210 10609.000000 129.702576 10499.819336
391.984070 10672.000000 119.396263 10510.995117
394.267790 10615.000000 108.056908 10522.390625
396.551060 10615.000000 95.937050 10533.210938
398.832210 10647.000000 84.966888 10543.682617
401.112950 10650.000000 74.963135 10553.992188
403.391570 10703.000000 64.773277 10563.856445
405.669770 10619.000000 57.156883 10573.606445
407.945860 10716.000000 49.854733 10582.793945
410.221470 10698.000000 43.408623 10591.534180
412.495030 10656.000000 37.554672 10599.776367
414.768100 10684.000000 32.628319 10607.650391
417.039090 10613.000000 28.429846 10615.413086
419.309630 10696.000000 24.924654 10622.328125
421.579740 10666.000000 22.076069 10628.824219
423.846100 10642.000000 20.562153 10635.020508
426.113680 10677.000000 19.603802 10640.665039
428.377470 10635.000000 18.915859 10646.281250
430.642520 10623.000000 18.303806 10651.540039
432.905460 10736.000000 17.798681 10656.294922
435.166320 10702.000000 17.281971 10660.670898
437.426700 10681.000000 16.831022 10664.225586
439.685060 10730.000000 16.145624 10667.257812
441.942900 10669.000000 16.110725 10669.982422
444.198730 10691.000000 16.162361 10671.933594
446.454070 10723.000000 16.351883 10673.576172
448.708980 10737.000000 16.563160 10675.281250
450.961820 10713.000000 16.686876 10676.556641
453.212550 10693.000000 16.904720 10677.137695
455.462890 10759.000000 17.258137 10677.081055
457.711120 10769.000000 17.765728 10676.983398
459.958920 10741.000000 18.567688 10677.459961
462.204590 10716.000000 19.155834 10677.765625
464.449890 10729.000000 19.612286 10677.816406
466.694760 10688.000000 20.261747 10678.049805
468.937500 10728.000000 20.666050 10678.003906
471.178160 10771.000000 20.997387 10677.707031
473.418460 10681.000000 21.179245 10676.891602
475.656620 10679.000000 21.705889 10674.727539
477.894380 10750.000000 22.704710 10671.416992
480.131680 10717.000000 24.483601 10667.632812
482.366910 10732.000000 26.507587 10663.172852
484.600040 10702.000000 29.220337 10657.917969
486.832790 10705.000000 32.087608 10651.854492
489.063450 10769.000000 36.779083 10645.495117
491.293670 10796.000000 42.369118 10639.334961
493.523500 10715.000000 50.332535 10632.989258
495.751190 10684.000000 60.286846 10625.877930
497.976840 10747.000000 73.580917 10618.209961
500.202090 10743.000000 92.182739 10609.942383
502.426910 10731.000000 118.846680 10601.768555
504.649660 10706.000000 155.099136 10592.141602
506.870270 10811.000000 202.614792 10581.558594
509.090550 10742.000000 260.581329 10570.640625
511.310360 10859.000000 319.905212 10559.744141
513.528140 10952.000000 356.834869 10548.780273
515.743770 10895.000000 344.205322 10536.689453
517.959110 10761.000000 298.939301 10523.259766
520.173890 10745.000000 244.183868 10509.114258
522.386660 10736.000000 193.548126 10493.839844
524.597410 10621.000000 153.801514 10477.390625
526.807740 10554.000000 123.282486 10461.772461
529.017580 10582.000000 100.328880 10446.125000
531.225400 10511.000000 82.869064 10430.937500
533.431210 10469.000000 72.202675 10416.666992
535.636470 10427.000000 65.279144 10403.709961
537.841430 10411.000000 60.435108 10391.776367
540.044310 10509.000000 56.979012 10380.427734
542.245120 10470.000000 56.082375 10370.012695
544.445500 10443.000000 57.181938 10360.896484
546.645450 10392.000000 60.589661 10353.210938
548.843380 10343.000000 64.427773 10345.453125
551.040830 10418.000000 68.070671 10337.949219
553.236330 10469.000000 73.664192 10331.132812
555.429690 10488.000000 82.033684 10325.376953
557.622680 10471.000000 92.359825 10320.648438
559.815250 10438.000000 107.144119 10316.162109
562.005800 10502.000000 125.298462 10311.842773
564.195920 10489.000000 145.460251 10308.800781
566.383910 10461.000000 166.490509 10305.850586
568.569950 10549.000000 185.202682 10303.039062
570.755550 10545.000000 194.659088 10300.833984
572.940730 10540.000000 193.329590 10299.008789
575.123900 10530.000000 181.971954 10297.715820
577.306640 10454.000000 164.974091 10296.884766
579.487300 10382.000000 145.324493 10295.319336
581.665950 10526.000000 128.113312 10293.464844
583.844120 10411.000000 111.993492 10291.339844
586.021970 10400.000000 99.019493 10288.515625
588.197750 10430.000000 89.080772 10285.287109
590.373170 10442.000000 81.048950 10281.887695
592.546450 10412.000000 75.436340 10278.063477
594.719420 10248.000000 70.991760 10274.132812
596.890260 10353.000000 68.743629 10269.770508
599.059140 10309.000000 67.521339 10264.821289
601.229190 10298.000000 67.474739 10259.785156
603.395570 10359.000000 67.666794 10255.068359
605.561580 10308.000000 69.001022 10250.438477
607.727170 10346.000000 72.287773 10245.642578
609.890750 10372.000000 75.390533 10241.004883
612.053960 10354.000000 79.763542 10236.465820
614.215030 10373.000000 85.603203 10231.857422
616.375790 10333.000000 93.084877 10227.038086
618.534480 10350.000000 100.506821 10221.190430
620.692750 10352.000000 112.529282 10214.638672
622.849000 10319.000000 125.597305 10207.710938
625.004820 10299.000000 140.839996 10200.414062
627.158750 10343.000000 158.992905 10193.132812
629.310490 10399.000000 181.048859 10186.171875
631.463560 10369.000000 210.509918 10179.162109
633.612920 10425.000000 247.560989 10173.067383
635.763490 10454.000000 300.281555 10166.230469
637.910460 10510.000000 366.424866 10159.492188
640.058650 10587.000000 457.188873 10152.724609
642.203190 10722.000000 574.945740 10147.121094
644.348880 10855.000000 734.574219 10143.500977
646.491030 11133.000000 928.180969 10138.787109
648.634400 11292.000000 1149.951904 10130.897461
650.774050 11483.000000 1364.796387 10122.859375
652.914980 11663.000000 1524.313721 10117.326172
655.052250 11685.000000 1563.096924 10114.265625
657.190730 11643.000000 1472.260986 10112.247070
659.325620 11389.000000 1299.865356 10113.136719
661.461730 11272.000000 1093.069336 10113.611328
663.594180 11021.000000 906.235840 10112.296875
665.727910 10812.000000 750.917664 10107.572266
667.857910 10710.000000 633.346191 10102.462891
669.989200 10667.000000 540.301575 10099.125977
672.118470 10604.000000 465.618805 10097.095703
674.245670 10455.000000 399.650696 10095.098633
676.372560 10482.000000 345.715515 10092.404297
678.497380 10452.000000 300.883911 10089.212891
680.621830 10385.000000 262.982483 10086.238281
682.744320 10343.000000 232.163300 10083.650391
684.866390 10274.000000 208.492798 10081.403320
686.986450 10297.000000 189.964584 10079.710938
689.106080 10218.000000 176.200958 10078.764648
691.223750 10230.000000 166.036514 10078.333984
693.341000 10301.000000 158.698639 10078.320312
695.457820 10197.000000 155.038147 10078.377930
697.571110 10291.000000 154.749786 10078.043945
699.685610 10215.000000 157.900833 10077.715820
701.798100 10222.000000 162.914581 10076.878906
703.908570 10331.000000 173.662018 10075.804688
706.018620 10291.000000 184.934921 10074.279297
708.126770 10217.000000 197.087494 10072.476562
710.234380 10290.000000 206.308838 10070.953125
712.340150 10270.000000 208.675507 10069.611328
714.445430 10223.000000 204.548248 10068.003906
716.550350 10294.000000 192.898682 10066.744141
718.653260 10266.000000 174.541016 10065.779297
720.754270 10167.000000 153.536713 10064.762695
722.854800 10245.000000 134.737900 10063.685547
724.953370 10156.000000 118.171432 10063.169922
727.051570 10143.000000 103.704727 10062.809570
729.149350 10130.000000 91.706512 10062.691406
731.243530 10154.000000 81.649979 10062.367188
733.338990 10163.000000 72.675659 10061.208984
735.432370 10125.000000 64.617989 10059.204102
737.523800 10205.000000 58.706409 10057.273438
739.614870 10123.000000 53.577526 10055.531250
741.705570 10048.000000 49.284691 10053.560547
743.792600 10069.000000 45.878284 10051.638672
745.880920 10036.000000 42.798492 10049.697266
747.967220 10103.000000 39.867241 10047.582031
750.051570 10048.000000 37.533867 10045.695312
752.135500 10043.000000 35.679237 10043.841797
754.219120 10102.000000 33.390503 10042.068359
756.300720 10062.000000 30.810486 10040.300781
758.380310 10026.000000 28.610260 10038.629883
760.459530 10002.000000 26.524469 10037.232422
762.538390 9971.000000 24.616756 10036.188477
764.615300 10101.000000 22.918043 10034.725586
766.690190 10074.000000 21.439476 10033.267578
768.764710 10097.000000 20.052364 10031.226562
770.838810 10087.000000 18.828709 10029.662109
772.909360 10052.000000 17.454798 10028.441406
774.981140 10013.000000 16.317549 10026.816406
777.050960 10074.000000 15.444263 10024.444336
779.120420 10114.000000 15.021810 10021.958984
781.187870 10073.000000 14.671288 10019.535156
783.253420 9996.000000 14.505992 10017.273438
785.318480 10026.000000 14.235560 10014.791016
787.383240 10079.000000 13.588817 10011.927734
789.445980 10013.000000 13.092718 10009.176758
791.506770 10068.000000 12.742719 10006.784180
793.567260 10032.000000 12.446495 10004.186523
795.627260 10027.000000 12.026487 10001.594727
797.685360 10019.000000 11.628642 9998.568359
799.741520 9985.000000 11.395095 9995.489258
801.797240 10067.000000 11.171526 9991.951172
803.852600 10031.000000 10.931638 9988.002930
805.906010 9932.000000 10.767794 9983.366211
807.959050 9960.000000 10.655615 9978.099609
810.010130 9921.000000 10.855791 9972.093750
812.059200 9960.000000 10.976723 9965.919922
814.107970 9945.000000 11.259318 9959.686523
816.156370 9963.000000 11.608013 9953.886719
818.202760 10020.000000 11.723035 9948.708008
820.247190 9927.000000 11.350516 9943.460938
822.292850 9915.000000 11.154323 9937.748047
824.335020 9983.000000 11.016206 9931.133789
826.376770 9919.000000 10.818894 9923.774414
828.418090 9964.000000 10.479077 9916.060547
830.457520 9904.000000 10.003242 9908.282227
832.496640 9968.000000 9.590973 9900.060547
834.533690 9910.000000 9.268216 9891.257812
836.568910 9867.000000 9.026673 9882.690430
838.603700 9835.000000 9.087527 9874.003906
840.638060 9911.000000 9.172491 9865.068359
842.670530 9847.000000 9.341198 9855.957031
844.702640 9804.000000 9.345923 9846.529297
846.732790 9931.000000 9.333479 9836.584961
848.762570 9887.000000 9.336349 9825.593750
850.790470 9782.000000 9.347902 9813.537109
852.816350 9841.000000 9.081081 9801.228516
854.843440 9791.000000 8.957354 9788.940430
856.867070 9852.000000 8.803484 9776.336914
858.890200 9802.000000 8.811579 9763.582031
860.913150 9788.000000 8.688054 9750.706055
862.934020 9743.000000 8.764652 9737.364258
864.954530 9691.000000 8.859102 9724.134766
866.973140 9755.000000 8.962809 9710.371094
868.991390 9621.000000 9.186030 9696.919922
871.007690 9707.000000 9.539028 9683.144531
873.023620 9667.000000 10.013029 9668.572266
875.037660 9653.000000 10.715500 9653.894531
877.051270 9635.000000 11.401208 9639.592773
879.062990 9643.000000 12.174696 9625.470703
881.074340 9627.000000 13.453641 9611.712891
883.083740 9712.000000 16.001017 9597.179688
885.092770 9643.000000 19.425566 9581.981445
887.099850 9617.000000 22.168648 9566.710938
889.104980 9645.000000 22.906963 9551.345703
891.111450 9621.000000 20.919973 9535.674805
893.114260 9566.000000 17.359245 9520.041992
895.118410 9547.000000 14.147661 9503.555664
897.119020 9485.000000 11.815557 9486.723633
899.120790 9463.000000 10.418897 9469.556641
901.119080 9462.000000 9.642900 9452.576172
903.118650 9463.000000 9.321536 9435.436523
905.114620 9427.000000 9.185489 9418.297852
907.111880 9349.000000 9.316614 9400.876953
909.107180 9418.000000 9.323335 9383.583984
911.100520 9374.000000 9.303462 9366.144531
913.093630 9306.000000 9.192908 9348.829102
915.084660 9355.000000 9.220361 9331.539062
917.075380 9323.000000 9.201993 9314.143555
919.064210 9354.000000 9.390028 9296.379883
921.052730 9249.000000 9.568547 9279.040039
923.039310 9241.000000 9.810854 9262.120117
925.025450 9253.000000 9.876706 9245.795898
927.009770 9222.000000 10.035645 9230.039062
928.993650 9248.000000 10.171459 9214.658203
930.975590 9210.000000 10.538733 9199.796875
932.957280 9214.000000 10.853895 9185.412109
934.937010 9180.000000 11.230482 9171.692383
936.916380 9205.000000 11.522756 9158.666992
938.895390 9163.000000 12.004888 9147.038086
940.870970 9061.000000 12.343760 9135.436523
942.847660 9145.000000 12.737294 9123.620117
944.822510 9120.000000 13.313817 9111.381836
946.795470 9106.000000 14.338852 9100.072266
948.768010 9096.000000 15.547360 9089.212891
950.738710 9074.000000 17.615873 9078.271484
952.708980 9059.000000 20.442917 9067.513672
954.677310 9075.000000 25.345890 9056.636719
956.645390 9071.000000 32.336628 9046.145508
958.613160 9095.000000 43.071232 9036.746094
960.578920 9051.000000 59.449608 9027.443359
962.542720 9118.000000 84.024124 9018.416992
964.506290 9179.000000 121.208328 9009.333008
966.467960 9161.000000 170.810623 9000.310547
968.429260 9215.000000 221.902740 8991.589844
970.390140 9260.000000 254.274094 8982.404297
972.347660 9189.000000 249.712250 8973.757812
974.306270 9205.000000 211.204498 8964.790039
976.263060 9177.000000 160.027893 8957.422852
978.218020 9084.000000 113.544876 8950.355469
980.172490 8944.000000 79.366013 8942.511719
982.125120 8977.000000 57.399426 8934.160156
984.077390 9021.000000 43.055706 8925.719727
986.029360 8956.000000 33.361198 8918.233398
987.979370 8976.000000 26.998953 8911.929688
989.927490 8985.000000 22.981531 8905.979492
991.875310 8911.000000 20.294252 8900.266602
993.822750 8884.000000 18.179564 8895.107422
995.768370 8945.000000 16.574741 8889.827148
997.711980 8897.000000 15.266835 8884.526367
999.655270 8865.000000 14.262614 8879.970703
1001.596700 8902.000000 13.396273 8876.123047
1003.537700 8879.000000 12.616849 8871.846680
1005.478600 8847.000000 12.073065 8867.931641
1007.417400 8918.000000 11.658617 8864.918945
1009.354300 8871.000000 11.172934 8861.792969
1011.291000 8832.000000 10.719336 8859.044922
1013.227200 8820.000000 10.344405 8856.243164
1015.161600 8864.000000 10.056699 8852.884766
1017.094100 8816.000000 9.844909 8849.594727
1019.026200 8909.000000 9.545321 8847.038086
1020.958000 8948.000000 9.328568 8845.046875
1022.888000 8857.000000 9.156712 8843.612305
1024.816000 8864.000000 9.031733 8841.972656
1026.743800 8821.000000 8.928242 8840.372070
1028.671100 8877.000000 9.027456 8838.786133
1030.596600 8811.000000 9.209221 8836.875977
1032.521700 8815.000000 9.430331 8835.745117
1034.444900 8848.000000 9.545471 8834.674805
1036.366300 8867.000000 9.841721 8833.062500
1038.287400 8891.000000 10.129974 8831.249023
1040.208100 8844.000000 10.509380 8828.836914
1042.127000 8815.000000 10.831376 8826.613281
1044.043800 8889.000000 11.359297 8824.839844
1045.960400 8906.000000 11.913964 8822.822266
1047.876700 8853.000000 12.588353 8820.529297
1049.791000 8770.000000 13.207060 8818.781250
1051.705100 8830.000000 13.982417 8816.492188
1053.617300 8865.000000 14.947337 8813.614258
1055.527600 8896.000000 16.677990 8810.701172
1057.437500 8891.000000 18.806286 8807.950195
1059.347300 8905.000000 21.911680 8805.541016
1061.255000 8829.000000 26.084066 8802.474609
1063.162500 8797.000000 32.476578 8798.460938
1065.068000 8829.000000 42.253868 8794.079102
1066.971700 8878.000000 57.675488 8789.829102
1068.875000 8840.000000 82.008972 8785.175781
1070.778100 8916.000000 117.757095 8781.537109
1072.679200 8985.000000 156.325790 8778.174805
1074.580000 8955.000000 171.434799 8775.361328
1076.479000 8898.000000 145.486710 8772.975586
1078.377600 8837.000000 104.374962 8769.582031
1080.274400 8865.000000 71.850563 8766.311523
1082.169200 8849.000000 52.154411 8762.092773
1084.065300 8848.000000 39.415203 8758.638672
1085.958000 8747.000000 31.147268 8755.619141
1087.850300 8757.000000 25.577335 8752.925781
1089.742400 8787.000000 22.161015 8749.375000
1091.632600 8780.000000 20.033688 8746.146484
1093.522500 8722.000000 18.633951 8743.542969
1095.410400 8736.000000 17.676060 8741.222656
1097.298100 8724.000000 16.860077 8739.327148
1099.183800 8739.000000 16.358101 8737.744141
1101.069300 8768.000000 15.909475 8736.913086
1102.952900 8652.000000 15.611966 8735.226562
1104.834600 8766.000000 15.278044 8733.664062
1106.717700 8754.000000 15.038623 8732.119141
1108.597200 8682.000000 14.742955 8731.416992
1110.477900 8670.000000 14.405551 8730.093750
1112.355300 8749.000000 14.282295 8729.541016
1114.232300 8683.000000 14.334478 8728.477539
1116.109100 8759.000000 14.467094 8727.065430
1117.984000 8746.000000 14.585958 8726.032227
1119.858500 8668.000000 15.178949 8725.302734
1121.731300 8700.000000 15.912910 8724.869141
1123.603600 8674.000000 16.754484 8723.933594
1125.474100 8784.000000 17.470562 8722.846680
1127.344400 8780.000000 18.149202 8722.201172
1129.212600 8745.000000 18.696306 8721.812500
1131.080700 8810.000000 19.356167 8722.193359
1132.946900 8728.000000 20.092287 8722.891602
1134.812700 8717.000000 21.611561 8723.737305
1136.676800 8731.000000 23.400999 8725.272461
1138.540400 8753.000000 25.446112 8727.632812
1140.402300 8773.000000 27.795807 8728.977539
1142.263800 8749.000000 31.171499 8730.770508
1144.123400 8820.000000 35.050755 8732.219727
1145.982800 8759.000000 39.829990 8732.634766
1147.841800 8722.000000 45.650715 8732.750000
1149.697500 8832.000000 52.912437 8733.945312
1151.554400 8810.000000 62.989647 8735.179688
1153.407800 8786.000000 75.581055 8736.877930
1155.262600 8852.000000 91.688774 8738.707031
1157.115500 8916.000000 111.621933 8740.668945
1158.966400 8839.000000 131.570358 8742.729492
1160.817100 8953.000000 145.875656 8745.377930
1162.666000 8946.000000 148.323029 8748.173828
1164.514500 8889.000000 139.055679 8751.191406
1166.361300 8896.000000 123.843590 8753.875000
1168.207600 8900.000000 109.081314 8756.081055
1170.052200 8854.000000 98.251511 8758.352539
1171.896500 8883.000000 92.824287 8760.791016
1173.740400 8852.000000 90.755646 8762.470703
1175.580900 8894.000000 93.017616 8763.918945
1177.422900 8940.000000 96.849762 8765.283203
1179.262700 8921.000000 106.135780 8767.214844
1181.100700 8896.000000 120.151978 8770.110352
1182.938600 8932.000000 139.633865 8773.717773
1184.774500 8923.000000 164.651566 8777.162109
1186.610200 9020.000000 197.256638 8780.348633
1188.444000 9024.000000 239.402985 8784.003906
1190.277500 9047.000000 292.042725 8787.816406
1192.110700 9215.000000 355.427795 8792.601562
1193.942000 9264.000000 423.778320 8796.977539
1195.771600 9285.000000 486.488831 8798.950195
1197.600700 9333.000000 528.428650 8801.916016
1199.428100 9353.000000 538.569763 8805.539062
1201.255200 9348.000000 517.186340 8809.075195
1203.082000 9276.000000 470.767181 8813.025391
1204.907000 9243.000000 409.011993 8817.068359
1206.730100 9220.000000 348.907166 8822.041016
1208.552900 9131.000000 299.563965 8827.480469
1210.373900 9138.000000 266.725525 8833.982422
1212.194600 9080.000000 247.151001 8841.024414
1214.015000 9112.000000 239.774612 8847.540039
1215.833500 9076.000000 245.253174 8854.196289
1217.650300 9098.000000 264.606506 8860.666016
1219.466700 9162.000000 300.705994 8867.213867
1221.281300 9231.000000 351.991272 8873.412109
1223.095600 9309.000000 420.105316 8879.090820
1224.909500 9401.000000 499.140808 8884.353516
1226.721700 9493.000000 577.100281 8889.547852
1228.532000 9495.000000 635.857544 8894.134766
1230.342000 9559.000000 653.661987 8899.197266
1232.151700 9513.000000 621.377747 8905.313477
1233.959700 9417.000000 551.734009 8911.947266
1235.765900 9420.000000 466.782074 8919.071289
1237.571700 9324.000000 381.130310 8926.312500
1239.377100 9229.000000 310.405884 8934.506836
1241.180800 9209.000000 254.748215 8942.437500
1242.982700 9213.000000 217.494781 8949.682617
1244.784200 9138.000000 194.763275 8957.244141
1246.585300 9146.000000 183.336273 8964.917969
1248.384900 9102.000000 180.596100 8971.715820
1250.182500 9090.000000 184.685226 8977.655273
1251.979700 9141.000000 196.666168 8982.541016
1253.776900 9193.000000 220.321686 8986.906250
1255.572000 9261.000000 254.275192 8991.357422
1257.365500 9287.000000 299.522522 8995.804688
1259.160000 9363.000000 362.774170 9001.576172
1260.951300 9496.000000 448.637024 9010.520508
1262.742300 9545.000000 570.385620 9023.512695
1264.533100 9771.000000 727.274536 9036.483398
1266.322000 9975.000000 908.269043 9047.847656
1268.109000 10134.000000 1088.680298 9056.298828
1269.895800 10253.000000 1232.167725 9062.108398
1271.682400 10374.000000 1304.348999 9067.393555
1273.466900 10359.000000 1280.134766 9074.436523
1275.251500 10245.000000 1159.538818 9083.082031
1277.033900 10065.000000 984.717285 9093.558594
1278.814700 9930.000000 792.528687 9103.253906
1280.595200 9731.000000 621.411560 9112.013672
1282.375400 9626.000000 481.646545 9119.325195
1284.153800 9410.000000 375.318207 9127.484375
1285.931900 9449.000000 295.315887 9137.000000
1287.708100 9384.000000 238.770660 9148.358398
1289.482500 9352.000000 197.826630 9160.509766
1291.256800 9387.000000 168.021194 9172.088867
1293.030600 9341.000000 146.363312 9182.953125
1294.802900 9383.000000 130.321198 9192.504883
1296.574600 9358.000000 119.293030 9201.913086
1298.344600 9332.000000 110.977188 9211.480469
1300.114400 9309.000000 106.123253 9221.692383
1301.882300 9365.000000 102.087761 9232.841797
1303.648300 9301.000000 99.719231 9244.382812
1305.415800 9425.000000 99.614868 9256.534180
1307.179700 9394.000000 99.839584 9269.004883
1308.943500 9423.000000 100.593910 9281.480469
1310.707000 9451.000000 103.080872 9294.667969
1312.468600 9407.000000 107.835373 9307.542969
1314.230000 9528.000000 115.302200 9320.891602
1315.989500 9494.000000 126.303482 9335.341797
1317.748800 9471.000000 143.907318 9349.714844
1319.506200 9577.000000 168.990875 9364.178711
1321.263400 9648.000000 204.133499 9378.419922
1323.018900 9646.000000 250.148163 9392.845703
1324.774000 9671.000000 307.565063 9407.061523
1326.527300 9861.000000 376.699371 9420.967773
1328.278900 9907.000000 450.787842 9435.400391
1330.031700 9946.000000 523.136902 9449.821289
1331.781100 10059.000000 580.510803 9464.771484
1333.531900 10108.000000 602.166809 9479.260742
1335.279300 10063.000000 574.338928 9493.117188
1337.027800 10050.000000 507.583344 9507.384766
1338.773200 9952.000000 426.013580 9521.957031
1340.518300 9850.000000 345.925323 9534.900391
1342.263100 9859.000000 276.916687 9546.851562
1344.006000 9804.000000 221.800995 9557.734375
1345.748700 9797.000000 179.508652 9569.288086
1347.489500 9686.000000 149.446930 9580.136719
1349.230200 9699.000000 128.453995 9590.336914
1350.969100 9719.000000 112.347496 9599.843750
1352.707500 9740.000000 101.027603 9609.427734
1354.445900 9664.000000 93.636551 9619.275391
1356.180900 9698.000000 89.926926 9628.725586
1357.917000 9698.000000 88.809372 9637.488281
1359.649900 9754.000000 90.300697 9645.254883
1361.384200 9700.000000 94.759537 9652.216797
1363.115000 9792.000000 103.597702 9658.543945
1364.847000 9782.000000 117.151344 9664.495117
1366.577400 9825.000000 138.595078 9669.527344
1368.305900 9829.000000 169.655121 9673.817383
1370.034300 9914.000000 215.995941 9677.897461
1371.760600 10015.000000 279.972260 9681.819336
1373.486900 10021.000000 360.381927 9684.832031
1375.211300 10149.000000 449.890717 9686.780273
1376.935400 10188.000000 523.658936 9687.950195
1378.657800 10239.000000 549.722778 9687.673828
1380.380000 10237.000000 510.751160 9687.961914
1382.100200 10112.000000 425.763245 9688.255859
1383.820300 10029.000000 332.815613 9688.183594
1385.540200 9894.000000 250.829544 9686.801758
1387.256500 9894.000000 188.818314 9685.041992
1388.974200 9844.000000 144.905609 9683.736328
1390.690300 9795.000000 115.520935 9682.675781
1392.404400 9783.000000 95.606918 9681.028320
1394.118400 9784.000000 81.751495 9678.769531
1395.830400 9729.000000 71.901604 9676.436523
1397.542200 9762.000000 65.212509 9674.002930
1399.252300 9724.000000 59.521351 9671.899414
1400.962200 9675.000000 55.313732 9669.661133
1402.671800 9709.000000 52.105793 9667.656250
1404.379500 9724.000000 49.757790 9665.275391
1406.085600 9740.000000 47.312828 9662.676758
1407.791300 9768.000000 45.498344 9660.083008
1409.495200 9711.000000 44.462345 9657.656250
1411.199000 9735.000000 43.248466 9655.463867
1412.902500 9738.000000 42.685638 9652.868164
1414.604000 9763.000000 42.393883 9650.191406
1416.304000 9751.000000 42.371822 9647.333008
1418.003700 9601.000000 42.275780 9644.296875
1419.701500 9688.000000 42.189796 9640.676758
1421.399000 9699.000000 42.119827 9636.358398
1423.096400 9624.000000 42.729080 9631.830078
1424.792000 9650.000000 43.965355 9627.671875
1426.485700 9606.000000 45.869427 9623.944336
1428.179300 9648.000000 47.846272 9621.008789
1429.871100 9677.000000 50.395916 9617.929688
1431.562500 9660.000000 53.515022 9615.380859
1433.253900 9666.000000 57.556610 9613.022461
1434.943400 9670.000000 62.501556 9610.297852
1436.631000 9730.000000 69.083611 9606.289062
1438.318500 9680.000000 77.592751 9601.945312
1440.005600 9602.000000 88.995216 9597.496094
1441.691000 9630.000000 102.802063 9593.885742
1443.374800 9677.000000 119.589905 9590.875977
1445.058200 9737.000000 140.264236 9588.371094
1446.741300 9775.000000 166.070084 9586.707031
1448.422900 9826.000000 198.547852 9585.526367
1450.102400 9846.000000 238.038727 9584.324219
1451.781700 9949.000000 282.694885 9582.837891
1453.460900 9903.000000 335.802917 9581.402344
1455.138200 9913.000000 396.129395 9580.416016
1456.813800 10041.000000 459.563568 9579.968750
1458.489100 10007.000000 521.987549 9579.079102
1460.164300 10180.000000 575.488342 9576.857422
1461.837600 10186.000000 611.655273 9574.065430
1463.509200 10189.000000 624.358398 9570.762695
1465.180500 10148.000000 610.695251 9567.255859
1466.851600 10090.000000 571.427368 9563.726562
1468.520900 10080.000000 514.757080 9561.292969
1470.189900 10025.000000 450.810974 9559.338867
1471.857200 9952.000000 389.545959 9557.928711
1473.522800 9877.000000 332.857269 9556.520508
1475.188100 9794.000000 281.986725 9554.903320
1476.853100 9738.000000 236.825043 9553.037109
1478.516500 9708.000000 198.133331 9551.751953
1480.178000 9724.000000 167.093704 9550.512695
1481.839200 9630.000000 141.635437 9549.815430
1483.500400 9691.000000 120.967064 9548.746094
1485.159700 9639.000000 106.052811 9547.762695
1486.818600 9703.000000 94.230606 9546.559570
1488.476000 9614.000000 85.167023 9545.127930
1490.131500 9647.000000 78.195831 9543.844727
1491.788300 9584.000000 73.104782 9542.832031
1493.441800 9590.000000 68.971756 9542.114258
1495.095100 9646.000000 65.861626 9541.946289
1496.748000 9549.000000 63.515148 9542.746094
1498.399400 9675.000000 61.767010 9543.259766
1500.050400 9622.000000 59.452690 9543.525391
1501.699700 9551.000000 57.920429 9543.972656
1503.347300 9662.000000 57.307579 9544.380859
1504.996100 9584.000000 56.776379 9545.025391
1506.641600 9564.000000 56.915260 9546.010742
1508.287000 9635.000000 57.770653 9547.416992
1509.932000 9637.000000 59.578979 9549.121094
1511.575300 9556.000000 61.625263 9550.782227
1513.218500 9656.000000 64.538155 9552.805664
1514.859700 9590.000000 67.976059 9554.636719
1516.500900 9641.000000 73.001999 9556.312500
1518.140300 9718.000000 79.526001 9557.146484
1519.777800 9679.000000 88.566185 9557.365234
1521.416700 9644.000000 100.608170 9557.053711
1523.052200 9677.000000 116.150986 9556.211914
1524.689200 9664.000000 134.964905 9555.735352
1526.322800 9680.000000 158.558578 9555.295898
1527.956200 9713.000000 189.588470 9555.442383
1529.589400 9761.000000 229.640335 9556.385742
1531.220800 9822.000000 278.762451 9557.025391
1532.851900 9908.000000 338.856873 9557.518555
1534.481400 10020.000000 408.548859 9558.498047
1536.110600 10064.000000 484.392151 9559.765625
1537.738000 10049.000000 560.720520 9561.551758
1539.365200 10189.000000 628.961975 9564.235352
1540.990700 10277.000000 682.024597 9567.434570
1542.616000 10274.000000 715.752686 9569.694336
1544.239500 10217.000000 723.581360 9571.115234
1545.862700 10243.000000 701.689636 9572.382812
1547.484400 10251.000000 651.943726 9572.964844
1549.105600 10198.000000 583.752502 9572.958984
1550.725100 10109.000000 507.829163 9572.074219
1552.344500 9946.000000 430.878021 9569.148438
1553.962000 9872.000000 360.705963 9565.708008
1555.579300 9929.000000 299.220642 9562.623047
1557.195100 9836.000000 246.320847 9560.568359
1558.810400 9805.000000 203.170059 9558.989258
1560.424100 9698.000000 167.086273 9557.910156
1562.037500 9688.000000 137.521225 9556.780273
1563.649200 9620.000000 115.456131 9556.251953
1565.260600 9634.000000 98.634628 9556.878906
1566.870500 9610.000000 85.754158 9558.204102
1568.479900 9565.000000 74.878349 9559.613281
1570.089100 9666.000000 66.026657 9560.926758
1571.695200 9596.000000 59.123512 9562.149414
1573.302500 9588.000000 53.592567 9563.961914
1574.906500 9580.000000 49.607502 9566.348633
1576.511800 9610.000000 45.671089 9568.958008
1578.115500 9731.000000 42.325920 9570.981445
1579.717400 9646.000000 39.367393 9573.012695
1581.319100 9561.000000 36.983078 9575.166992
1582.919100 9655.000000 34.517658 9577.525391
1584.518700 9647.000000 32.000038 9579.912109
1586.116600 9555.000000 29.533661 9582.280273
1587.714500 9594.000000 27.731487 9584.885742
1589.310500 9639.000000 25.924911 9586.914062
1590.906300 9598.000000 24.511023 9589.041992
1592.501800 9629.000000 23.144558 9591.146484
1594.095700 9580.000000 22.134785 9593.193359
1595.687900 9592.000000 21.152962 9596.011719
1597.279700 9590.000000 20.075960 9599.014648
1598.869900 9600.000000 19.094309 9602.396484
1600.459700 9638.000000 18.340149 9605.642578
1602.048100 9615.000000 17.577188 9608.376953
1603.636000 9594.000000 16.798847 9610.814453
1605.223900 9589.000000 16.053509 9613.683594
1606.809800 9551.000000 15.340681 9616.796875
1608.394200 9601.000000 14.630394 9620.544922
1609.978300 9599.000000 13.991862 9624.472656
1611.560700 9612.000000 13.593008 9628.615234
1613.142900 9670.000000 13.306468 9632.470703
1614.724700 9702.000000 13.468326 9636.134766
1616.304900 9672.000000 13.831983 9639.997070
1617.883500 9666.000000 14.408274 9644.107422
1619.461800 9699.000000 15.351436 9648.046875
1621.038300 9735.000000 16.104418 9651.831055
1622.614700 9680.000000 16.725637 9655.845703
1624.190800 9753.000000 17.147829 9659.337891
1625.765300 9741.000000 16.670147 9662.533203
1627.337900 9718.000000 15.523616 9665.795898
1628.910400 9690.000000 13.961576 9668.532227
1630.482700 9757.000000 12.461782 9670.635742
1632.053200 9679.000000 11.446790 9672.701172
1633.622100 9723.000000 10.695172 9674.541992
1635.190600 9697.000000 10.189981 9675.900391
1636.759000 9751.000000 9.865394 9676.867188
1638.325700 9748.000000 9.498228 9677.458008
1639.890700 9709.000000 9.065063 9678.251953
1641.455400 9699.000000 8.765779 9678.636719
1643.019900 9733.000000 8.476571 9678.804688
1644.582800 9641.000000 8.113825 9679.083008
1646.143900 9697.000000 7.551578 9679.358398
1647.704700 9694.000000 7.103418 9679.031250
1649.265500 9762.000000 6.768198 9678.199219
1650.824500 9724.000000 6.619634 9676.750000
1652.381600 9676.000000 6.554423 9675.324219
1653.938700 9708.000000 6.599830 9673.715820
1655.495500 9661.000000 6.681328 9671.755859
1657.050700 9712.000000 6.612306 9668.915039
1658.604100 9707.000000 6.318019 9665.145508
1660.157200 9664.000000 6.000037 9660.744141
1661.710200 9667.000000 5.693713 9655.732422
1663.261500 9651.000000 5.546206 9649.791992
1664.811200 9637.000000 5.443108 9643.889648
1666.361900 9562.000000 5.321273 9638.169922
1667.909700 9633.000000 5.177989 9632.187500
1669.457200 9683.000000 4.960916 9625.143555
1671.004300 9632.000000 4.719453 9617.414062
1672.549900 9568.000000 4.615822 9608.891602
1674.093600 9571.000000 4.585193 9599.886719
1675.637300 9578.000000 4.649218 9590.357422
1677.180800 9557.000000 4.703283 9580.666016
1678.722400 9576.000000 4.798486 9571.038086
1680.263900 9557.000000 4.869385 9561.034180
1681.803700 9546.000000 4.809893 9551.041016
1683.341800 9583.000000 4.648950 9540.942383
1684.881200 9549.000000 4.501079 9530.510742
1686.417500 9516.000000 4.384115 9520.123047
1687.953400 9562.000000 4.295293 9509.252930
1689.489100 9492.000000 4.236619 9498.576172
1691.023200 9484.000000 4.126914 9487.664062
1692.557100 9419.000000 3.985303 9476.326172
1694.089200 9469.000000 3.691547 9464.838867
1695.619800 9436.000000 3.420310 9453.865234
1697.151500 9458.000000 3.235605 9442.839844
1698.680200 9487.000000 3.081218 9431.717773
1700.208500 9405.000000 2.938692 9420.898438
1701.736600 9372.000000 2.812311 9410.144531
1703.263100 9447.000000 2.754608 9399.484375
1704.789300 9420.000000 2.714162 9388.565430
1706.314000 9339.000000 2.708106 9377.233398
1707.838100 9406.000000 2.733248 9365.765625
1709.361000 9327.000000 2.838274 9354.182617
1710.883300 9297.000000 2.929220 9342.923828
1712.404100 9318.000000 3.043335 9331.967773
1713.923100 9354.000000 3.150764 9320.821289
1715.443500 9336.000000 3.217082 9310.020508
1716.960700 9207.000000 3.205219 9299.076172
1718.479100 9292.000000 3.055031 9288.385742
1719.994500 9299.000000 2.854004 9277.401367
1721.509600 9258.000000 2.676952 9266.853516
1723.024400 9196.000000 2.531152 9256.833008
1724.537600 9305.000000 2.429021 9247.163086
1726.050700 9291.000000 2.416766 9237.559570
1727.561900 9261.000000 2.426467 9227.669922
1729.073000 9303.000000 2.424206 9218.267578
1730.582400 9211.000000 2.418902 9209.501953
1732.091700 9327.000000 2.371844 9200.558594
1733.599200 9172.000000 2.409045 9191.804688
1735.106600 9205.000000 2.433039 9183.352539
1736.612100 9166.000000 2.436394 9174.934570
1738.117600 9144.000000 2.429873 9166.414062
1739.621300 9128.000000 2.438567 9157.840820
1741.125000 9102.000000 2.429313 9149.094727
1742.626800 9082.000000 2.425137 9140.427734
1744.128400 9088.000000 2.396960 9132.063477
1745.628500 9168.000000 2.395887 9123.874023
1747.128300 9159.000000 2.380929 9115.999023
1748.626300 9109.000000 2.405908 9108.393555
1750.124300 9075.000000 2.466141 9100.812500
1751.620500 9059.000000 2.527850 9093.474609
1753.116600 9021.000000 2.556486 9086.744141
1754.612400 9112.000000 2.520944 9080.362305
1756.105100 9091.000000 2.458597 9074.449219
1757.599100 9111.000000 2.384865 9068.489258
1759.091300 9101.000000 2.306951 9062.482422
1760.582000 9095.000000 2.242683 9056.632812
1762.072400 9093.000000 2.237214 9051.320312
1763.561000 9029.000000 2.265300 9045.681641
1765.049600 8984.000000 2.288458 9039.570312
1766.536500 9019.000000 2.305510 9032.981445
1768.023200 9003.000000 2.365571 9026.360352
1769.508100 9001.000000 2.413105 9020.336914
1770.992900 8966.000000 2.398452 9014.753906
1772.477500 9048.000000 2.301542 9009.358398
1773.959000 9065.000000 2.218594 9004.649414
1775.441700 9037.000000 2.119199 9000.117188
1776.922700 8936.000000 2.001215 8995.464844
1778.402100 9043.000000 1.866310 8990.078125
1779.881300 8979.000000 1.780598 8984.961914
1781.358900 8948.000000 1.719221 8979.746094
1782.836200 9005.000000 1.683816 8974.898438
1784.311900 8935.000000 1.624034 8969.974609
1785.787400 9047.000000 1.562277 8965.104492
1787.262600 9028.000000 1.569465 8961.144531
1788.736200 8978.000000 1.601879 8957.283203
1790.208300 8918.000000 1.629207 8953.038086
1791.679800 8986.000000 1.668596 8948.583984
1793.150000 8970.000000 1.692313 8943.971680
1794.619900 8962.000000 1.698318 8939.662109
1796.089600 8930.000000 1.679785 8935.977539
1797.557600 8932.000000 1.669213 8932.319336
1799.023900 8900.000000 1.661747 8928.427734
1800.490100 8931.000000 1.667673 8924.422852
1801.954600 8895.000000 1.699735 8920.752930
1803.418900 8942.000000 1.739801 8917.680664
1804.883100 8829.000000 1.775648 8914.524414
1806.345500 8903.000000 1.810455 8910.851562
1807.806400 8866.000000 1.844056 8906.317383
1809.266800 8916.000000 1.856096 8901.845703
1810.727400 8843.000000 1.881416 8897.591797
1812.186000 8873.000000 1.893589 8893.813477
1813.643300 8859.000000 1.872996 8889.661133
1815.100100 8896.000000 1.874167 8885.103516
1816.556800 8854.000000 1.864858 8880.741211
1818.010400 8844.000000 1.828931 8876.639648
1819.465300 8928.000000 1.821175 8873.116211
1820.918500 8945.000000 1.813375 8869.476562
1822.370100 8850.000000 1.791401 8866.366211
1823.821400 8910.000000 1.770065 8863.811523
1825.272600 8824.000000 1.745819 8860.735352
1826.722200 8843.000000 1.729770 8857.844727
1828.169900 8798.000000 1.727174 8855.266602
1829.617600 8846.000000 1.725164 8852.950195
1831.065200 8888.000000 1.740202 8850.959961
1832.511000 8796.000000 1.746057 8849.155273
1833.956500 8814.000000 1.708410 8847.456055
1835.400500 8838.000000 1.650522 8845.875000
1836.842900 8894.000000 1.647660 8843.862305
1838.285200 8857.000000 1.685930 8841.951172
1839.727100 8814.000000 1.751691 8840.788086
1841.167400 8837.000000 1.797194 8839.708984
1842.606100 8816.000000 1.771748 8837.804688
1844.044400 8829.000000 1.742084 8836.090820
1845.482800 8826.000000 1.770427 8834.593750
1846.919400 8794.000000 1.845527 8833.152344
1848.356000 8775.000000 1.914283 8831.521484
1849.790800 8797.000000 1.986259 8829.677734
1851.224000 8812.000000 2.055695 8827.941406
1852.656900 8804.000000 2.049308 8826.770508
1854.089700 8789.000000 1.994758 8825.843750
1855.520800 8851.000000 1.936427 8825.203125
1856.951800 8735.000000 1.850949 8824.222656
1858.381100 8759.000000 1.758473 8823.325195
1859.808700 8863.000000 1.656067 8823.241211
1861.236300 8833.000000 1.587674 8823.401367
1862.663500 8891.000000 1.568385 8824.548828
1864.089100 8810.000000 1.518501 8825.812500
1865.514600 8786.000000 1.418098 8827.129883
1866.938500 8835.000000 1.342605 8828.189453
1868.360700 8826.000000 1.296324 8829.203125
1869.784200 8838.000000 1.320148 8829.787109
1871.204500 8819.000000 1.366664 8830.333984
1872.624600 8753.000000 1.424387 8831.094727
1874.044700 8834.000000 1.432936 8831.823242
1875.463000 8815.000000 1.449504 8832.067383
1876.881200 8859.000000 1.480534 8832.615234
1878.297700 8868.000000 1.533193 8832.757812
1879.714100 8839.000000 1.579682 8832.626953
1881.128800 8847.000000 1.581144 8833.075195
1882.541900 8876.000000 1.512659 8833.513672
1883.956200 8881.000000 1.479514 8833.491211
1885.367400 8956.000000 1.487702 8832.943359
1886.778600 8812.000000 1.595796 8832.136719
1888.189500 8905.000000 1.498101 8831.975586
