Raman_Shift Original_Spectrum Predicted_Raman Predicted_Baseline
294.894650 44902.000000 61.584023 44746.335938
297.232540 44802.000000 61.486824 44744.691406
299.568300 44796.000000 65.010452 44748.050781
301.905240 44886.000000 69.270439 44746.667969
304.238400 44913.000000 76.484299 44743.906250
306.571040 44673.000000 84.471062 44744.757812
308.903260 45111.000000 90.054909 44747.945312
311.233340 45166.000000 96.412125 44749.316406
313.562930 44923.000000 104.070114 44754.683594
315.890440 44918.000000 116.998924 44761.214844
318.215790 44581.000000 130.055389 44774.269531
320.540680 44708.000000 146.814667 44792.312500
322.865110 44900.000000 166.325378 44814.179688
325.187410 44660.000000 187.900406 44843.910156
327.509250 45030.000000 210.196991 44881.914062
329.828920 45207.000000 235.794281 44930.660156
332.148160 45257.000000 261.173706 44983.250000
334.465270 45409.000000 296.405823 45040.363281
336.781950 45511.000000 332.704681 45097.480469
339.096470 45292.000000 377.815125 45150.894531
341.408870 45593.000000 430.487396 45206.023438
343.722530 45537.000000 484.919922 45264.535156
346.032350 45985.000000 544.813904 45323.343750
348.341740 45941.000000 611.033875 45382.097656
350.650670 46282.000000 681.791016 45439.515625
352.957460 46332.000000 752.346130 45495.453125
355.263760 46417.000000 816.583801 45552.105469
357.568020 46427.000000 869.621582 45607.140625
359.871800 46399.000000 913.520630 45665.203125
362.173430 46582.000000 947.330872 45726.515625
364.474640 46929.000000 974.882935 45791.859375
366.773710 46714.000000 994.148804 45860.183594
369.072360 46741.000000 1007.189148 45930.402344
371.368870 46741.000000 1015.435852 46000.312500
373.664920 46840.000000 1017.570984 46071.320312
375.958890 47167.000000 1010.330872 46140.972656
378.252380 47166.000000 1003.215210 46207.929688
380.543790 47210.000000 994.058777 46272.312500
382.834750 47234.000000 979.274048 46333.820312
385.123570 47434.000000 952.959106 46393.101562
387.411960 47553.000000 908.173218 46446.574219
389.698210 47458.000000 855.417603 46496.636719
391.984070 47775.000000 789.623047 46545.273438
394.267790 47396.000000 720.073547 46592.070312
396.551060 47359.000000 645.244141 46638.550781
398.832210 47449.000000 579.976196 46683.347656
401.112950 47438.000000 522.814819 46725.574219
403.391570 47522.000000 467.971680 46763.230469
405.669770 47569.000000 424.682617 46800.976562
407.945860 47902.000000 381.777313 46837.753906
410.221470 47431.000000 344.572052 46873.480469
412.495030 47426.000000 308.635223 46906.296875
414.768100 47524.000000 277.469788 46936.332031
417.039090 47374.000000 246.665649 46965.148438
419.309630 47212.000000 219.215012 46990.421875
421.579740 47185.000000 196.550720 47010.476562
423.846100 47112.000000 178.178223 47030.679688
426.113680 47274.000000 163.221725 47052.023438
428.377470 47335.000000 150.652756 47073.003906
430.642520 47205.000000 140.389923 47093.945312
432.905460 47420.000000 132.659882 47112.140625
435.166320 47478.000000 124.779213 47127.359375
437.426700 47304.000000 118.262718 47139.359375
439.685060 47276.000000 112.698792 47145.703125
441.942900 47259.000000 109.516319 47150.472656
444.198730 47352.000000 103.886169 47154.507812
446.454070 47367.000000 98.937607 47156.878906
448.708980 47253.000000 95.848343 47157.914062
450.961820 47341.000000 92.986763 47157.125000
453.212550 47357.000000 90.492027 47154.070312
455.462890 47247.000000 88.513916 47150.476562
457.711120 47234.000000 87.366379 47145.285156
459.958920 47368.000000 85.945389 47137.984375
462.204590 47234.000000 86.441147 47129.253906
464.449890 47618.000000 87.111961 47119.714844
466.694760 47678.000000 86.868767 47109.386719
468.937500 47181.000000 85.790787 47099.328125
471.178160 47324.000000 84.727997 47086.335938
473.418460 47275.000000 83.066696 47073.023438
475.656620 46992.000000 84.671555 47061.230469
477.894380 47345.000000 88.400330 47049.195312
480.131680 47247.000000 94.487007 47035.597656
482.366910 46981.000000 100.450615 47017.089844
484.600040 47235.000000 106.993614 46992.902344
486.832790 47376.000000 114.340073 46967.089844
489.063450 47619.000000 124.522949 46939.183594
491.293670 47260.000000 138.121857 46905.980469
493.523500 46985.000000 160.761551 46863.914062
495.751190 47141.000000 190.771149 46818.914062
497.976840 47262.000000 231.145050 46772.625000
500.202090 47290.000000 287.035370 46725.648438
502.426910 47195.000000 364.114838 46675.292969
504.649660 47028.000000 468.450104 46620.585938
506.870270 47248.000000 601.820557 46561.640625
509.090550 46958.000000 768.680908 46501.867188
511.310360 47498.000000 972.337219 46443.390625
513.528140 47563.000000 1163.887329 46382.597656
515.743770 47391.000000 1242.648193 46319.375000
517.959110 47334.000000 1129.936768 46254.980469
520.173890 47223.000000 885.786011 46192.332031
522.386660 46691.000000 645.703308 46129.851562
524.597410 46462.000000 474.259766 46066.519531
526.807740 46123.000000 354.279785 46007.796875
529.017580 46191.000000 272.144348 45952.253906
531.225400 46175.000000 217.008835 45898.289062
533.431210 45790.000000 184.393921 45846.898438
535.636470 45945.000000 162.635559 45797.574219
537.841430 45752.000000 148.080612 45752.867188
540.044310 45897.000000 137.346558 45708.714844
542.245120 46047.000000 130.706863 45668.199219
544.445500 45897.000000 126.512192 45632.167969
546.645450 45616.000000 125.773521 45598.742188
548.843380 45645.000000 126.068832 45564.902344
551.040830 45691.000000 126.004700 45532.460938
553.236330 45781.000000 128.214691 45502.339844
555.429690 45720.000000 134.214417 45474.929688
557.622680 45715.000000 144.009888 45448.921875
559.815250 45827.000000 160.483551 45424.300781
562.005800 45832.000000 187.980331 45400.851562
564.195920 45664.000000 237.785721 45380.621094
566.383910 45761.000000 320.118774 45361.500000
568.569950 46093.000000 459.171783 45342.546875
570.755550 46121.000000 626.720032 45324.714844
572.940730 46309.000000 695.510620 45307.750000
575.123900 45923.000000 584.555786 45291.808594
577.306640 45854.000000 419.112061 45274.578125
579.487300 45693.000000 304.081116 45257.031250
581.665950 45482.000000 243.094269 45240.035156
583.844120 45629.000000 209.717850 45223.296875
586.021970 45439.000000 195.432983 45206.398438
588.197750 45281.000000 190.047241 45189.859375
590.373170 45594.000000 189.332230 45174.492188
592.546450 45421.000000 190.177643 45158.203125
594.719420 45152.000000 193.287186 45141.710938
596.890260 45494.000000 199.537338 45123.441406
599.059140 45080.000000 208.866531 45105.531250
601.229190 45036.000000 217.120117 45086.562500
603.395570 45265.000000 228.964401 45066.972656
605.561580 45039.000000 241.361740 45046.367188
607.727170 45300.000000 259.250061 45023.695312
609.890750 45258.000000 278.182404 44999.503906
612.053960 45216.000000 299.958710 44973.687500
614.215030 45147.000000 327.330048 44949.398438
616.375790 45380.000000 357.380402 44924.488281
618.534480 45061.000000 391.671448 44899.015625
620.692750 45191.000000 436.075104 44871.390625
622.849000 45379.000000 487.198792 44842.601562
625.004820 45102.000000 547.458740 44814.914062
627.158750 45451.000000 621.234741 44789.039062
629.310490 45450.000000 710.377197 44762.562500
631.463560 45499.000000 825.926147 44734.992188
633.612920 45330.000000 977.639282 44707.406250
635.763490 45862.000000 1192.738525 44681.375000
637.910460 45830.000000 1462.884521 44658.695312
640.058650 46359.000000 1833.353149 44631.160156
642.203190 47007.000000 2311.249512 44602.230469
644.348880 47633.000000 2936.879639 44575.917969
646.491030 48235.000000 3664.687012 44548.855469
648.634400 49021.000000 4471.745117 44525.351562
650.774050 49734.000000 5282.667969 44504.199219
652.914980 50383.000000 5940.721680 44486.375000
655.052250 50837.000000 6142.792480 44473.597656
657.190730 50251.000000 5719.528320 44466.289062
659.325620 49271.000000 4924.702148 44465.738281
661.461730 48582.000000 4052.847656 44464.507812
663.594180 47798.000000 3316.406982 44458.386719
665.727910 47119.000000 2743.251465 44444.042969
667.857910 46807.000000 2324.805176 44430.136719
669.989200 46279.000000 1994.994873 44421.042969
672.118470 46270.000000 1723.835205 44412.941406
674.245670 45827.000000 1483.367310 44404.890625
676.372560 45753.000000 1285.225952 44392.890625
678.497380 45654.000000 1120.732666 44381.984375
680.621830 45481.000000 978.112671 44371.699219
682.744320 45196.000000 864.483215 44359.730469
684.866390 45102.000000 770.571655 44346.375000
686.986450 45074.000000 696.804565 44335.437500
689.106080 45122.000000 639.333984 44325.535156
691.223750 44716.000000 596.050903 44316.632812
693.341000 44754.000000 566.631836 44307.261719
695.457820 44822.000000 551.073975 44299.082031
697.571110 44725.000000 546.265930 44290.527344
699.685610 44629.000000 553.128113 44280.941406
701.798100 44955.000000 566.852051 44271.414062
703.908570 44992.000000 595.854309 44262.187500
706.018620 45029.000000 626.461487 44251.988281
708.126770 44834.000000 658.514404 44242.089844
710.234380 44877.000000 674.368042 44232.824219
712.340150 44962.000000 664.397156 44224.242188
714.445430 44917.000000 632.855835 44217.585938
716.550350 44577.000000 585.319092 44212.906250
718.653260 44635.000000 529.231323 44208.609375
720.754270 44635.000000 470.513245 44205.390625
722.854800 44619.000000 417.025452 44203.152344
724.953370 44570.000000 369.262665 44202.070312
727.051570 44442.000000 326.160797 44200.000000
729.149350 44423.000000 285.486755 44197.757812
731.243530 44546.000000 252.131912 44194.460938
733.338990 44582.000000 222.529251 44189.265625
735.432370 44501.000000 194.115219 44182.050781
737.523800 44434.000000 177.392090 44174.664062
739.614870 44373.000000 162.697220 44166.417969
741.705570 44199.000000 150.978668 44158.050781
743.792600 44209.000000 141.773315 44147.273438
745.880920 43987.000000 134.751556 44137.105469
747.967220 44260.000000 129.135147 44126.164062
750.051570 44197.000000 124.944351 44114.710938
752.135500 44103.000000 121.527420 44101.480469
754.219120 44227.000000 116.407448 44089.644531
756.300720 44239.000000 110.029984 44078.722656
758.380310 43961.000000 103.947311 44066.925781
760.459530 44123.000000 98.459854 44053.097656
762.538390 43689.000000 95.077591 44040.914062
764.615300 44328.000000 92.469528 44028.023438
766.690190 44242.000000 90.457596 44013.789062
768.764710 43986.000000 87.569931 43998.542969
770.838810 44077.000000 82.859543 43983.792969
772.909360 43975.000000 76.835678 43969.578125
774.981140 43834.000000 71.888123 43954.445312
777.050960 44065.000000 68.062927 43939.449219
779.120420 44095.000000 65.343018 43925.972656
781.187870 44231.000000 62.954742 43912.804688
783.253420 43924.000000 60.916077 43899.515625
785.318480 43892.000000 58.919075 43885.703125
787.383240 44079.000000 56.470684 43872.261719
789.445980 43944.000000 54.382477 43857.210938
791.506770 43770.000000 53.284851 43841.851562
793.567260 44098.000000 51.723133 43826.433594
795.627260 44053.000000 49.671715 43809.585938
797.685360 43821.000000 48.404198 43791.699219
799.741520 43997.000000 47.353668 43773.207031
801.797240 43710.000000 46.495819 43754.699219
803.852600 43884.000000 45.478725 43736.019531
805.906010 43333.000000 44.735783 43719.476562
807.959050 43900.000000 44.129704 43702.863281
810.010130 43599.000000 44.052582 43685.589844
812.059200 43615.000000 43.933407 43666.019531
814.107970 43836.000000 44.230309 43646.402344
816.156370 43726.000000 44.865475 43625.285156
818.202760 43906.000000 45.503883 43602.125000
820.247190 43560.000000 44.457001 43577.687500
822.292850 43627.000000 44.300461 43550.453125
824.335020 43773.000000 44.153252 43522.167969
826.376770 43723.000000 44.063240 43491.777344
828.418090 43652.000000 43.010502 43460.000000
830.457520 43509.000000 41.769894 43427.777344
832.496640 43559.000000 40.243916 43392.882812
834.533690 43533.000000 38.839622 43355.300781
836.568910 43126.000000 37.676613 43316.781250
838.603700 43109.000000 36.738911 43277.074219
840.638060 43377.000000 35.878956 43237.164062
842.670530 43217.000000 35.912926 43195.675781
844.702640 43136.000000 35.593330 43153.046875
846.732790 43216.000000 35.167747 43110.214844
848.762570 43292.000000 34.653709 43065.636719
850.790470 42937.000000 34.056759 43019.363281
852.816350 43148.000000 32.754257 42972.457031
854.843440 42835.000000 31.867458 42926.914062
856.867070 43210.000000 30.971355 42878.468750
858.890200 42970.000000 30.748760 42827.683594
860.913150 42933.000000 30.142303 42775.152344
862.934020 42492.000000 29.880314 42721.375000
864.954530 42594.000000 29.883341 42666.226562
866.973140 42560.000000 29.908428 42609.753906
868.991390 42187.000000 29.901112 42553.062500
871.007690 42882.000000 30.082804 42495.246094
873.023620 42551.000000 30.263651 42435.437500
875.037660 42199.000000 30.318127 42375.148438
877.051270 42493.000000 29.904972 42312.996094
879.062990 42475.000000 29.664669 42249.160156
881.074340 42224.000000 29.609476 42184.859375
883.083740 42406.000000 30.151646 42119.476562
885.092770 42383.000000 31.110678 42052.691406
887.099850 42220.000000 32.158051 41984.296875
889.104980 42265.000000 32.759151 41913.761719
891.111450 41870.000000 33.251026 41841.351562
893.114260 41802.000000 32.827454 41769.480469
895.118410 41752.000000 32.458672 41696.230469
897.119020 41915.000000 31.278101 41621.011719
899.120790 41743.000000 30.142197 41544.742188
901.119080 41519.000000 29.939047 41468.085938
903.118650 41576.000000 30.770527 41390.792969
905.114620 41585.000000 31.605133 41313.082031
907.111880 41329.000000 32.825333 41234.789062
909.107180 41113.000000 33.863716 41157.621094
911.100520 41252.000000 34.907318 41078.867188
913.093630 40976.000000 35.649624 41001.667969
915.084660 40992.000000 36.653660 40926.484375
917.075380 41056.000000 36.821831 40851.519531
919.064210 40769.000000 37.696568 40776.480469
921.052730 40628.000000 38.802990 40703.765625
923.039310 40645.000000 40.515453 40632.597656
925.025450 40545.000000 41.630028 40563.093750
927.009770 40296.000000 43.296322 40494.468750
928.993650 40427.000000 44.994583 40425.503906
930.975590 40488.000000 47.227089 40356.613281
932.957280 40331.000000 48.842476 40290.339844
934.937010 40450.000000 50.526222 40225.742188
936.916380 40212.000000 52.098991 40163.855469
938.895390 40221.000000 54.889545 40105.679688
940.870970 40051.000000 57.190136 40050.085938
942.847660 40043.000000 59.811409 39994.496094
944.822510 39986.000000 63.244160 39940.832031
946.795470 39829.000000 68.889984 39889.152344
948.768010 39870.000000 75.924026 39838.593750
950.738710 39855.000000 86.609604 39789.605469
952.708980 39787.000000 100.566025 39742.070312
954.677310 39939.000000 122.582779 39696.296875
956.645390 39738.000000 154.437988 39651.679688
958.613160 40075.000000 201.255829 39606.183594
960.578920 39919.000000 270.184601 39562.859375
962.542720 39792.000000 373.371552 39521.027344
964.506290 40065.000000 524.494324 39480.691406
966.467960 40186.000000 724.260498 39441.523438
968.429260 40339.000000 925.620789 39403.640625
970.390140 40406.000000 1039.838623 39365.960938
972.347660 40458.000000 985.931763 39328.730469
974.306270 40110.000000 799.082825 39296.027344
976.263060 39995.000000 588.963074 39269.121094
978.218020 39540.000000 422.498962 39238.914062
980.172490 39270.000000 306.118835 39205.542969
982.125120 39448.000000 233.205902 39172.304688
984.077390 39551.000000 184.448013 39140.304688
986.029360 39265.000000 149.921906 39113.378906
987.979370 39371.000000 123.248367 39088.398438
989.927490 39265.000000 102.809448 39061.843750
991.875310 39063.000000 88.153389 39035.656250
993.822750 39164.000000 77.462845 39010.042969
995.768370 39211.000000 70.449883 38985.132812
997.711980 39093.000000 65.422852 38960.898438
999.655270 38909.000000 61.902321 38938.832031
1001.596700 39012.000000 58.540596 38918.187500
1003.537700 38894.000000 55.405312 38896.960938
1005.478600 38727.000000 53.242424 38877.113281
1007.417400 39248.000000 51.592735 38862.035156
1009.354300 39023.000000 50.466560 38846.707031
1011.291000 38844.000000 49.783527 38833.640625
1013.227200 38642.000000 48.533581 38819.398438
1015.161600 38898.000000 47.387905 38803.378906
1017.094100 38835.000000 46.698967 38789.359375
1019.026200 38921.000000 45.454369 38776.054688
1020.958000 38850.000000 44.181793 38765.441406
1022.888000 38489.000000 43.523724 38757.906250
1024.816000 38741.000000 43.238155 38751.429688
1026.743800 38505.000000 43.302677 38744.632812
1028.671100 38641.000000 43.735085 38738.773438
1030.596600 38756.000000 44.158882 38733.894531
1032.521700 38717.000000 45.216499 38730.292969
1034.444900 38939.000000 46.368862 38726.050781
1036.366300 38754.000000 47.786041 38719.691406
1038.287400 39135.000000 49.010094 38713.921875
1040.208100 38881.000000 50.446079 38706.250000
1042.127000 38598.000000 51.867912 38700.566406
1044.043800 38804.000000 54.815804 38697.121094
1045.960400 38945.000000 58.590656 38690.781250
1047.876700 38785.000000 64.383141 38683.035156
1049.791000 38680.000000 71.443855 38676.359375
1051.705100 38924.000000 82.460487 38671.593750
1053.617300 39013.000000 96.507599 38664.527344
1055.527600 38823.000000 117.402298 38654.175781
1057.437500 38913.000000 144.441010 38642.910156
1059.347300 39089.000000 179.763916 38629.839844
1061.255000 39015.000000 221.523727 38613.394531
1063.162500 38708.000000 272.973602 38596.902344
1065.068000 38759.000000 330.941742 38580.757812
1066.971700 38995.000000 402.018066 38565.042969
1068.875000 38914.000000 485.508942 38547.218750
1070.778100 39254.000000 562.785461 38532.015625
1072.679200 39326.000000 589.468628 38516.515625
1074.580000 39094.000000 530.689270 38501.160156
1076.479000 39002.000000 419.970062 38488.593750
1078.377600 38739.000000 318.054871 38474.609375
1080.274400 38919.000000 242.530151 38460.289062
1082.169200 38952.000000 193.648819 38445.785156
1084.065300 38628.000000 160.909576 38432.718750
1085.958000 38376.000000 136.681305 38419.347656
1087.850300 38279.000000 115.283363 38403.468750
1089.742400 38556.000000 100.111382 38387.847656
1091.632600 38490.000000 89.243805 38372.484375
1093.522500 38379.000000 81.093697 38359.480469
1095.410400 38371.000000 76.125336 38348.953125
1097.298100 38553.000000 72.564087 38340.949219
1099.183800 38430.000000 70.055016 38334.046875
1101.069300 38621.000000 67.988083 38330.882812
1102.952900 38214.000000 65.592300 38326.550781
1104.834600 38186.000000 64.441910 38323.738281
1106.717700 38548.000000 64.119888 38321.488281
1108.597200 38423.000000 63.427238 38323.613281
1110.477900 38215.000000 62.328819 38320.304688
1112.355300 38287.000000 61.749714 38317.128906
1114.232300 38160.000000 61.596840 38315.062500
1116.109100 38360.000000 61.509571 38313.191406
1117.984000 38394.000000 61.502907 38311.937500
1119.858500 38117.000000 62.601185 38309.972656
1121.731300 38349.000000 64.362419 38306.363281
1123.603600 38415.000000 66.437286 38302.699219
1125.474100 38417.000000 67.658981 38296.476562
1127.344400 38494.000000 68.643997 38290.144531
1129.212600 38226.000000 69.810081 38285.464844
1131.080700 38381.000000 72.431999 38282.675781
1132.946900 38270.000000 75.772263 38282.230469
1134.812700 38196.000000 80.737572 38281.328125
1136.676800 38422.000000 85.817261 38281.808594
1138.540400 38211.000000 92.107132 38283.753906
1140.402300 38695.000000 99.388199 38284.101562
1142.263800 38312.000000 109.692703 38287.921875
1144.123400 38530.000000 122.220276 38291.328125
1145.982800 38371.000000 138.552826 38294.613281
1147.841800 38292.000000 158.305328 38300.468750
1149.697500 38913.000000 185.773529 38309.011719
1151.554400 38603.000000 223.968048 38319.453125
1153.407800 38533.000000 277.296997 38331.769531
1155.262600 38766.000000 353.395752 38344.078125
1157.115500 39095.000000 457.975677 38357.992188
1158.966400 38934.000000 578.873352 38370.335938
1160.817100 39131.000000 673.839722 38384.851562
1162.666000 39139.000000 692.886169 38398.777344
1164.514500 39221.000000 632.784119 38413.421875
1166.361300 39028.000000 536.700867 38429.261719
1168.207600 39001.000000 450.183197 38446.757812
1170.052200 38709.000000 390.498505 38464.910156
1171.896500 38735.000000 360.606415 38482.382812
1173.740400 38948.000000 353.246582 38498.191406
1175.580900 38987.000000 366.126404 38513.171875
1177.422900 39064.000000 386.543549 38526.910156
1179.262700 39237.000000 426.242981 38539.781250
1181.100700 38953.000000 485.168060 38554.308594
1182.938600 39124.000000 565.820129 38569.246094
1184.774500 39268.000000 670.157104 38586.441406
1186.610200 39468.000000 803.429260 38605.937500
1188.444000 39420.000000 966.830933 38625.714844
1190.277500 39838.000000 1163.917114 38643.492188
1192.110700 40295.000000 1384.388672 38663.945312
1193.942000 40271.000000 1604.975708 38683.093750
1195.771600 40605.000000 1796.018311 38700.871094
1197.600700 40699.000000 1915.718140 38719.996094
1199.428100 40501.000000 1935.895874 38738.753906
1201.255200 40751.000000 1858.012085 38754.449219
1203.082000 40670.000000 1699.165771 38770.332031
1204.907000 40264.000000 1487.549194 38790.035156
1206.730100 40177.000000 1284.649292 38814.121094
1208.552900 40099.000000 1120.728394 38837.488281
1210.373900 40009.000000 1008.973022 38863.812500
1212.194600 39783.000000 946.086609 38889.937500
1214.015000 39928.000000 932.097168 38913.562500
1215.833500 39832.000000 966.262878 38935.843750
1217.650300 40123.000000 1058.044922 38959.410156
1219.466700 40303.000000 1219.409912 38988.812500
1221.281300 40362.000000 1451.192993 39020.269531
1223.095600 40869.000000 1763.614990 39048.753906
1224.909500 41430.000000 2115.340332 39081.703125
1226.721700 41584.000000 2419.767334 39112.046875
1228.532000 41594.000000 2586.026855 39140.339844
1230.342000 41839.000000 2558.282959 39170.191406
1232.151700 41386.000000 2349.884521 39199.558594
1233.959700 41164.000000 2029.785156 39228.558594
1235.765900 41186.000000 1686.511963 39256.589844
1237.571700 40765.000000 1368.043701 39285.738281
1239.377100 40423.000000 1118.026611 39319.199219
1241.180800 40302.000000 930.238892 39352.066406
1242.982700 40239.000000 810.131470 39384.375000
1244.784200 40242.000000 744.358398 39415.078125
1246.585300 40277.000000 719.340576 39446.718750
1248.384900 40043.000000 727.292969 39478.785156
1250.182500 40030.000000 767.386658 39509.296875
1251.979700 40274.000000 836.219421 39537.957031
1253.776900 40612.000000 952.308472 39565.570312
1255.572000 40914.000000 1114.640259 39590.230469
1257.365500 40566.000000 1326.238403 39617.664062
1259.160000 41351.000000 1621.380127 39649.687500
1260.951300 41890.000000 2016.418335 39694.382812
1262.742300 42123.000000 2546.685791 39754.804688
1264.533100 42911.000000 3193.862793 39807.109375
1266.322000 43849.000000 3911.648438 39850.398438
1268.109000 44256.000000 4625.091797 39889.750000
1269.895800 45096.000000 5175.391113 39921.550781
1271.682400 45294.000000 5364.956055 39956.503906
1273.466900 45100.000000 5073.585938 39993.535156
1275.251500 44439.000000 4402.041016 40031.871094
1277.033900 43574.000000 3617.068848 40070.105469
1278.814700 42938.000000 2867.711182 40110.843750
1280.595200 42578.000000 2246.998047 40152.136719
1282.375400 41820.000000 1764.308594 40193.214844
1284.153800 41362.000000 1400.145874 40240.316406
1285.931900 41466.000000 1126.572388 40291.242188
1287.708100 41330.000000 925.703003 40345.050781
1289.482500 41165.000000 777.694275 40400.531250
1291.256800 41352.000000 668.865723 40453.097656
1293.030600 41163.000000 588.458130 40503.179688
1294.802900 41062.000000 528.571167 40550.714844
1296.574600 41349.000000 484.873840 40599.125000
1298.344600 41059.000000 450.776123 40647.691406
1300.114400 40975.000000 430.726074 40699.449219
1301.882300 41262.000000 414.505554 40754.027344
1303.648300 41150.000000 407.247253 40811.171875
1305.415800 41419.000000 408.336884 40869.750000
1307.179700 41380.000000 411.230530 40927.554688
1308.943500 41588.000000 418.404694 40984.992188
1310.707000 41541.000000 432.781647 41045.019531
1312.468600 41445.000000 458.475983 41103.984375
1314.230000 41986.000000 493.473450 41164.460938
1315.989500 41903.000000 543.119568 41224.679688
1317.748800 42155.000000 620.797974 41288.859375
1319.506200 42153.000000 729.622925 41357.554688
1321.263400 42327.000000 879.342651 41426.066406
1323.018900 42485.000000 1069.613037 41493.929688
1324.774000 42963.000000 1300.754639 41561.496094
1326.527300 43287.000000 1569.267822 41627.871094
1328.278900 43675.000000 1847.061279 41698.136719
1330.031700 43724.000000 2105.967773 41768.472656
1331.781100 44132.000000 2297.372559 41838.203125
1333.531900 44345.000000 2355.546387 41905.367188
1335.279300 44240.000000 2237.933594 41971.398438
1337.027800 44078.000000 1982.347290 42036.554688
1338.773200 43820.000000 1676.035522 42100.562500
1340.518300 43441.000000 1377.039917 42161.035156
1342.263100 43541.000000 1119.329834 42218.515625
1344.006000 43089.000000 910.294922 42273.171875
1345.748700 43143.000000 748.059143 42327.703125
1347.489500 43174.000000 632.551514 42380.589844
1349.230200 42873.000000 547.653748 42432.636719
1350.969100 42829.000000 484.141937 42483.460938
1352.707500 43054.000000 439.071045 42532.605469
1354.445900 43108.000000 409.512634 42578.566406
1356.180900 43056.000000 392.768219 42623.964844
1357.917000 42894.000000 388.933838 42667.105469
1359.649900 43025.000000 398.991516 42704.722656
1361.384200 43010.000000 422.925049 42737.867188
1363.115000 43123.000000 468.474457 42768.152344
1364.847000 43179.000000 533.731873 42796.472656
1366.577400 43469.000000 632.707458 42821.636719
1368.305900 43571.000000 773.064453 42843.500000
1370.034300 43793.000000 980.128540 42863.062500
1371.760600 44478.000000 1262.438232 42883.421875
1373.486900 44422.000000 1593.707397 42901.375000
1375.211300 44896.000000 1917.155273 42915.890625
1376.935400 44847.000000 2127.736816 42926.117188
1378.657800 45113.000000 2149.635254 42930.421875
1380.380000 45072.000000 1971.538330 42936.035156
1382.100200 44704.000000 1665.771851 42941.078125
1383.820300 44186.000000 1342.910889 42945.449219
1385.540200 43859.000000 1045.185303 42947.078125
1387.256500 43726.000000 810.039856 42949.871094
1388.974200 43985.000000 632.727173 42952.058594
1390.690300 43294.000000 507.740173 42951.839844
1392.404400 43385.000000 419.447113 42947.222656
1394.118400 43290.000000 356.571259 42940.191406
1395.830400 43342.000000 310.559174 42931.722656
1397.542200 43465.000000 276.986847 42922.464844
1399.252300 43246.000000 248.209961 42913.519531
1400.962200 43186.000000 227.827347 42902.660156
1402.671800 43202.000000 211.904205 42892.582031
1404.379500 43138.000000 202.154343 42881.867188
1406.085600 43213.000000 192.362488 42870.406250
1407.791300 43131.000000 184.277130 42860.324219
1409.495200 43182.000000 180.590454 42851.515625
1411.199000 43258.000000 175.769470 42840.753906
1412.902500 43144.000000 174.793350 42828.886719
1414.604000 43383.000000 174.863800 42815.484375
1416.304000 43353.000000 174.704453 42800.394531
1418.003700 42897.000000 172.775909 42785.667969
1419.701500 42870.000000 170.485458 42769.402344
1421.399000 42854.000000 168.962158 42754.230469
1423.096400 42765.000000 170.728607 42738.144531
1424.792000 42787.000000 173.143845 42722.074219
1426.485700 42656.000000 177.456253 42707.433594
1428.179300 42799.000000 182.452850 42694.277344
1429.871100 42915.000000 189.866379 42683.640625
1431.562500 42975.000000 200.127533 42673.121094
1433.253900 42896.000000 213.901688 42663.667969
1434.943400 42886.000000 229.951569 42653.230469
1436.631000 43073.000000 251.469193 42641.183594
1438.318500 42750.000000 280.349243 42629.765625
1440.005600 42735.000000 321.355591 42618.917969
1441.691000 42925.000000 372.600220 42610.015625
1443.374800 42999.000000 436.217438 42600.785156
1445.058200 43057.000000 514.375366 42593.195312
1446.741300 43251.000000 613.409668 42588.882812
1448.422900 43280.000000 743.488342 42587.445312
1450.102400 43533.000000 905.823242 42587.394531
1451.781700 43974.000000 1100.905884 42586.371094
1453.460900 44038.000000 1337.907959 42584.058594
1455.138200 43857.000000 1608.219604 42582.335938
1456.813800 44484.000000 1887.651367 42580.800781
1458.489100 44530.000000 2154.184082 42580.582031
1460.164300 44718.000000 2373.354004 42578.230469
1461.837600 45209.000000 2508.239258 42573.492188
1463.509200 45024.000000 2531.895264 42566.945312
1465.180500 44914.000000 2431.521484 42561.769531
1466.851600 44717.000000 2216.667725 42556.941406
1468.520900 44273.000000 1934.010010 42553.562500
1470.189900 44090.000000 1634.566406 42551.421875
1471.857200 44069.000000 1360.825684 42548.378906
1473.522800 43446.000000 1123.562744 42543.195312
1475.188100 43474.000000 922.982422 42538.714844
1476.853100 43104.000000 760.454163 42534.972656
1478.516500 43194.000000 628.883301 42531.902344
1480.178000 43062.000000 525.433533 42530.082031
1481.839200 42837.000000 445.695374 42529.277344
1483.500400 42935.000000 382.568085 42529.117188
1485.159700 42898.000000 340.253052 42527.746094
1486.818600 42806.000000 306.893982 42525.207031
1488.476000 42436.000000 282.053375 42523.402344
1490.131500 43003.000000 262.784973 42520.500000
1491.788300 42630.000000 248.107635 42518.753906
1493.441800 42594.000000 235.199615 42516.878906
1495.095100 42786.000000 227.977463 42516.382812
1496.748000 42751.000000 224.107254 42516.390625
1498.399400 42906.000000 219.346588 42517.644531
1500.050400 42763.000000 213.179443 42519.968750
1501.699700 42827.000000 210.553543 42523.878906
1503.347300 42856.000000 210.867264 42529.394531
1504.996100 42893.000000 210.396652 42532.722656
1506.641600 42726.000000 213.145020 42535.542969
1508.287000 42781.000000 218.684006 42541.101562
1509.932000 42770.000000 227.837234 42550.558594
1511.575300 42611.000000 238.537445 42562.492188
1513.218500 43061.000000 253.176147 42576.234375
1514.859700 42895.000000 270.596283 42588.519531
1516.500900 42942.000000 297.261047 42599.218750
1518.140300 43237.000000 326.870605 42607.480469
1519.777800 43111.000000 365.219910 42613.511719
1521.416700 42943.000000 413.701996 42618.445312
1523.052200 43431.000000 477.729675 42619.242188
1524.689200 43224.000000 555.416199 42618.617188
1526.322800 42944.000000 659.767273 42615.703125
1527.956200 43357.000000 798.867310 42614.023438
1529.589400 43349.000000 978.552063 42615.027344
1531.220800 43721.000000 1197.477783 42615.328125
1532.851900 44158.000000 1456.926514 42616.824219
1534.481400 44701.000000 1755.698242 42622.000000
1536.110600 44749.000000 2068.562988 42628.660156
1537.738000 44871.000000 2379.464355 42637.261719
1539.365200 45379.000000 2653.971436 42648.531250
1540.990700 45447.000000 2849.929199 42657.011719
1542.616000 45527.000000 2927.309082 42661.671875
1544.239500 45340.000000 2854.278809 42663.437500
1545.862700 45272.000000 2644.010010 42660.921875
1547.484400 45202.000000 2346.444092 42656.300781
1549.105600 44494.000000 2012.108154 42646.417969
1550.725100 44288.000000 1695.354248 42635.000000
1552.344500 43900.000000 1423.228271 42622.433594
1553.962000 43542.000000 1190.262817 42611.371094
1555.579300 43431.000000 994.986206 42603.695312
1557.195100 43368.000000 827.154907 42596.488281
1558.810400 43521.000000 690.192993 42588.820312
1560.424100 43207.000000 581.120911 42583.335938
1562.037500 42960.000000 495.940765 42581.000000
1563.649200 43157.000000 435.163910 42578.687500
1565.260600 42713.000000 384.815735 42578.894531
1566.870500 42887.000000 344.263428 42579.585938
1568.479900 42733.000000 308.494049 42581.917969
1570.089100 42929.000000 279.515625 42582.503906
1571.695200 42635.000000 256.881134 42582.738281
1573.302500 42953.000000 239.629486 42583.894531
1574.906500 42542.000000 224.640869 42589.976562
1576.511800 42653.000000 205.837814 42597.582031
1578.115500 43082.000000 188.554489 42604.996094
1579.717400 42908.000000 173.616058 42613.421875
1581.319100 42826.000000 161.010315 42623.457031
1582.919100 43093.000000 148.493668 42634.296875
1584.518700 42636.000000 137.106308 42645.792969
1586.116600 42687.000000 127.075241 42657.554688
1587.714500 42779.000000 119.240723 42669.378906
1589.310500 42829.000000 111.743446 42679.507812
1590.906300 42646.000000 104.689415 42690.085938
1592.501800 42717.000000 98.744888 42700.976562
1594.095700 42702.000000 94.068901 42712.878906
1595.687900 42612.000000 88.843033 42724.968750
1597.279700 42568.000000 83.711411 42738.738281
1598.869900 42775.000000 79.120201 42752.851562
1600.459700 42766.000000 75.961411 42766.796875
1602.048100 42826.000000 72.398972 42781.023438
1603.636000 42787.000000 69.049454 42794.687500
1605.223900 42981.000000 65.846054 42807.984375
1606.809800 42615.000000 62.705132 42821.621094
1608.394200 42749.000000 58.364044 42835.472656
1609.978300 42735.000000 54.516285 42850.480469
1611.560700 42805.000000 51.067360 42864.820312
1613.142900 42890.000000 48.338539 42877.984375
1614.724700 43149.000000 47.126884 42890.328125
1616.304900 42835.000000 46.178059 42903.265625
1617.883500 42860.000000 45.188084 42916.082031
1619.461800 43018.000000 43.773331 42929.101562
1621.038300 43000.000000 41.757362 42942.316406
1622.614700 43263.000000 40.152348 42955.988281
1624.190800 43067.000000 38.546864 42967.390625
1625.765300 43186.000000 36.789387 42975.613281
1627.337900 43129.000000 35.086937 42983.890625
1628.910400 43073.000000 32.531010 42990.238281
1630.482700 43213.000000 30.207800 42994.968750
1632.053200 43054.000000 28.294796 42998.007812
1633.622100 43048.000000 26.609562 43001.472656
1635.190600 42938.000000 24.776382 43006.109375
1636.759000 43200.000000 23.441006 43011.781250
1638.325700 43329.000000 22.523907 43018.535156
1639.890700 43439.000000 21.816811 43025.621094
1641.455400 43202.000000 21.109224 43031.937500
1643.019900 43089.000000 20.167147 43037.667969
1644.582800 43005.000000 19.414406 43041.570312
1646.143900 43004.000000 18.696676 43043.976562
1647.704700 43140.000000 18.216175 43043.804688
1649.265500 43161.000000 17.976215 43037.769531
1650.824500 42999.000000 17.991907 43027.742188
1652.381600 43180.000000 18.084286 43015.675781
1653.938700 43187.000000 18.321404 43001.679688
1655.495500 42969.000000 18.292957 42985.351562
1657.050700 42837.000000 17.952448 42964.750000
1658.604100 42874.000000 17.494358 42942.945312
1660.157200 42978.000000 17.305454 42919.242188
1661.710200 43155.000000 17.066813 42890.828125
1663.261500 42654.000000 17.297750 42859.898438
1664.811200 42878.000000 17.446960 42826.953125
1666.361900 42726.000000 17.629957 42793.976562
1667.909700 42851.000000 17.899624 42759.136719
1669.457200 42986.000000 18.169491 42722.570312
1671.004300 42606.000000 18.264229 42685.488281
1672.549900 42461.000000 18.330395 42648.187500
1674.093600 42217.000000 18.361660 42611.105469
1675.637300 42601.000000 18.220804 42573.378906
1677.180800 42535.000000 17.729425 42534.976562
1678.722400 42692.000000 17.622501 42494.878906
1680.263900 42388.000000 17.529469 42454.984375
1681.803700 42289.000000 17.188202 42415.816406
1683.341800 42421.000000 16.812099 42377.425781
1684.881200 42254.000000 16.573336 42338.503906
1686.417500 42286.000000 16.292017 42298.242188
1687.953400 42233.000000 15.968443 42257.570312
1689.489100 42219.000000 15.807216 42216.500000
1691.023200 42296.000000 15.413121 42175.906250
1692.557100 42103.000000 15.019020 42135.902344
1694.089200 42128.000000 14.307777 42096.000000
1695.619800 41983.000000 13.646065 42057.597656
1697.151500 41884.000000 13.369272 42018.980469
1698.680200 42158.000000 13.094366 41979.589844
1700.208500 41973.000000 12.905741 41939.882812
1701.736600 41763.000000 12.854828 41900.535156
1703.263100 41943.000000 12.518945 41861.558594
1704.789300 41790.000000 12.250608 41824.105469
1706.314000 41941.000000 11.772597 41786.097656
1707.838100 42057.000000 11.156817 41746.500000
1709.361000 41589.000000 10.774403 41706.449219
1710.883300 41696.000000 10.513245 41667.082031
1712.404100 41735.000000 10.347913 41626.996094
1713.923100 41670.000000 10.312864 41586.785156
1715.443500 41673.000000 10.230169 41546.355469
1716.960700 41340.000000 10.157970 41506.441406
1718.479100 41558.000000 9.581062 41466.277344
1719.994500 41505.000000 8.936872 41426.562500
1721.509600 41335.000000 8.399833 41388.500000
1723.024400 41095.000000 8.023297 41350.570312
1724.537600 41285.000000 7.771792 41310.062500
1726.050700 41452.000000 7.650191 41268.386719
1727.561900 41357.000000 7.616025 41225.570312
1729.073000 41476.000000 7.698242 41182.882812
1730.582400 41131.000000 7.776887 41141.328125
1732.091700 41504.000000 7.801847 41099.203125
1733.599200 41005.000000 8.067011 41057.984375
1735.106600 41288.000000 8.346760 41016.898438
1736.612100 40890.000000 8.348220 40977.484375
1738.117600 40876.000000 8.359538 40939.445312
1739.621300 40926.000000 8.342290 40902.179688
1741.125000 40535.000000 8.398938 40864.976562
1742.626800 40648.000000 8.291747 40827.242188
1744.128400 40662.000000 8.184965 40790.191406
1745.628500 40925.000000 8.213985 40753.214844
1747.128300 40674.000000 8.366505 40716.882812
1748.626300 40611.000000 8.459477 40681.843750
1750.124300 40603.000000 8.554353 40647.980469
1751.620500 40681.000000 8.497562 40613.699219
1753.116600 40482.000000 8.450773 40581.023438
1754.612400 40665.000000 8.420069 40549.593750
1756.105100 40682.000000 8.430339 40517.511719
1757.599100 40521.000000 8.442104 40485.964844
1759.091300 40513.000000 8.456010 40454.242188
1760.582000 40461.000000 8.414608 40421.980469
1762.072400 40527.000000 8.406695 40390.824219
1763.561000 40360.000000 8.274624 40360.929688
1765.049600 40068.000000 8.110070 40332.324219
1766.536500 40392.000000 7.938194 40304.871094
1768.023200 40241.000000 7.870323 40277.437500
1769.508100 40194.000000 7.796180 40250.894531
1770.992900 40276.000000 7.738649 40223.839844
1772.477500 40257.000000 7.593904 40196.875000
1773.959000 40149.000000 7.454085 40170.804688
1775.441700 40144.000000 7.125601 40144.730469
1776.922700 39863.000000 6.777559 40120.421875
1778.402100 40363.000000 6.555178 40096.078125
1779.881300 40028.000000 6.588171 40072.718750
1781.358900 39937.000000 6.643968 40050.152344
1782.836200 40016.000000 6.760404 40028.511719
1784.311900 40030.000000 6.758996 40006.691406
1785.787400 40057.000000 6.758489 39985.718750
1787.262600 39910.000000 6.921684 39965.992188
1788.736200 39945.000000 7.226130 39946.339844
1790.208300 39987.000000 7.631361 39927.375000
1791.679800 40066.000000 7.998170 39907.222656
1793.150000 39938.000000 8.223801 39886.226562
1794.619900 40076.000000 8.332653 39864.000000
1796.089600 40006.000000 8.279673 39841.054688
1797.557600 39836.000000 8.201483 39818.640625
1799.023900 39821.000000 8.340712 39795.875000
1800.490100 39908.000000 8.599806 39773.687500
1801.954600 39774.000000 9.004574 39753.882812
1803.418900 39657.000000 9.355679 39734.675781
1804.883100 39416.000000 10.159592 39716.265625
1806.345500 39917.000000 11.065958 39697.984375
1807.806400 39692.000000 12.366241 39680.523438
1809.266800 39617.000000 13.691305 39662.992188
1810.727400 39574.000000 15.136533 39647.750000
1812.186000 39552.000000 16.590443 39632.691406
1813.643300 39583.000000 19.465519 39617.914062
1815.100100 39793.000000 23.403759 39602.085938
1816.556800 39419.000000 29.815887 39588.886719
1818.010400 39374.000000 39.543518 39575.511719
1819.465300 39542.000000 56.459908 39558.574219
1820.918500 39831.000000 85.800041 39542.496094
1822.370100 39484.000000 151.885788 39528.726562
1823.821400 39941.000000 313.974670 39516.207031
1825.272600 39992.000000 625.633179 39505.480469
1826.722200 40669.000000 863.307800 39498.261719
1828.169900 40001.000000 628.938904 39499.164062
1829.617600 39692.000000 314.388123 39498.250000
1831.065200 39490.000000 151.887848 39492.941406
1832.511000 39441.000000 81.503616 39483.824219
1833.956500 39397.000000 53.083759 39471.035156
1835.400500 39572.000000 39.128456 39460.968750
1836.842900 39675.000000 31.014553 39453.023438
1838.285200 39499.000000 24.851093 39448.058594
1839.727100 39197.000000 20.965269 39444.507812
1841.167400 39615.000000 18.182049 39439.996094
1842.606100 39238.000000 16.100889 39433.769531
1844.044400 39246.000000 14.319837 39427.050781
1845.482800 39272.000000 12.945559 39421.468750
1846.919400 39255.000000 11.901381 39415.847656
1848.356000 39133.000000 11.098104 39412.785156
1849.790800 39449.000000 10.615629 39410.917969
1851.224000 39399.000000 10.376543 39410.265625
1852.656900 39048.000000 10.018266 39411.054688
1854.089700 39352.000000 9.739013 39411.449219
1855.520800 39440.000000 9.484792 39409.390625
1856.951800 39285.000000 9.211935 39409.242188
1858.381100 39346.000000 8.787384 39412.066406
1859.808700 39460.000000 8.225054 39416.312500
1861.236300 39639.000000 7.831661 39420.441406
1862.663500 39669.000000 7.751976 39425.023438
1864.089100 39231.000000 7.514817 39431.953125
1865.514600 39431.000000 7.107709 39439.558594
1866.938500 39550.000000 6.741384 39447.179688
1868.360700 39718.000000 6.460169 39454.324219
1869.784200 39596.000000 6.421381 39462.800781
1871.204500 39400.000000 6.284520 39471.332031
1872.624600 39342.000000 6.199520 39480.628906
1874.044700 39662.000000 5.964461 39488.718750
1875.463000 39416.000000 5.767789 39494.824219
1876.881200 39657.000000 5.625271 39498.664062
1878.297700 39604.000000 5.661205 39499.906250
1879.714100 39470.000000 5.714913 39501.269531
1881.128800 39505.000000 5.655004 39501.890625
1882.541900 39689.000000 5.608193 39502.332031
1883.956200 39830.000000 5.711862 39505.675781
1885.367400 39851.000000 5.891305 39506.144531
1886.778600 39451.000000 6.073153 39505.296875
1888.189500 39973.000000 6.227258 39502.675781
