Raman_Shift Original_Spectrum Predicted_Raman Predicted_Baseline
294.894650 50644.000000 33.304207 50819.234375
297.232540 50713.000000 35.151787 50822.441406
299.568300 50602.000000 38.466316 50828.234375
301.905240 50780.000000 41.782707 50838.261719
304.238400 50722.000000 46.760803 50850.882812
306.571040 50712.000000 51.381279 50864.656250
308.903260 51409.000000 56.400288 50882.316406
311.233340 51401.000000 62.704803 50900.070312
313.562930 51108.000000 69.032730 50918.695312
315.890440 51046.000000 76.330101 50940.117188
318.215790 50735.000000 83.720444 50961.472656
320.540680 50931.000000 92.770096 50985.558594
322.865110 51070.000000 102.381599 51013.257812
325.187410 50800.000000 113.046181 51044.910156
327.509250 51145.000000 124.813858 51080.828125
329.828920 51339.000000 138.548370 51122.308594
332.148160 51433.000000 153.631927 51166.097656
334.465270 51563.000000 174.424362 51212.031250
336.781950 51538.000000 195.921585 51257.972656
339.096470 51417.000000 222.159744 51302.500000
341.408870 51649.000000 251.368530 51346.750000
343.722530 51552.000000 279.634705 51392.031250
346.032350 51939.000000 311.182434 51435.960938
348.341740 51668.000000 349.358215 51476.593750
350.650670 52182.000000 394.437836 51517.625000
352.957460 52036.000000 442.670166 51559.109375
355.263760 52331.000000 490.952545 51601.597656
357.568020 51997.000000 538.827515 51645.351562
359.871800 52190.000000 581.188049 51688.667969
362.173430 52335.000000 610.584595 51732.929688
364.474640 52648.000000 634.765808 51776.851562
366.773710 52416.000000 652.248474 51819.632812
369.072360 51951.000000 664.552124 51860.175781
371.368870 52290.000000 674.952515 51898.312500
373.664920 52170.000000 683.019409 51931.832031
375.958890 52487.000000 684.114441 51960.617188
378.252380 52577.000000 682.878174 51986.664062
380.543790 52647.000000 676.675903 52010.187500
382.834750 52562.000000 667.907776 52030.332031
385.123570 52578.000000 650.438538 52047.144531
387.411960 52676.000000 625.820435 52062.171875
389.698210 52795.000000 593.262207 52076.542969
391.984070 52899.000000 552.718384 52091.292969
394.267790 52656.000000 505.660645 52106.523438
396.551060 52618.000000 455.652679 52122.554688
398.832210 52531.000000 410.042572 52139.085938
401.112950 52725.000000 369.403076 52155.648438
403.391570 52971.000000 330.114471 52171.332031
405.669770 52755.000000 298.570953 52186.773438
407.945860 52990.000000 270.080109 52200.531250
410.221470 52613.000000 243.944092 52215.023438
412.495030 52683.000000 218.697586 52230.152344
414.768100 52674.000000 197.132004 52243.636719
417.039090 52556.000000 177.434174 52255.289062
419.309630 52472.000000 160.524231 52266.765625
421.579740 52346.000000 147.379913 52277.246094
423.846100 52356.000000 136.026398 52288.550781
426.113680 52304.000000 125.642944 52299.546875
428.377470 52476.000000 116.285324 52310.359375
430.642520 52210.000000 108.069237 52321.312500
432.905460 52503.000000 102.257286 52331.886719
435.166320 52581.000000 97.722107 52342.242188
437.426700 52548.000000 94.770134 52351.261719
439.685060 52484.000000 92.846703 52357.593750
441.942900 52209.000000 90.264694 52362.984375
444.198730 52529.000000 86.216583 52368.468750
446.454070 52550.000000 82.543167 52373.949219
448.708980 52378.000000 79.982925 52379.187500
450.961820 52645.000000 77.654610 52383.441406
453.212550 52291.000000 74.727020 52385.835938
455.462890 52593.000000 71.213585 52385.808594
457.711120 52516.000000 68.551804 52382.257812
459.958920 52557.000000 67.650383 52376.917969
462.204590 52463.000000 65.679398 52369.832031
464.449890 52410.000000 63.641212 52361.164062
466.694760 52593.000000 62.369579 52350.835938
468.937500 52416.000000 61.385216 52340.750000
471.178160 52526.000000 62.405128 52330.566406
473.418460 52501.000000 63.134987 52320.074219
475.656620 52327.000000 64.080200 52309.410156
477.894380 52495.000000 65.252357 52298.234375
480.131680 52263.000000 71.119728 52285.484375
482.366910 52321.000000 77.597458 52267.843750
484.600040 52371.000000 84.843445 52244.570312
486.832790 52448.000000 92.048195 52218.085938
489.063450 52588.000000 100.805901 52188.648438
491.293670 52671.000000 110.546280 52153.816406
493.523500 52339.000000 123.653976 52113.828125
495.751190 52451.000000 149.299683 52070.363281
497.976840 52487.000000 185.116241 52023.589844
500.202090 52378.000000 231.273392 51972.394531
502.426910 52226.000000 290.274597 51917.429688
504.649660 52338.000000 367.702911 51858.996094
506.870270 52277.000000 457.402649 51797.507812
509.090550 51935.000000 558.984497 51731.613281
511.310360 52266.000000 655.734497 51661.203125
513.528140 52387.000000 710.130798 51589.214844
515.743770 52171.000000 672.712341 51515.675781
517.959110 52130.000000 562.347534 51439.496094
520.173890 51868.000000 427.361145 51362.210938
522.386660 51591.000000 315.379272 51286.562500
524.597410 51415.000000 239.140305 51212.855469
526.807740 51193.000000 188.176056 51143.894531
529.017580 51247.000000 152.768188 51081.191406
531.225400 51366.000000 126.193558 51019.929688
533.431210 50977.000000 107.177284 50960.316406
535.636470 50933.000000 93.534683 50906.707031
537.841430 50825.000000 84.011505 50858.023438
540.044310 51078.000000 79.643906 50813.320312
542.245120 51318.000000 77.526711 50772.601562
544.445500 51026.000000 76.749863 50737.714844
546.645450 50689.000000 76.053482 50709.882812
548.843380 50689.000000 74.973816 50684.164062
551.040830 50787.000000 75.073349 50660.500000
553.236330 50877.000000 76.487221 50640.328125
555.429690 50868.000000 80.582092 50623.527344
557.622680 50914.000000 86.252083 50608.570312
559.815250 50863.000000 96.934006 50595.328125
562.005800 50975.000000 114.277267 50584.652344
564.195920 50576.000000 147.222626 50576.488281
566.383910 50922.000000 196.681717 50568.996094
568.569950 51120.000000 257.725159 50561.886719
570.755550 51036.000000 289.924652 50556.273438
572.940730 51164.000000 261.487213 50551.269531
575.123900 50867.000000 209.106659 50546.359375
577.306640 50771.000000 163.402557 50541.199219
579.487300 50580.000000 132.916565 50535.191406
581.665950 50684.000000 117.896141 50528.519531
583.844120 50818.000000 109.908371 50521.578125
586.021970 50719.000000 106.675697 50514.085938
588.197750 50684.000000 106.804832 50505.765625
590.373170 50644.000000 107.558105 50496.867188
592.546450 50814.000000 109.355980 50487.527344
594.719420 50263.000000 112.281960 50476.796875
596.890260 50725.000000 115.988892 50467.046875
599.059140 50165.000000 121.793190 50457.171875
601.229190 50239.000000 126.295425 50448.910156
603.395570 50497.000000 137.270691 50442.140625
605.561580 50399.000000 148.801224 50433.792969
607.727170 50836.000000 161.057281 50423.710938
609.890750 50587.000000 172.544540 50413.789062
612.053960 50623.000000 186.286377 50403.539062
614.215030 50607.000000 205.095139 50394.253906
616.375790 50598.000000 224.965668 50385.464844
618.534480 50351.000000 247.228683 50376.445312
620.692750 50586.000000 273.833374 50367.226562
622.849000 50818.000000 302.288269 50356.789062
625.004820 50382.000000 337.457153 50345.847656
627.158750 50651.000000 382.783356 50332.406250
629.310490 50704.000000 440.503967 50316.523438
631.463560 50802.000000 513.317810 50298.781250
633.612920 50528.000000 611.528137 50279.523438
635.763490 50903.000000 746.145996 50261.480469
637.910460 50896.000000 918.212219 50243.812500
640.058650 51336.000000 1147.869385 50225.683594
642.203190 51675.000000 1450.193237 50208.226562
644.348880 52192.000000 1845.664062 50191.152344
646.491030 52493.000000 2313.729980 50175.156250
648.634400 52896.000000 2846.996582 50160.914062
650.774050 53407.000000 3394.691406 50147.605469
652.914980 54057.000000 3870.748047 50136.816406
655.052250 54338.000000 4050.661621 50127.699219
657.190730 53869.000000 3765.888184 50119.671875
659.325620 53161.000000 3187.290039 50113.570312
661.461730 52811.000000 2581.336182 50109.148438
663.594180 52110.000000 2079.745605 50105.722656
665.727910 51656.000000 1689.164429 50102.800781
667.857910 51688.000000 1404.321533 50101.109375
669.989200 51195.000000 1183.780762 50101.332031
672.118470 51233.000000 1007.546570 50103.507812
674.245670 50755.000000 860.746277 50105.820312
676.372560 50989.000000 743.622864 50107.375000
678.497380 51154.000000 649.837463 50108.402344
680.621830 50819.000000 569.288391 50109.226562
682.744320 50415.000000 505.029785 50110.445312
684.866390 50624.000000 450.704681 50111.375000
686.986450 50325.000000 410.225891 50111.304688
689.106080 50550.000000 380.591125 50110.093750
691.223750 50338.000000 359.423645 50111.593750
693.341000 50509.000000 344.648621 50115.289062
695.457820 50377.000000 338.805634 50121.460938
697.571110 50367.000000 340.027161 50129.191406
699.685610 50215.000000 351.638947 50136.253906
701.798100 50456.000000 372.239197 50142.148438
703.908570 50682.000000 402.988861 50147.296875
706.018620 50728.000000 438.135590 50151.414062
708.126770 50509.000000 470.650940 50157.128906
710.234380 50549.000000 477.721771 50163.941406
712.340150 50479.000000 446.700745 50170.949219
714.445430 50673.000000 392.413330 50178.843750
716.550350 50457.000000 328.767181 50186.750000
718.653260 50327.000000 269.249420 50195.203125
720.754270 50529.000000 223.305084 50203.722656
722.854800 50492.000000 190.523834 50212.476562
724.953370 50279.000000 167.130447 50221.789062
727.051570 50208.000000 147.593033 50231.875000
729.149350 50179.000000 130.065445 50240.496094
731.243530 50122.000000 115.897659 50247.679688
733.338990 50459.000000 102.495094 50252.203125
735.432370 50261.000000 89.949631 50253.835938
737.523800 50414.000000 83.036041 50256.656250
739.614870 50408.000000 76.400833 50259.218750
741.705570 50241.000000 70.219986 50261.882812
743.792600 49856.000000 65.385208 50264.222656
745.880920 50045.000000 62.222717 50267.984375
747.967220 50391.000000 58.627541 50271.621094
750.051570 50144.000000 55.625671 50274.062500
752.135500 50305.000000 52.161552 50274.765625
754.219120 50307.000000 49.779476 50275.062500
756.300720 50423.000000 47.847523 50274.218750
758.380310 50165.000000 46.047283 50273.558594
760.459530 50165.000000 44.473137 50269.953125
762.538390 49819.000000 43.115093 50265.453125
764.615300 51647.000000 40.640442 50260.687500
766.690190 51010.000000 38.565502 50255.402344
768.764710 50065.000000 36.723709 50251.933594
770.838810 50356.000000 34.779564 50248.117188
772.909360 50393.000000 33.644501 50245.359375
774.981140 50152.000000 33.575138 50242.281250
777.050960 50427.000000 34.096786 50237.601562
779.120420 50451.000000 34.459560 50232.359375
781.187870 50426.000000 35.029865 50227.027344
783.253420 50095.000000 35.165733 50220.968750
785.318480 50147.000000 34.658672 50214.460938
787.383240 50283.000000 33.292412 50206.753906
789.445980 50162.000000 31.700897 50197.359375
791.506770 49954.000000 30.748388 50187.617188
793.567260 50330.000000 29.984768 50178.394531
795.627260 50292.000000 29.064682 50167.839844
797.685360 50301.000000 28.715317 50156.167969
799.741520 50269.000000 28.564646 50143.601562
801.797240 50292.000000 28.626190 50130.351562
803.852600 50440.000000 28.953848 50118.000000
805.906010 49722.000000 28.683725 50106.285156
807.959050 50356.000000 28.225346 50094.335938
810.010130 49859.000000 28.507034 50080.632812
812.059200 50113.000000 28.617580 50066.035156
814.107970 50423.000000 28.245260 50050.605469
816.156370 50081.000000 27.707409 50034.976562
818.202760 50254.000000 27.056606 50018.839844
820.247190 50017.000000 26.260473 50002.015625
822.292850 50085.000000 25.762243 49984.484375
824.335020 50181.000000 25.356430 49965.324219
826.376770 49922.000000 25.510933 49944.976562
828.418090 50109.000000 26.176428 49923.335938
830.457520 49631.000000 27.123287 49899.500000
832.496640 50777.000000 28.141672 49872.945312
834.533690 49956.000000 29.192738 49842.371094
836.568910 49702.000000 29.406214 49809.589844
838.603700 49671.000000 29.519299 49774.988281
840.638060 49903.000000 29.605316 49739.316406
842.670530 49573.000000 30.268454 49702.218750
844.702640 49453.000000 29.968103 49663.722656
846.732790 49519.000000 29.054485 49624.058594
848.762570 49815.000000 28.025305 49582.929688
850.790470 49346.000000 27.663296 49540.234375
852.816350 49573.000000 28.102365 49495.687500
854.843440 49335.000000 27.591791 49448.875000
856.867070 49682.000000 27.183044 49400.589844
858.890200 49579.000000 27.551300 49350.746094
860.913150 49424.000000 28.113941 49299.742188
862.934020 49099.000000 29.351009 49247.292969
864.954530 49049.000000 31.262426 49193.679688
866.973140 49100.000000 33.875137 49138.218750
868.991390 48741.000000 37.199299 49081.089844
871.007690 49446.000000 42.179878 49023.734375
873.023620 49011.000000 48.806129 48966.183594
875.037660 48750.000000 60.323750 48909.558594
877.051270 49113.000000 77.041214 48849.628906
879.062990 49026.000000 102.478378 48786.953125
881.074340 48980.000000 140.843384 48721.843750
883.083740 48785.000000 202.053757 48654.117188
885.092770 49130.000000 288.801056 48586.218750
887.099850 48877.000000 361.796814 48517.335938
889.104980 49128.000000 358.812531 48446.324219
891.111450 48475.000000 292.627350 48373.429688
893.114260 48307.000000 206.552277 48298.753906
895.118410 48402.000000 142.995590 48222.414062
897.119020 48653.000000 100.961708 48144.886719
899.120790 48279.000000 73.323616 48066.269531
901.119080 48130.000000 57.376945 47987.882812
903.118650 48041.000000 47.995079 47908.968750
905.114620 47984.000000 42.452087 47829.992188
907.111880 47864.000000 38.814262 47750.960938
909.107180 47666.000000 36.050854 47672.835938
911.100520 47805.000000 34.109802 47595.863281
913.093630 47429.000000 32.897007 47519.113281
915.084660 47330.000000 32.233860 47444.062500
917.075380 47538.000000 31.673428 47368.304688
919.064210 47255.000000 31.887247 47292.101562
921.052730 47088.000000 32.547382 47215.730469
923.039310 47171.000000 33.270142 47139.226562
925.025450 47036.000000 33.919586 47063.632812
927.009770 46912.000000 34.765011 46989.664062
928.993650 46863.000000 35.892616 46917.167969
930.975590 47077.000000 37.555489 46846.242188
932.957280 46726.000000 39.010326 46776.433594
934.937010 46837.000000 40.433006 46707.824219
936.916380 46932.000000 42.127903 46642.011719
938.895390 46804.000000 44.538189 46580.500000
940.870970 46402.000000 46.510212 46520.628906
942.847660 46633.000000 47.512127 46462.140625
944.822510 46287.000000 49.257484 46404.585938
946.795470 46102.000000 52.769409 46348.812500
948.768010 46205.000000 57.430767 46293.898438
950.738710 46228.000000 64.115349 46240.542969
952.708980 46207.000000 74.017677 46188.023438
954.677310 46173.000000 90.163223 46136.125000
956.645390 46062.000000 113.251236 46085.347656
958.613160 46411.000000 144.024033 46036.371094
960.578920 46250.000000 188.655441 45988.996094
962.542720 46260.000000 252.222610 45942.765625
964.506290 46280.000000 339.473816 45897.464844
966.467960 46214.000000 452.059509 45853.796875
968.429260 46523.000000 565.582764 45813.054688
970.390140 46538.000000 619.989624 45773.429688
972.347660 46271.000000 567.996460 45732.742188
974.306270 46261.000000 458.008606 45691.078125
976.263060 46123.000000 348.938171 45648.765625
978.218020 45716.000000 264.300476 45608.707031
980.172490 45586.000000 202.551666 45572.335938
982.125120 45746.000000 160.473236 45539.425781
984.077390 46100.000000 129.819061 45510.238281
986.029360 45564.000000 105.493362 45484.390625
987.979370 45571.000000 87.162346 45461.187500
989.927490 45711.000000 72.058479 45438.257812
991.875310 45567.000000 61.589806 45416.367188
993.822750 45595.000000 54.963001 45394.972656
995.768370 45623.000000 50.878075 45372.593750
997.711980 45503.000000 48.228519 45350.644531
999.655270 45232.000000 47.095440 45329.664062
1001.596700 45452.000000 45.792931 45309.425781
1003.537700 45439.000000 44.169338 45289.960938
1005.478600 45079.000000 43.039944 45272.453125
1007.417400 45584.000000 42.175549 45256.171875
1009.354300 45651.000000 41.616192 45239.371094
1011.291000 45232.000000 41.601307 45222.371094
1013.227200 45138.000000 41.168987 45204.933594
1015.161600 45286.000000 40.974388 45190.933594
1017.094100 45139.000000 41.326099 45178.453125
1019.026200 45236.000000 41.671547 45167.632812
1020.958000 45318.000000 42.076427 45158.035156
1022.888000 45005.000000 43.012665 45149.691406
1024.816000 45095.000000 44.202774 45141.953125
1026.743800 44896.000000 45.344276 45135.062500
1028.671100 45077.000000 47.715412 45128.507812
1030.596600 45127.000000 50.632793 45123.195312
1032.521700 44970.000000 54.813274 45118.234375
1034.444900 45295.000000 59.899239 45114.652344
1036.366300 45367.000000 65.231400 45110.980469
1038.287400 45582.000000 70.667557 45110.042969
1040.208100 45211.000000 76.885025 45108.964844
1042.127000 45163.000000 84.782257 45106.582031
1044.043800 45221.000000 96.924812 45104.441406
1045.960400 45236.000000 112.096947 45100.605469
1047.876700 45327.000000 131.543320 45094.949219
1049.791000 45106.000000 155.629974 45087.511719
1051.705100 45247.000000 184.807388 45077.562500
1053.617300 45330.000000 219.752777 45065.300781
1055.527600 45341.000000 257.388245 45052.468750
1057.437500 45296.000000 298.017151 45039.804688
1059.347300 45578.000000 340.023865 45026.644531
1061.255000 45395.000000 380.793243 45013.507812
1063.162500 45207.000000 422.508606 45000.703125
1065.068000 45237.000000 463.120453 44988.132812
1066.971700 45369.000000 501.511230 44976.621094
1068.875000 45432.000000 534.393738 44964.750000
1070.778100 45656.000000 551.227417 44953.742188
1072.679200 45762.000000 545.488220 44940.753906
1074.580000 45417.000000 514.294800 44926.207031
1076.479000 45496.000000 462.797791 44913.062500
1078.377600 45285.000000 405.195740 44901.128906
1080.274400 45459.000000 349.898468 44891.437500
1082.169200 45535.000000 303.052521 44881.167969
1084.065300 45078.000000 264.524963 44870.800781
1085.958000 44794.000000 231.977631 44859.050781
1087.850300 44840.000000 200.259827 44846.804688
1089.742400 45142.000000 174.168900 44834.191406
1091.632600 44926.000000 152.982452 44821.773438
1093.522500 44897.000000 135.989105 44810.332031
1095.410400 44874.000000 123.501526 44801.070312
1097.298100 44870.000000 111.379295 44793.210938
1099.183800 44827.000000 101.045868 44786.382812
1101.069300 45084.000000 92.807549 44781.457031
1102.952900 44707.000000 85.026268 44776.007812
1104.834600 44778.000000 79.190186 44774.277344
1106.717700 45007.000000 75.446518 44773.398438
1108.597200 45039.000000 71.454529 44772.949219
1110.477900 44750.000000 67.830566 44772.636719
1112.355300 44692.000000 63.754669 44772.261719
1114.232300 44772.000000 59.364403 44771.746094
1116.109100 44869.000000 54.574657 44770.417969
1117.984000 44826.000000 53.928856 44768.007812
1119.858500 44458.000000 54.825005 44764.468750
1121.731300 44774.000000 56.096703 44760.304688
1123.603600 44938.000000 58.033947 44757.429688
1125.474100 44983.000000 58.879578 44754.945312
1127.344400 45033.000000 59.355225 44751.843750
1129.212600 44743.000000 59.572052 44750.050781
1131.080700 44915.000000 60.331921 44751.125000
1132.946900 44594.000000 62.110107 44754.183594
1134.812700 44729.000000 65.203270 44759.410156
1136.676800 44759.000000 68.984459 44765.000000
1138.540400 44604.000000 74.452522 44773.625000
1140.402300 45184.000000 81.236427 44784.714844
1142.263800 44895.000000 90.686676 44800.019531
1144.123400 45138.000000 102.347321 44815.398438
1145.982800 44822.000000 116.078186 44831.289062
1147.841800 44847.000000 132.947723 44848.632812
1149.697500 45328.000000 155.547852 44866.644531
1151.554400 45194.000000 187.119934 44885.648438
1153.407800 45098.000000 230.292816 44905.886719
1155.262600 45335.000000 290.959869 44925.058594
1157.115500 45499.000000 374.975372 44944.660156
1158.966400 45358.000000 476.739166 44965.062500
1160.817100 45560.000000 569.287048 44985.488281
1162.666000 45904.000000 615.011108 45004.484375
1164.514500 45452.000000 596.022705 45025.160156
1166.361300 45569.000000 527.871277 45046.437500
1168.207600 45719.000000 450.975677 45067.597656
1170.052200 45322.000000 389.714081 45090.964844
1171.896500 45372.000000 346.026276 45115.398438
1173.740400 45627.000000 322.741272 45139.625000
1175.580900 45472.000000 316.107971 45164.507812
1177.422900 45602.000000 319.649261 45189.195312
1179.262700 45758.000000 337.359619 45212.718750
1181.100700 45580.000000 369.548828 45237.351562
1182.938600 45610.000000 420.750336 45261.683594
1184.774500 45691.000000 490.456879 45287.281250
1186.610200 46081.000000 583.901489 45314.761719
1188.444000 45804.000000 702.379761 45339.386719
1190.277500 46239.000000 844.694946 45364.121094
1192.110700 46550.000000 1002.037720 45390.882812
1193.942000 46633.000000 1161.345459 45419.718750
1195.771600 46864.000000 1291.597046 45448.875000
1197.600700 46678.000000 1359.247559 45477.546875
1199.428100 46787.000000 1343.542603 45504.882812
1201.255200 46847.000000 1259.544556 45530.582031
1203.082000 46954.000000 1128.548706 45555.117188
1204.907000 46418.000000 976.158508 45580.207031
1206.730100 46530.000000 833.540649 45606.898438
1208.552900 46467.000000 722.187927 45634.898438
1210.373900 46534.000000 648.085144 45665.460938
1212.194600 46184.000000 610.353638 45696.027344
1214.015000 46498.000000 606.687134 45726.476562
1215.833500 46368.000000 635.881714 45757.507812
1217.650300 46634.000000 706.114441 45791.117188
1219.466700 46876.000000 820.147583 45826.789062
1221.281300 46634.000000 977.911438 45864.027344
1223.095600 47354.000000 1178.956665 45902.222656
1224.909500 47563.000000 1400.256226 45941.441406
1226.721700 47625.000000 1586.668335 45980.949219
1228.532000 47520.000000 1675.947021 46020.000000
1230.342000 47774.000000 1633.208618 46058.878906
1232.151700 47653.000000 1475.872192 46098.210938
1233.959700 47516.000000 1251.181396 46136.937500
1235.765900 47369.000000 1021.788391 46176.886719
1237.571700 47053.000000 824.380676 46218.062500
1239.377100 47094.000000 672.747559 46259.863281
1241.180800 46976.000000 564.394165 46301.945312
1242.982700 46703.000000 498.000061 46343.144531
1244.784200 46919.000000 460.573242 46383.378906
1246.585300 46941.000000 444.735443 46423.933594
1248.384900 46733.000000 449.506348 46462.183594
1250.182500 46785.000000 477.910980 46501.085938
1251.979700 47148.000000 524.616760 46542.652344
1253.776900 47473.000000 598.783264 46588.281250
1255.572000 47382.000000 701.226990 46634.660156
1257.365500 47349.000000 836.692566 46681.039062
1259.160000 47784.000000 1031.434570 46728.593750
1260.951300 48216.000000 1306.462769 46781.113281
1262.742300 48355.000000 1665.758057 46835.945312
1264.533100 48937.000000 2101.115479 46892.542969
1266.322000 49768.000000 2575.271973 46950.464844
1268.109000 49846.000000 3026.687256 47007.851562
1269.895800 50471.000000 3352.837158 47066.839844
1271.682400 50472.000000 3439.692139 47122.781250
1273.466900 50608.000000 3230.618408 47176.753906
1275.251500 49960.000000 2803.384766 47231.140625
1277.033900 49458.000000 2309.181152 47285.710938
1278.814700 49340.000000 1836.052002 47345.628906
1280.595200 49039.000000 1437.062134 47407.644531
1282.375400 48547.000000 1117.031128 47471.792969
1284.153800 48054.000000 878.754517 47538.171875
1285.931900 48312.000000 699.031189 47605.996094
1287.708100 48339.000000 568.701782 47676.082031
1289.482500 48213.000000 472.874847 47751.882812
1291.256800 48397.000000 403.548615 47831.593750
1293.030600 48073.000000 352.785828 47912.812500
1294.802900 48514.000000 311.343994 47994.667969
1296.574600 48711.000000 279.410828 48075.906250
1298.344600 48258.000000 254.620819 48153.988281
1300.114400 48181.000000 237.782059 48231.417969
1301.882300 48535.000000 226.804520 48308.281250
1303.648300 48581.000000 219.960968 48386.812500
1305.415800 48878.000000 216.405975 48466.210938
1307.179700 48814.000000 215.647903 48546.226562
1308.943500 48931.000000 217.547806 48625.890625
1310.707000 48818.000000 224.165131 48708.234375
1312.468600 48860.000000 234.908035 48793.167969
1314.230000 49326.000000 249.515472 48879.519531
1315.989500 49229.000000 272.128662 48966.117188
1317.748800 49429.000000 306.609253 49052.511719
1319.506200 49584.000000 357.826660 49137.621094
1321.263400 49745.000000 429.587494 49221.046875
1323.018900 49588.000000 529.801880 49302.171875
1324.774000 50014.000000 662.162903 49382.164062
1326.527300 50321.000000 827.328003 49459.992188
1328.278900 50714.000000 1020.741882 49537.953125
1330.031700 50779.000000 1229.280762 49615.101562
1331.781100 50946.000000 1398.473389 49691.183594
1333.531900 51213.000000 1461.098145 49765.984375
1335.279300 51133.000000 1384.510498 49839.523438
1337.027800 51189.000000 1212.726807 49911.054688
1338.773200 50873.000000 1008.025757 49980.687500
1340.518300 50783.000000 813.856567 50048.488281
1342.263100 50946.000000 651.153625 50114.269531
1344.006000 50478.000000 521.632690 50177.917969
1345.748700 50755.000000 424.970154 50239.363281
1347.489500 50572.000000 353.271301 50298.710938
1349.230200 50617.000000 299.992493 50356.085938
1350.969100 50454.000000 263.676697 50409.949219
1352.707500 50885.000000 240.167877 50462.179688
1354.445900 50896.000000 224.328934 50512.449219
1356.180900 50707.000000 215.902786 50560.695312
1357.917000 50715.000000 212.576019 50605.429688
1359.649900 50676.000000 215.593384 50644.406250
1361.384200 50699.000000 223.124664 50678.667969
1363.115000 51126.000000 240.528229 50711.847656
1364.847000 50948.000000 268.569550 50743.910156
1366.577400 50944.000000 314.869446 50771.921875
1368.305900 51020.000000 389.610718 50797.476562
1370.034300 51238.000000 505.861267 50820.718750
1371.760600 51895.000000 671.091797 50842.152344
1373.486900 51731.000000 888.125488 50859.496094
1375.211300 52102.000000 1131.660400 50874.632812
1376.935400 52080.000000 1332.047241 50886.546875
1378.657800 52298.000000 1403.296631 50895.867188
1380.380000 52343.000000 1293.609741 50900.828125
1382.100200 51967.000000 1053.151123 50901.289062
1383.820300 51670.000000 798.572021 50900.816406
1385.540200 51558.000000 587.072876 50898.722656
1387.256500 51218.000000 438.027435 50895.402344
1388.974200 51337.000000 334.248718 50890.367188
1390.690300 50933.000000 263.697052 50882.738281
1392.404400 51280.000000 216.869354 50874.304688
1394.118400 51018.000000 184.851089 50862.402344
1395.830400 51007.000000 163.129272 50847.750000
1397.542200 51047.000000 149.746674 50832.683594
1399.252300 51227.000000 138.505066 50817.171875
1400.962200 50772.000000 130.828369 50801.683594
1402.671800 50903.000000 124.395981 50786.410156
1404.379500 50741.000000 120.204674 50769.886719
1406.085600 50995.000000 117.494156 50752.480469
1407.791300 50819.000000 114.767006 50734.464844
1409.495200 50913.000000 113.684204 50716.851562
1411.199000 50907.000000 112.572495 50698.160156
1412.902500 50871.000000 113.167297 50678.324219
1414.604000 51063.000000 115.252586 50657.437500
1416.304000 51107.000000 117.026413 50634.796875
1418.003700 50688.000000 117.267822 50610.937500
1419.701500 50805.000000 116.759033 50586.109375
1421.399000 50662.000000 117.655411 50562.648438
1423.096400 50488.000000 119.846695 50540.960938
1424.792000 50522.000000 124.189743 50519.792969
1426.485700 50565.000000 130.616669 50499.820312
1428.179300 50418.000000 137.733383 50481.882812
1429.871100 50542.000000 146.383469 50466.027344
1431.562500 50894.000000 157.068314 50450.769531
1433.253900 50785.000000 169.065979 50436.234375
1434.943400 50792.000000 184.954071 50421.535156
1436.631000 50820.000000 205.528717 50406.218750
1438.318500 50638.000000 230.796585 50391.148438
1440.005600 50434.000000 263.501648 50375.757812
1441.691000 50328.000000 304.804718 50359.917969
1443.374800 50621.000000 355.361206 50343.945312
1445.058200 50704.000000 414.224854 50328.234375
1446.741300 50874.000000 483.748474 50313.546875
1448.422900 50786.000000 569.914612 50300.800781
1450.102400 51038.000000 677.513245 50290.289062
1451.781700 51316.000000 804.351868 50282.832031
1453.460900 51327.000000 956.970215 50277.285156
1455.138200 51060.000000 1128.952881 50274.171875
1456.813800 51742.000000 1301.217163 50272.101562
1458.489100 51509.000000 1455.616455 50267.968750
1460.164300 51815.000000 1569.251587 50262.757812
1461.837600 52018.000000 1620.520752 50254.695312
1463.509200 51794.000000 1599.702393 50245.546875
1465.180500 51708.000000 1514.832275 50235.960938
1466.851600 51386.000000 1381.390991 50225.140625
1468.520900 51252.000000 1223.302002 50217.933594
1470.189900 51405.000000 1060.838501 50214.046875
1471.857200 51245.000000 911.384583 50211.945312
1473.522800 51038.000000 778.018799 50211.363281
1475.188100 50755.000000 661.595337 50211.906250
1476.853100 50540.000000 559.587036 50213.894531
1478.516500 50576.000000 472.513855 50216.332031
1480.178000 50844.000000 399.798157 50217.867188
1481.839200 50393.000000 339.020233 50217.109375
1483.500400 50539.000000 287.714478 50213.746094
1485.159700 50428.000000 252.505081 50209.664062
1486.818600 50364.000000 224.038116 50205.257812
1488.476000 50275.000000 201.147751 50201.093750
1490.131500 50495.000000 184.593964 50197.195312
1491.788300 50214.000000 172.783005 50193.757812
1493.441800 50171.000000 162.747360 50190.390625
1495.095100 50402.000000 156.274841 50187.085938
1496.748000 50386.000000 150.800766 50184.898438
1498.399400 50505.000000 145.926758 50183.578125
1500.050400 50335.000000 142.466370 50183.496094
1501.699700 50261.000000 140.445297 50184.187500
1503.347300 50395.000000 139.162857 50186.503906
1504.996100 50488.000000 138.148376 50189.937500
1506.641600 50054.000000 140.146851 50193.562500
1508.287000 50423.000000 144.321716 50199.214844
1509.932000 50274.000000 151.069000 50206.617188
1511.575300 50219.000000 158.645050 50213.949219
1513.218500 50714.000000 168.780014 50221.035156
1514.859700 50479.000000 181.728851 50227.945312
1516.500900 50395.000000 199.572891 50234.011719
1518.140300 50717.000000 220.196686 50239.261719
1519.777800 50553.000000 245.166718 50243.761719
1521.416700 50691.000000 277.432404 50248.707031
1523.052200 50802.000000 321.135925 50253.148438
1524.689200 50727.000000 376.680176 50257.585938
1526.322800 50488.000000 449.721588 50261.242188
1527.956200 50964.000000 543.258850 50262.687500
1529.589400 50529.000000 662.809082 50263.242188
1531.220800 50951.000000 809.528687 50263.625000
1532.851900 51342.000000 982.421387 50264.531250
1534.481400 51848.000000 1178.373535 50265.578125
1536.110600 51715.000000 1385.082764 50266.312500
1537.738000 51885.000000 1574.155029 50268.890625
1539.365200 52199.000000 1720.260010 50272.179688
1540.990700 52125.000000 1805.055054 50275.136719
1542.616000 51932.000000 1807.907837 50278.792969
1544.239500 51990.000000 1723.784424 50280.750000
1545.862700 51931.000000 1576.864258 50281.261719
1547.484400 51953.000000 1392.517090 50279.906250
1549.105600 51402.000000 1199.691895 50275.210938
1550.725100 51542.000000 1016.670532 50269.937500
1552.344500 51035.000000 851.869934 50262.375000
1553.962000 50777.000000 709.589355 50254.480469
1555.579300 50930.000000 589.592346 50245.929688
1557.195100 50755.000000 487.750336 50236.535156
1558.810400 50728.000000 405.536926 50225.878906
1560.424100 50726.000000 340.234650 50214.167969
1562.037500 50466.000000 285.742371 50201.027344
1563.649200 50558.000000 247.121613 50188.417969
1565.260600 50225.000000 215.138184 50175.628906
1566.870500 50279.000000 188.987015 50162.562500
1568.479900 50302.000000 167.374832 50149.734375
1570.089100 50558.000000 151.905685 50138.093750
1571.695200 49911.000000 140.168137 50127.753906
1573.302500 50480.000000 130.808212 50117.988281
1574.906500 49897.000000 123.834152 50108.945312
1576.511800 50194.000000 114.364479 50101.519531
1578.115500 50618.000000 105.922562 50095.570312
1579.717400 50262.000000 97.846573 50093.789062
1581.319100 50103.000000 91.304459 50095.703125
1582.919100 50733.000000 86.276146 50099.488281
1584.518700 50063.000000 81.103607 50103.718750
1586.116600 50283.000000 76.519524 50110.078125
1587.714500 50200.000000 73.283539 50117.066406
1589.310500 50503.000000 69.410515 50124.714844
1590.906300 50106.000000 65.542786 50131.261719
1592.501800 50155.000000 62.010139 50136.945312
1594.095700 50116.000000 58.769997 50142.324219
1595.687900 50031.000000 55.856598 50148.941406
1597.279700 50180.000000 52.531593 50155.859375
1598.869900 50049.000000 49.388611 50161.398438
1600.459700 50333.000000 47.399139 50166.347656
1602.048100 50309.000000 44.988400 50170.167969
1603.636000 50020.000000 42.170540 50173.617188
1605.223900 50424.000000 39.880501 50177.746094
1606.809800 49961.000000 38.421864 50182.332031
1608.394200 49997.000000 37.740799 50187.187500
1609.978300 50035.000000 37.259270 50191.851562
1611.560700 50019.000000 36.895344 50197.117188
1613.142900 50249.000000 36.864391 50202.492188
1614.724700 50364.000000 36.061993 50207.937500
1616.304900 50087.000000 35.107582 50213.515625
1617.883500 50116.000000 34.255024 50218.914062
1619.461800 50296.000000 33.154503 50223.593750
1621.038300 50332.000000 32.027962 50228.535156
1622.614700 50499.000000 31.435705 50233.902344
1624.190800 50273.000000 30.846493 50238.054688
1625.765300 50459.000000 29.891590 50241.500000
1627.337900 50395.000000 28.441278 50243.957031
1628.910400 50150.000000 26.976894 50245.628906
1630.482700 50507.000000 25.750881 50247.222656
1632.053200 50374.000000 24.970242 50248.585938
1633.622100 50460.000000 24.417852 50250.640625
1635.190600 50216.000000 23.725704 50252.714844
1636.759000 50422.000000 23.238846 50255.035156
1638.325700 50579.000000 22.896078 50257.152344
1639.890700 50628.000000 22.509783 50258.152344
1641.455400 50485.000000 22.011326 50258.269531
1643.019900 50258.000000 21.167492 50257.972656
1644.582800 50300.000000 19.942698 50257.585938
1646.143900 50159.000000 18.530285 50256.476562
1647.704700 50320.000000 17.138706 50254.359375
1649.265500 50438.000000 15.997951 50249.636719
1650.824500 50260.000000 15.145065 50242.335938
1652.381600 50551.000000 14.808123 50234.363281
1653.938700 50359.000000 14.984859 50224.937500
1655.495500 50127.000000 15.386583 50213.742188
1657.050700 50408.000000 15.638968 50199.621094
1658.604100 50176.000000 15.756780 50183.820312
1660.157200 50355.000000 15.633278 50167.054688
1661.710200 50438.000000 15.456810 50149.035156
1663.261500 49937.000000 15.542216 50129.371094
1664.811200 50073.000000 15.443245 50108.503906
1666.361900 50061.000000 15.036705 50086.117188
1667.909700 50102.000000 14.739757 50061.921875
1669.457200 50272.000000 14.204016 50035.250000
1671.004300 49851.000000 13.459956 50008.023438
1672.549900 49793.000000 12.482705 49979.691406
1674.093600 49729.000000 11.665259 49951.460938
1675.637300 49888.000000 11.136901 49923.832031
1677.180800 49787.000000 11.012599 49895.097656
1678.722400 49973.000000 11.119781 49866.390625
1680.263900 49896.000000 11.396677 49836.941406
1681.803700 49662.000000 11.580122 49807.636719
1683.341800 50098.000000 11.656611 49778.621094
1684.881200 49640.000000 11.845709 49749.347656
1686.417500 49721.000000 11.989157 49719.117188
1687.953400 49574.000000 12.076573 49688.078125
1689.489100 49845.000000 11.919025 49657.687500
1691.023200 49739.000000 11.355326 49627.968750
1692.557100 49610.000000 10.753168 49597.109375
1694.089200 49635.000000 10.072242 49564.855469
1695.619800 49320.000000 9.461760 49532.144531
1697.151500 49146.000000 9.166045 49499.070312
1698.680200 49480.000000 8.946681 49466.312500
1700.208500 49359.000000 8.685675 49433.523438
1701.736600 49071.000000 8.430513 49399.812500
1703.263100 49667.000000 8.074368 49365.953125
1704.789300 49347.000000 7.892893 49332.437500
1706.314000 49412.000000 7.729265 49299.820312
1707.838100 49690.000000 7.583170 49267.390625
1709.361000 49006.000000 7.688144 49235.457031
1710.883300 49202.000000 7.736967 49203.636719
1712.404100 49271.000000 7.624160 49171.507812
1713.923100 49348.000000 7.382217 49137.960938
1715.443500 49222.000000 7.024704 49102.617188
1716.960700 48840.000000 6.690679 49066.191406
1718.479100 49205.000000 6.324477 49028.753906
1719.994500 49121.000000 6.071616 48991.601562
1721.509600 49106.000000 5.880479 48954.820312
1723.024400 48615.000000 5.723281 48917.515625
1724.537600 48939.000000 5.643622 48879.378906
1726.050700 49150.000000 5.713535 48842.164062
1727.561900 49064.000000 5.614271 48805.109375
1729.073000 48954.000000 5.484416 48769.046875
1730.582400 48735.000000 5.489839 48733.238281
1732.091700 49172.000000 5.652340 48697.179688
1733.599200 48514.000000 6.004536 48659.914062
1735.106600 48813.000000 6.394278 48622.449219
1736.612100 48277.000000 6.670251 48582.847656
1738.117600 48464.000000 6.823252 48543.636719
1739.621300 48608.000000 6.867882 48504.628906
1741.125000 48164.000000 6.915063 48464.761719
1742.626800 48287.000000 6.901679 48423.292969
1744.128400 48173.000000 7.006252 48382.304688
1745.628500 48441.000000 7.129783 48342.628906
1747.128300 48493.000000 7.128818 48304.925781
1748.626300 48175.000000 7.089606 48268.183594
1750.124300 48255.000000 7.064955 48232.320312
1751.620500 48226.000000 7.012313 48197.355469
1753.116600 48104.000000 7.051547 48163.835938
1754.612400 48123.000000 6.994281 48131.933594
1756.105100 48208.000000 6.905381 48101.285156
1757.599100 48174.000000 6.567450 48071.421875
1759.091300 48127.000000 6.196977 48040.574219
1760.582000 48018.000000 5.782514 48008.015625
1762.072400 48111.000000 5.474504 47975.441406
1763.561000 47999.000000 5.178784 47943.113281
1765.049600 47528.000000 5.069307 47911.308594
1766.536500 48075.000000 5.005747 47880.324219
1768.023200 47771.000000 5.042436 47849.695312
1769.508100 47657.000000 5.066102 47818.406250
1770.992900 47670.000000 5.211898 47787.406250
1772.477500 47620.000000 5.382111 47757.242188
1773.959000 47856.000000 5.477691 47727.882812
1775.441700 47769.000000 5.484713 47699.890625
1776.922700 47398.000000 5.501291 47673.804688
1778.402100 47776.000000 5.514232 47649.785156
1779.881300 47500.000000 5.626863 47626.257812
1781.358900 47531.000000 5.687391 47602.125000
1782.836200 47448.000000 5.721621 47578.609375
1784.311900 47607.000000 5.645085 47555.933594
1785.787400 47573.000000 5.551872 47533.308594
1787.262600 47504.000000 5.405710 47510.917969
1788.736200 47588.000000 5.336038 47488.738281
1790.208300 47704.000000 5.249248 47467.210938
1791.679800 47715.000000 5.205003 47444.937500
1793.150000 47397.000000 5.129489 47421.800781
1794.619900 47526.000000 5.054178 47398.335938
1796.089600 47395.000000 4.959751 47375.019531
1797.557600 47211.000000 5.001480 47351.832031
1799.023900 47386.000000 4.942791 47328.937500
1800.490100 47381.000000 4.866134 47306.820312
1801.954600 47240.000000 4.729960 47285.777344
1803.418900 47398.000000 4.603303 47265.390625
1804.883100 46833.000000 4.592886 47245.812500
1806.345500 47373.000000 4.615531 47227.531250
1807.806400 47152.000000 4.688466 47210.273438
1809.266800 46982.000000 4.772096 47193.808594
1810.727400 46787.000000 4.918067 47177.703125
1812.186000 47170.000000 5.095309 47160.656250
1813.643300 47198.000000 5.188941 47143.890625
1815.100100 47324.000000 5.227839 47127.382812
1816.556800 47041.000000 5.037139 47110.453125
1818.010400 46862.000000 4.798814 47094.535156
1819.465300 47120.000000 4.733041 47080.296875
1820.918500 47423.000000 4.731936 47067.597656
1822.370100 47056.000000 4.729915 47055.976562
1823.821400 47338.000000 4.775721 47045.386719
1825.272600 47058.000000 4.649094 47035.246094
1826.722200 46897.000000 4.616574 47025.449219
1828.169900 47032.000000 4.665236 47016.015625
1829.617600 47023.000000 4.671596 47006.492188
1831.065200 46925.000000 4.487512 46997.578125
1832.511000 46945.000000 4.252481 46988.554688
1833.956500 46903.000000 3.993507 46979.203125
1835.400500 46903.000000 3.781155 46969.070312
1836.842900 47158.000000 3.636264 46958.453125
1838.285200 46878.000000 3.652959 46948.441406
1839.727100 46783.000000 3.719999 46939.105469
1841.167400 46961.000000 3.895454 46930.453125
1842.606100 46915.000000 4.033534 46922.191406
1844.044400 46659.000000 4.220687 46914.585938
1845.482800 46785.000000 4.194602 46907.695312
1846.919400 46933.000000 4.157769 46901.363281
1848.356000 46502.000000 4.150929 46896.441406
1849.790800 46811.000000 4.202163 46893.582031
1851.224000 47061.000000 4.234514 46892.425781
1852.656900 46583.000000 4.391150 46893.726562
1854.089700 46878.000000 4.492286 46896.578125
1855.520800 46961.000000 4.555610 46898.578125
1856.951800 46685.000000 4.468733 46900.750000
1858.381100 46867.000000 4.335378 46903.914062
1859.808700 47067.000000 4.291541 46906.898438
1861.236300 47159.000000 4.240698 46911.886719
1862.663500 46992.000000 4.232795 46917.625000
1864.089100 46559.000000 4.133149 46926.390625
1865.514600 46865.000000 4.039288 46939.343750
1866.938500 46971.000000 4.016126 46952.332031
1868.360700 47184.000000 3.877908 46966.019531
1869.784200 47065.000000 3.806094 46980.269531
1871.204500 46939.000000 3.757487 46994.996094
1872.624600 46664.000000 3.774006 47011.332031
1874.044700 47201.000000 3.730113 47027.308594
1875.463000 47096.000000 3.699748 47043.738281
1876.881200 47031.000000 3.458945 47060.871094
1878.297700 47155.000000 3.351740 47076.464844
1879.714100 47016.000000 3.272711 47090.535156
1881.128800 47101.000000 3.158052 47099.933594
1882.541900 47389.000000 3.270325 47105.511719
1883.956200 47328.000000 3.558175 47111.718750
1885.367400 47395.000000 3.670413 47113.457031
1886.778600 47092.000000 3.608154 47114.562500
1888.189500 47678.000000 3.957770 47116.437500
