Raman_Shift Original_Spectrum Predicted_Raman Predicted_Baseline
294.894650 27541.000000 11.153894 27407.382812
297.232540 27442.000000 10.693351 27405.359375
299.568300 27381.000000 10.668485 27407.195312
301.905240 27532.000000 10.690741 27408.111328
304.238400 27437.000000 11.084842 27408.199219
306.571040 27216.000000 11.859760 27406.986328
308.903260 27564.000000 12.600831 27406.828125
311.233340 27525.000000 13.395251 27404.843750
313.562930 27304.000000 14.332547 27404.445312
315.890440 27364.000000 15.153303 27404.806641
318.215790 27286.000000 15.860120 27410.150391
320.540680 27355.000000 16.728544 27419.748047
322.865110 27345.000000 17.233938 27432.322266
325.187410 27214.000000 19.247906 27448.972656
327.509250 27486.000000 22.045929 27470.873047
329.828920 27507.000000 25.341507 27498.513672
332.148160 27482.000000 28.482477 27529.218750
334.465270 27556.000000 36.309120 27564.021484
336.781950 27587.000000 46.178501 27599.833984
339.096470 27505.000000 59.559559 27635.123047
341.408870 27619.000000 74.219704 27670.570312
343.722530 27722.000000 89.893738 27706.429688
346.032350 27897.000000 106.773056 27744.525391
348.341740 27878.000000 127.904701 27784.859375
350.650670 28004.000000 151.898666 27826.968750
352.957460 28062.000000 179.984497 27870.757812
355.263760 28166.000000 206.757812 27917.541016
357.568020 28057.000000 229.084076 27966.796875
359.871800 28243.000000 246.955444 28017.976562
362.173430 28216.000000 260.042114 28071.158203
364.474640 28444.000000 266.444000 28125.007812
366.773710 28404.000000 270.930878 28178.443359
369.072360 28225.000000 268.951111 28230.998047
371.368870 28313.000000 267.849670 28280.691406
373.664920 28321.000000 267.432281 28328.421875
375.958890 28466.000000 266.442261 28374.189453
378.252380 28631.000000 266.298157 28417.771484
380.543790 28715.000000 264.864258 28459.355469
382.834750 28794.000000 260.212189 28497.433594
385.123570 28821.000000 247.312012 28532.849609
387.411960 28692.000000 231.955780 28566.199219
389.698210 28786.000000 212.532440 28596.880859
391.984070 28982.000000 186.453903 28626.062500
394.267790 28874.000000 158.107803 28654.318359
396.551060 28871.000000 132.644012 28681.244141
398.832210 28805.000000 110.816284 28706.878906
401.112950 28979.000000 91.406525 28731.363281
403.391570 28907.000000 74.232887 28755.156250
405.669770 29037.000000 65.067856 28777.828125
407.945860 28997.000000 55.671764 28798.773438
410.221470 29053.000000 47.943855 28817.685547
412.495030 29006.000000 41.544121 28834.642578
414.768100 28914.000000 37.366318 28850.146484
417.039090 28937.000000 33.753136 28863.845703
419.309630 28923.000000 31.180017 28876.140625
421.579740 28945.000000 29.055521 28886.312500
423.846100 28814.000000 27.753031 28895.443359
426.113680 28914.000000 27.380701 28904.632812
428.377470 29064.000000 27.102564 28912.720703
430.642520 28868.000000 26.544611 28921.152344
432.905460 29033.000000 26.501629 28928.869141
435.166320 29088.000000 25.700298 28935.585938
437.426700 28987.000000 25.167759 28941.218750
439.685060 29023.000000 25.216177 28945.082031
441.942900 28991.000000 25.545193 28948.589844
444.198730 29091.000000 25.149481 28952.193359
446.454070 29034.000000 24.474575 28955.253906
448.708980 28945.000000 24.210102 28958.125000
450.961820 29076.000000 23.911690 28960.222656
453.212550 29072.000000 24.379936 28962.011719
455.462890 29009.000000 25.098700 28963.671875
457.711120 29077.000000 25.676838 28964.142578
459.958920 28912.000000 25.963863 28963.787109
462.204590 28993.000000 27.180792 28961.742188
464.449890 28990.000000 28.627268 28958.296875
466.694760 29086.000000 30.247458 28954.406250
468.937500 29040.000000 31.716705 28949.263672
471.178160 29007.000000 33.135368 28942.449219
473.418460 29011.000000 34.762352 28934.214844
475.656620 29020.000000 36.874077 28925.466797
477.894380 29079.000000 39.234730 28916.773438
480.131680 28956.000000 44.076996 28908.523438
482.366910 29068.000000 49.245895 28898.771484
484.600040 28943.000000 55.813896 28887.566406
486.832790 28940.000000 63.818642 28875.205078
489.063450 29252.000000 73.521172 28861.777344
491.293670 29000.000000 85.025497 28845.789062
493.523500 28842.000000 102.056084 28825.595703
495.751190 29064.000000 126.074196 28802.142578
497.976840 29132.000000 155.390930 28777.158203
500.202090 29018.000000 192.456390 28750.656250
502.426910 28950.000000 240.055878 28721.154297
504.649660 28841.000000 298.487122 28689.191406
506.870270 29031.000000 373.914612 28655.199219
509.090550 28887.000000 471.049561 28620.605469
511.310360 29210.000000 596.313599 28585.238281
513.528140 29116.000000 726.261719 28549.453125
515.743770 29277.000000 788.636658 28512.449219
517.959110 29142.000000 710.249512 28474.033203
520.173890 28948.000000 546.639465 28435.484375
522.386660 28735.000000 395.267029 28396.808594
524.597410 28567.000000 289.364471 28357.908203
526.807740 28460.000000 217.202805 28320.568359
529.017580 28443.000000 167.899460 28284.496094
531.225400 28376.000000 132.913589 28250.267578
533.431210 28246.000000 111.338928 28217.521484
535.636470 28198.000000 96.555412 28186.992188
537.841430 28115.000000 86.287003 28159.316406
540.044310 28263.000000 79.313858 28131.664062
542.245120 28262.000000 75.294304 28106.046875
544.445500 28277.000000 72.862747 28082.490234
546.645450 28001.000000 72.216248 28061.082031
548.843380 28176.000000 72.233307 28040.304688
551.040830 28043.000000 72.969055 28021.400391
553.236330 28141.000000 75.411392 28003.601562
555.429690 28103.000000 79.804276 27987.292969
557.622680 28069.000000 86.640793 27971.785156
559.815250 28115.000000 97.749687 27956.978516
562.005800 28148.000000 115.642372 27943.160156
564.195920 28026.000000 148.003159 27931.722656
566.383910 28159.000000 201.130447 27920.785156
568.569950 28322.000000 288.916565 27910.082031
570.755550 28442.000000 393.914307 27899.072266
572.940730 28391.000000 442.849915 27888.576172
575.123900 28311.000000 388.854919 27878.187500
577.306640 28171.000000 286.115753 27867.009766
579.487300 28162.000000 205.220169 27855.410156
581.665950 28053.000000 159.135284 27843.902344
583.844120 28103.000000 132.254700 27832.158203
586.021970 27857.000000 120.447250 27820.660156
588.197750 27920.000000 116.427696 27809.626953
590.373170 27999.000000 115.159424 27799.947266
592.546450 27900.000000 114.599350 27790.490234
594.719420 27848.000000 114.604576 27781.085938
596.890260 27894.000000 116.742165 27770.980469
599.059140 27768.000000 120.880203 27761.082031
601.229190 27754.000000 125.022484 27751.183594
603.395570 27900.000000 130.416122 27741.101562
605.561580 27717.000000 136.765900 27730.373047
607.727170 27912.000000 146.587372 27718.058594
609.890750 27879.000000 156.976135 27705.220703
612.053960 27872.000000 168.800964 27692.167969
614.215030 27837.000000 184.602371 27679.792969
616.375790 27864.000000 203.080902 27666.117188
618.534480 27761.000000 223.637085 27650.414062
620.692750 27796.000000 250.639404 27633.015625
622.849000 28117.000000 279.798645 27615.123047
625.004820 27747.000000 313.585876 27597.617188
627.158750 27910.000000 356.346558 27579.503906
629.310490 27864.000000 407.950256 27562.101562
631.463560 28081.000000 473.184479 27544.695312
633.612920 28020.000000 556.238892 27528.425781
635.763490 28057.000000 671.766602 27510.669922
637.910460 28208.000000 815.083618 27493.585938
640.058650 28424.000000 1013.689270 27476.261719
642.203190 28721.000000 1283.242310 27457.314453
644.348880 29113.000000 1659.511963 27440.576172
646.491030 29670.000000 2121.439941 27425.687500
648.634400 30026.000000 2665.395508 27412.037109
650.774050 30569.000000 3215.747070 27398.970703
652.914980 31069.000000 3644.569824 27388.398438
655.052250 31220.000000 3753.301514 27380.501953
657.190730 30856.000000 3472.337891 27374.302734
659.325620 30281.000000 2995.270752 27371.722656
661.461730 29857.000000 2481.810547 27368.613281
663.594180 29421.000000 2038.370361 27362.898438
665.727910 28996.000000 1683.552490 27353.218750
667.857910 28719.000000 1415.694580 27343.638672
669.989200 28455.000000 1201.258301 27336.951172
672.118470 28446.000000 1026.945068 27331.156250
674.245670 28182.000000 875.092651 27325.818359
676.372560 28101.000000 751.612000 27318.921875
678.497380 28049.000000 649.775574 27312.701172
680.621830 27995.000000 563.977905 27306.390625
682.744320 27742.000000 494.632172 27300.044922
684.866390 27724.000000 439.195129 27293.201172
686.986450 27639.000000 397.985107 27287.808594
689.106080 27682.000000 366.903259 27282.902344
691.223750 27632.000000 343.290039 27279.753906
693.341000 27610.000000 326.602142 27277.656250
695.457820 27555.000000 317.746277 27276.621094
697.571110 27475.000000 315.500183 27275.589844
699.685610 27565.000000 319.059418 27273.777344
701.798100 27601.000000 327.959778 27271.738281
703.908570 27850.000000 352.199005 27269.146484
706.018620 27705.000000 382.450378 27265.576172
708.126770 27508.000000 418.140320 27261.429688
710.234380 27701.000000 444.123932 27257.562500
712.340150 27713.000000 449.585632 27253.917969
714.445430 27603.000000 432.998779 27249.794922
716.550350 27626.000000 395.302948 27246.015625
718.653260 27561.000000 348.076172 27243.656250
720.754270 27628.000000 299.618958 27241.458984
722.854800 27468.000000 256.980957 27239.687500
724.953370 27435.000000 221.729980 27238.880859
727.051570 27301.000000 192.898865 27238.058594
729.149350 27390.000000 167.494415 27236.869141
731.243530 27283.000000 147.511871 27234.867188
733.338990 27499.000000 131.695206 27230.726562
735.432370 27366.000000 118.485367 27225.250000
737.523800 27428.000000 108.060669 27219.498047
739.614870 27262.000000 98.906677 27214.363281
741.705570 27163.000000 91.529984 27209.615234
743.792600 27128.000000 86.498947 27204.433594
745.880920 27055.000000 82.510727 27200.037109
747.967220 27296.000000 78.542030 27195.593750
750.051570 27130.000000 75.268967 27190.617188
752.135500 27182.000000 72.421814 27184.621094
754.219120 27213.000000 68.518318 27178.902344
756.300720 27320.000000 64.060776 27172.759766
758.380310 27108.000000 60.128368 27166.699219
760.459530 27203.000000 55.818840 27159.027344
762.538390 26982.000000 52.377129 27152.117188
764.615300 27151.000000 48.988441 27144.332031
766.690190 27281.000000 45.990864 27136.613281
768.764710 27186.000000 43.476318 27128.593750
770.838810 27110.000000 41.567909 27120.496094
772.909360 27107.000000 39.092728 27112.509766
774.981140 27059.000000 37.169212 27105.119141
777.050960 27342.000000 35.724827 27097.599609
779.120420 27260.000000 34.392914 27090.310547
781.187870 27193.000000 33.511612 27083.039062
783.253420 27184.000000 32.788101 27075.916016
785.318480 27155.000000 32.015156 27068.998047
787.383240 27153.000000 30.726238 27062.093750
789.445980 27087.000000 29.707615 27054.773438
791.506770 27051.000000 29.146297 27046.777344
793.567260 27121.000000 28.650278 27038.613281
795.627260 27086.000000 28.115482 27030.238281
797.685360 27157.000000 27.876606 27021.570312
799.741520 27050.000000 27.818592 27012.626953
801.797240 27029.000000 27.872601 27002.480469
803.852600 27160.000000 27.442022 26991.675781
805.906010 26807.000000 27.161526 26980.882812
807.959050 27107.000000 26.896313 26969.732422
810.010130 26891.000000 26.948776 26958.392578
812.059200 26964.000000 26.613277 26945.603516
814.107970 27040.000000 26.539917 26932.939453
816.156370 27115.000000 26.891373 26918.906250
818.202760 27045.000000 27.133793 26904.154297
820.247190 26937.000000 26.305588 26888.222656
822.292850 26925.000000 25.745001 26871.576172
824.335020 27008.000000 25.192753 26854.210938
826.376770 26932.000000 24.965092 26835.994141
828.418090 26932.000000 24.216728 26816.724609
830.457520 26734.000000 23.745638 26796.929688
832.496640 26969.000000 23.407272 26775.601562
834.533690 26799.000000 23.220331 26752.683594
836.568910 26527.000000 23.019394 26729.457031
838.603700 26677.000000 23.034002 26705.054688
840.638060 26749.000000 22.968985 26679.808594
842.670530 26548.000000 23.195513 26652.765625
844.702640 26602.000000 22.850624 26625.380859
846.732790 26655.000000 22.354631 26598.041016
848.762570 26671.000000 21.703526 26569.289062
850.790470 26471.000000 21.137075 26539.564453
852.816350 26563.000000 20.472498 26510.121094
854.843440 26533.000000 20.180609 26480.876953
856.867070 26592.000000 20.033747 26450.017578
858.890200 26416.000000 20.296995 26418.095703
860.913150 26371.000000 20.367121 26385.238281
862.934020 26223.000000 20.848095 26351.683594
864.954530 26228.000000 21.556572 26317.468750
866.973140 26313.000000 22.367039 26282.023438
868.991390 26071.000000 23.321970 26245.888672
871.007690 26346.000000 24.994694 26209.125000
873.023620 26091.000000 27.446951 26171.847656
875.037660 26059.000000 32.775940 26134.533203
877.051270 26273.000000 40.601341 26095.824219
879.062990 26178.000000 53.330006 26054.953125
881.074340 26080.000000 72.572861 26013.398438
883.083740 26086.000000 97.610107 25971.462891
885.092770 26168.000000 121.861839 25929.332031
887.099850 26125.000000 125.048546 25885.339844
889.104980 26004.000000 99.095177 25840.367188
891.111450 25779.000000 68.085533 25794.378906
893.114260 25699.000000 46.845055 25748.007812
895.118410 25820.000000 35.773491 25701.011719
897.119020 25815.000000 28.904016 25653.212891
899.120790 25617.000000 24.076809 25604.777344
901.119080 25702.000000 22.147305 25555.980469
903.118650 25630.000000 21.375467 25505.544922
905.114620 25487.000000 21.279009 25455.865234
907.111880 25428.000000 21.423817 25405.548828
909.107180 25226.000000 21.333431 25356.396484
911.100520 25430.000000 21.370264 25306.822266
913.093630 25099.000000 21.553919 25258.615234
915.084660 25165.000000 21.935774 25211.876953
917.075380 25163.000000 21.918629 25165.871094
919.064210 25165.000000 21.908333 25118.613281
921.052730 25030.000000 21.739229 25071.884766
923.039310 25100.000000 21.950466 25024.748047
925.025450 24947.000000 22.099468 24979.300781
927.009770 24881.000000 22.620504 24934.300781
928.993650 24929.000000 23.289196 24890.304688
930.975590 24922.000000 24.121174 24847.347656
932.957280 24740.000000 24.747681 24805.722656
934.937010 24737.000000 25.231339 24764.457031
936.916380 24789.000000 25.572514 24723.359375
938.895390 24745.000000 26.547710 24684.056641
940.870970 24686.000000 27.344944 24646.324219
942.847660 24598.000000 28.549652 24609.031250
944.822510 24580.000000 30.126358 24573.263672
946.795470 24436.000000 32.677036 24540.564453
948.768010 24545.000000 35.590225 24508.849609
950.738710 24520.000000 39.916451 24478.820312
952.708980 24387.000000 45.781631 24449.707031
954.677310 24365.000000 55.616322 24421.703125
956.645390 24535.000000 69.600937 24392.943359
958.613160 24484.000000 91.157150 24363.341797
960.578920 24437.000000 124.683350 24334.943359
962.542720 24386.000000 180.287567 24308.605469
964.506290 24584.000000 271.753662 24282.515625
966.467960 24685.000000 405.411194 24257.416016
968.429260 24892.000000 554.129761 24231.691406
970.390140 24821.000000 650.732788 24206.529297
972.347660 24802.000000 632.535034 24183.941406
974.306270 24822.000000 506.718262 24164.671875
976.263060 24516.000000 353.550476 24148.033203
978.218020 24186.000000 234.195999 24128.414062
980.172490 24261.000000 157.481354 24106.179688
982.125120 24215.000000 113.194557 24084.896484
984.077390 24315.000000 87.112534 24064.443359
986.029360 24114.000000 70.583359 24046.800781
987.979370 24087.000000 58.713013 24029.707031
989.927490 24082.000000 49.967606 24011.794922
991.875310 24014.000000 43.811317 23994.669922
993.822750 24016.000000 39.329994 23980.267578
995.768370 24166.000000 36.188187 23966.931641
997.711980 24064.000000 34.071205 23953.396484
999.655270 23852.000000 32.704185 23941.607422
1001.596700 23992.000000 31.167028 23930.876953
1003.537700 23938.000000 29.562622 23919.285156
1005.478600 23834.000000 28.563650 23907.673828
1007.417400 24030.000000 27.759714 23897.296875
1009.354300 23936.000000 27.248072 23885.556641
1011.291000 23867.000000 26.921101 23874.546875
1013.227200 23842.000000 26.194214 23863.376953
1015.161600 23948.000000 25.412107 23852.224609
1017.094100 23788.000000 24.863811 23842.017578
1019.026200 23773.000000 24.236485 23833.080078
1020.958000 23887.000000 23.773296 23824.978516
1022.888000 23633.000000 23.660812 23816.322266
1024.816000 23837.000000 23.782671 23808.697266
1026.743800 23658.000000 24.003859 23800.835938
1028.671100 23736.000000 24.658754 23794.113281
1030.596600 23919.000000 25.317736 23788.750000
1032.521700 23846.000000 26.114801 23782.402344
1034.444900 23856.000000 26.712498 23776.849609
1036.366300 23859.000000 27.736826 23771.330078
1038.287400 24077.000000 28.879608 23767.181641
1040.208100 23742.000000 30.335302 23762.701172
1042.127000 23807.000000 32.038155 23759.853516
1044.043800 23881.000000 33.551682 23757.630859
1045.960400 23809.000000 35.333511 23752.167969
1047.876700 23957.000000 38.739143 23747.019531
1049.791000 23790.000000 43.082130 23742.451172
1051.705100 23800.000000 49.565014 23738.623047
1053.617300 23925.000000 58.227226 23733.843750
1055.527600 23791.000000 70.540741 23727.195312
1057.437500 23884.000000 86.661911 23720.304688
1059.347300 24027.000000 107.204666 23713.679688
1061.255000 23992.000000 128.679642 23705.800781
1063.162500 23745.000000 151.982925 23699.908203
1065.068000 23860.000000 175.755966 23695.033203
1066.971700 23905.000000 205.649368 23688.646484
1068.875000 23754.000000 243.232391 23681.455078
1070.778100 24008.000000 287.390564 23677.009766
1072.679200 24208.000000 321.704163 23671.908203
1074.580000 23956.000000 323.254517 23666.078125
1076.479000 23947.000000 289.008881 23661.044922
1078.377600 23880.000000 237.646027 23654.759766
1080.274400 24012.000000 187.609482 23649.021484
1082.169200 23929.000000 148.507416 23642.748047
1084.065300 23751.000000 117.122292 23637.960938
1085.958000 23506.000000 94.208778 23632.642578
1087.850300 23563.000000 76.474007 23624.582031
1089.742400 23737.000000 64.144302 23616.123047
1091.632600 23614.000000 55.649261 23608.185547
1093.522500 23514.000000 49.291214 23600.902344
1095.410400 23578.000000 44.875572 23594.257812
1097.298100 23648.000000 41.671932 23588.769531
1099.183800 23681.000000 39.363182 23584.337891
1101.069300 23685.000000 37.767563 23580.373047
1102.952900 23571.000000 36.494019 23576.164062
1104.834600 23597.000000 35.314148 23572.669922
1106.717700 23633.000000 34.564571 23568.724609
1108.597200 23667.000000 33.950905 23565.390625
1110.477900 23464.000000 33.431545 23559.681641
1112.355300 23509.000000 33.132694 23554.285156
1114.232300 23457.000000 32.943459 23550.003906
1116.109100 23623.000000 32.692417 23546.949219
1117.984000 23677.000000 32.756752 23545.058594
1119.858500 23407.000000 33.530567 23544.349609
1121.731300 23451.000000 34.499859 23542.783203
1123.603600 23632.000000 35.623062 23541.484375
1125.474100 23650.000000 36.069622 23541.318359
1127.344400 23736.000000 36.528969 23541.156250
1129.212600 23582.000000 36.819809 23542.388672
1131.080700 23551.000000 37.559486 23544.253906
1132.946900 23468.000000 38.825657 23546.248047
1134.812700 23573.000000 41.211399 23549.292969
1136.676800 23534.000000 44.125065 23552.443359
1138.540400 23535.000000 47.680195 23557.330078
1140.402300 23669.000000 51.427563 23563.146484
1142.263800 23643.000000 56.553822 23569.154297
1144.123400 23684.000000 62.198006 23573.732422
1145.982800 23532.000000 69.375603 23577.123047
1147.841800 23522.000000 78.118362 23581.302734
1149.697500 23898.000000 89.990723 23588.257812
1151.554400 23772.000000 106.118423 23596.792969
1153.407800 23712.000000 128.707916 23606.904297
1155.262600 23852.000000 161.292801 23616.257812
1157.115500 24000.000000 209.441650 23625.378906
1158.966400 23823.000000 271.186096 23633.791016
1160.817100 24010.000000 326.176575 23643.287109
1162.666000 24131.000000 346.716003 23653.054688
1164.514500 24003.000000 322.072723 23662.414062
1166.361300 23851.000000 272.382263 23672.917969
1168.207600 24102.000000 225.609497 23682.615234
1170.052200 23864.000000 195.786499 23692.429688
1171.896500 23848.000000 182.148224 23702.865234
1173.740400 23857.000000 180.366241 23713.123047
1175.580900 24021.000000 189.878708 23722.871094
1177.422900 24016.000000 203.161606 23731.388672
1179.262700 24074.000000 226.530930 23741.109375
1181.100700 24026.000000 261.422638 23751.802734
1182.938600 24073.000000 311.473907 23764.080078
1184.774500 24054.000000 377.411530 23777.777344
1186.610200 24361.000000 461.967285 23792.226562
1188.444000 24317.000000 567.316040 23804.337891
1190.277500 24571.000000 694.289795 23814.662109
1192.110700 24856.000000 837.576538 23827.261719
1193.942000 24784.000000 981.952332 23840.125000
1195.771600 24999.000000 1104.233154 23851.414062
1197.600700 25022.000000 1172.728149 23862.638672
1199.428100 25011.000000 1170.405518 23874.181641
1201.255200 25112.000000 1103.816772 23884.849609
1203.082000 24929.000000 990.630859 23895.794922
1204.907000 24804.000000 851.693970 23908.273438
1206.730100 24706.000000 723.804321 23922.640625
1208.552900 24653.000000 624.504333 23936.687500
1210.373900 24534.000000 558.726807 23952.996094
1212.194600 24443.000000 522.834839 23970.130859
1214.015000 24541.000000 515.119568 23986.419922
1215.833500 24567.000000 534.891724 24001.529297
1217.650300 24709.000000 586.843872 24016.087891
1219.466700 24846.000000 679.381775 24032.861328
1221.281300 24817.000000 808.786865 24050.808594
1223.095600 25048.000000 975.250000 24067.511719
1224.909500 25392.000000 1164.487549 24085.855469
1226.721700 25562.000000 1343.426758 24105.453125
1228.532000 25513.000000 1472.622803 24125.816406
1230.342000 25660.000000 1503.623779 24147.804688
1232.151700 25584.000000 1420.426880 24170.523438
1233.959700 25482.000000 1247.210205 24193.625000
1235.765900 25299.000000 1039.402588 24216.597656
1237.571700 25091.000000 836.089233 24237.900391
1239.377100 24961.000000 671.456543 24260.001953
1241.180800 24933.000000 547.550842 24280.677734
1242.982700 24740.000000 466.499023 24301.511719
1244.784200 24737.000000 417.879944 24321.626953
1246.585300 24749.000000 392.836639 24341.466797
1248.384900 24706.000000 388.482727 24360.097656
1250.182500 24620.000000 401.943909 24377.251953
1251.979700 24747.000000 431.519592 24393.640625
1253.776900 25070.000000 485.072571 24411.658203
1255.572000 25057.000000 563.027832 24429.878906
1257.365500 25021.000000 670.397278 24448.298828
1259.160000 25303.000000 827.537720 24471.023438
1260.951300 25599.000000 1050.072388 24499.845703
1262.742300 25897.000000 1362.850708 24537.193359
1264.533100 26328.000000 1757.067383 24571.468750
1266.322000 26930.000000 2200.717041 24599.892578
1268.109000 27166.000000 2636.433105 24625.988281
1269.895800 27589.000000 2972.035889 24649.056641
1271.682400 27814.000000 3098.107910 24675.746094
1273.466900 27720.000000 2944.041992 24703.687500
1275.251500 27278.000000 2560.619629 24732.007812
1277.033900 26811.000000 2106.199951 24760.037109
1278.814700 26546.000000 1669.251587 24788.857422
1280.595200 26223.000000 1297.501831 24817.890625
1282.375400 25840.000000 1002.445923 24847.958984
1284.153800 25541.000000 780.268311 24881.136719
1285.931900 25504.000000 614.883362 24917.248047
1287.708100 25484.000000 498.096344 24955.994141
1289.482500 25473.000000 414.905853 24997.500000
1291.256800 25473.000000 357.286682 25039.343750
1293.030600 25344.000000 314.817963 25081.929688
1294.802900 25505.000000 280.911316 25123.972656
1296.574600 25533.000000 256.199158 25165.472656
1298.344600 25424.000000 237.396332 25204.906250
1300.114400 25475.000000 226.131790 25243.791016
1301.882300 25507.000000 216.802170 25282.421875
1303.648300 25422.000000 211.232254 25322.455078
1305.415800 25580.000000 210.070343 25362.638672
1307.179700 25589.000000 210.548981 25402.503906
1308.943500 25747.000000 215.084671 25442.777344
1310.707000 25716.000000 223.061279 25483.505859
1312.468600 25713.000000 235.981567 25523.369141
1314.230000 26010.000000 252.222046 25563.865234
1315.989500 25978.000000 276.224304 25604.863281
1317.748800 26078.000000 313.795288 25646.621094
1319.506200 26144.000000 368.686462 25688.683594
1321.263400 26267.000000 445.445251 25730.914062
1323.018900 26195.000000 549.648010 25773.978516
1324.774000 26422.000000 684.334656 25816.769531
1326.527300 26695.000000 848.483215 25858.773438
1328.278900 27010.000000 1032.006226 25901.792969
1330.031700 27143.000000 1216.930420 25943.777344
1331.781100 27335.000000 1360.382935 25984.628906
1333.531900 27408.000000 1404.110840 26024.701172
1335.279300 27383.000000 1323.249023 26062.902344
1337.027800 27210.000000 1152.466553 26098.210938
1338.773200 27065.000000 953.735046 26133.789062
1340.518300 26867.000000 768.647888 26168.292969
1342.263100 26960.000000 616.819458 26202.708984
1344.006000 26715.000000 498.289703 26236.048828
1345.748700 26708.000000 409.011353 26269.154297
1347.489500 26672.000000 345.313324 26300.142578
1349.230200 26442.000000 299.911835 26330.457031
1350.969100 26581.000000 267.042694 26358.664062
1352.707500 26729.000000 245.275146 26385.560547
1354.445900 26627.000000 231.003372 26410.357422
1356.180900 26711.000000 223.502106 26434.138672
1357.917000 26595.000000 221.596481 26456.019531
1359.649900 26771.000000 225.828613 26474.925781
1361.384200 26578.000000 237.214081 26492.083984
1363.115000 26770.000000 258.668793 26507.996094
1364.847000 26744.000000 291.522552 26523.566406
1366.577400 26817.000000 344.609467 26536.480469
1368.305900 26995.000000 422.292297 26547.550781
1370.034300 27041.000000 535.142151 26557.468750
1371.760600 27429.000000 687.192627 26567.113281
1373.486900 27363.000000 877.662292 26574.759766
1375.211300 27721.000000 1090.193359 26580.080078
1376.935400 27826.000000 1264.288696 26583.910156
1378.657800 27973.000000 1321.103271 26584.150391
1380.380000 27780.000000 1224.649536 26584.208984
1382.100200 27625.000000 1024.392822 26583.203125
1383.820300 27315.000000 811.634827 26582.525391
1385.540200 27246.000000 623.893188 26580.574219
1387.256500 26991.000000 477.792480 26578.798828
1388.974200 27036.000000 369.350372 26575.527344
1390.690300 26893.000000 294.928619 26571.773438
1392.404400 26893.000000 242.244629 26566.486328
1394.118400 26832.000000 205.298431 26559.656250
1395.830400 26765.000000 178.552261 26551.728516
1397.542200 26801.000000 159.544464 26542.937500
1399.252300 26740.000000 143.762070 26533.316406
1400.962200 26618.000000 132.790146 26523.326172
1402.671800 26558.000000 125.187698 26513.816406
1404.379500 26581.000000 118.855797 26503.496094
1406.085600 26549.000000 113.468552 26492.667969
1407.791300 26558.000000 109.002258 26481.126953
1409.495200 26725.000000 107.216202 26468.755859
1411.199000 26673.000000 105.315002 26456.632812
1412.902500 26703.000000 104.936867 26444.505859
1414.604000 26842.000000 104.774063 26432.513672
1416.304000 26649.000000 104.336899 26420.878906
1418.003700 26500.000000 102.975204 26409.714844
1419.701500 26561.000000 101.820587 26398.333984
1421.399000 26458.000000 101.464661 26388.458984
1423.096400 26400.000000 102.844032 26378.558594
1424.792000 26519.000000 105.228271 26368.851562
1426.485700 26324.000000 109.219070 26360.812500
1428.179300 26385.000000 113.940407 26353.458984
1429.871100 26498.000000 120.255592 26346.873047
1431.562500 26457.000000 126.583084 26340.187500
1433.253900 26513.000000 135.450897 26333.552734
1434.943400 26544.000000 146.733139 26326.833984
1436.631000 26635.000000 161.824692 26319.445312
1438.318500 26447.000000 180.339401 26311.460938
1440.005600 26394.000000 205.956879 26301.808594
1441.691000 26366.000000 237.585281 26293.078125
1443.374800 26420.000000 278.687927 26284.484375
1445.058200 26567.000000 330.064514 26276.875000
1446.741300 26677.000000 395.069366 26270.394531
1448.422900 26774.000000 479.612122 26264.587891
1450.102400 26907.000000 586.385559 26259.087891
1451.781700 26973.000000 713.455261 26253.119141
1453.460900 27168.000000 862.430176 26247.785156
1455.138200 27089.000000 1025.887451 26245.521484
1456.813800 27513.000000 1189.197510 26243.425781
1458.489100 27509.000000 1338.467773 26239.617188
1460.164300 27488.000000 1452.161377 26234.910156
1461.837600 27723.000000 1514.021729 26229.728516
1463.509200 27731.000000 1517.376465 26223.640625
1465.180500 27647.000000 1457.599121 26218.658203
1466.851600 27463.000000 1339.044189 26214.169922
1468.520900 27251.000000 1183.975708 26210.808594
1470.189900 27294.000000 1017.122253 26207.447266
1471.857200 27078.000000 860.832825 26204.373047
1473.522800 26891.000000 722.388245 26200.548828
1475.188100 26746.000000 600.930664 26197.277344
1476.853100 26593.000000 499.646240 26194.560547
1478.516500 26640.000000 415.629486 26191.089844
1480.178000 26524.000000 349.659027 26187.494141
1481.839200 26372.000000 298.009277 26185.119141
1483.500400 26464.000000 256.198700 26183.011719
1485.159700 26346.000000 227.051468 26181.337891
1486.818600 26349.000000 204.098495 26179.591797
1488.476000 26222.000000 187.435883 26176.734375
1490.131500 26243.000000 174.840515 26173.341797
1491.788300 26149.000000 165.188843 26171.550781
1493.441800 26285.000000 156.533768 26169.515625
1495.095100 26311.000000 150.836258 26167.804688
1496.748000 26268.000000 147.767136 26166.621094
1498.399400 26374.000000 146.001831 26165.091797
1500.050400 26275.000000 143.597992 26163.953125
1501.699700 26247.000000 142.796783 26163.638672
1503.347300 26499.000000 144.099915 26163.646484
1504.996100 26377.000000 144.850372 26162.962891
1506.641600 26240.000000 147.410126 26162.539062
1508.287000 26458.000000 152.544159 26162.923828
1509.932000 26362.000000 160.442612 26164.216797
1511.575300 26172.000000 169.018524 26165.402344
1513.218500 26494.000000 179.257721 26165.968750
1514.859700 26304.000000 191.254425 26166.816406
1516.500900 26412.000000 209.203857 26166.923828
1518.140300 26439.000000 231.743805 26166.003906
1519.777800 26451.000000 259.827759 26164.425781
1521.416700 26517.000000 294.494507 26163.587891
1523.052200 26702.000000 337.054871 26162.167969
1524.689200 26564.000000 387.831726 26161.417969
1526.322800 26540.000000 454.214844 26159.171875
1527.956200 26809.000000 538.172974 26158.843750
1529.589400 26672.000000 641.646973 26160.816406
1531.220800 26779.000000 766.045288 26163.632812
1532.851900 27192.000000 912.676575 26167.656250
1534.481400 27390.000000 1083.727661 26173.257812
1536.110600 27400.000000 1269.936646 26178.187500
1537.738000 27639.000000 1462.270630 26184.187500
1539.365200 27866.000000 1637.286865 26190.203125
1540.990700 27924.000000 1771.979492 26194.029297
1542.616000 27951.000000 1840.894775 26196.160156
1544.239500 27965.000000 1821.788086 26196.968750
1545.862700 27916.000000 1715.039795 26195.017578
1547.484400 27809.000000 1542.956177 26193.328125
1549.105600 27386.000000 1339.122314 26189.763672
1550.725100 27417.000000 1138.656616 26186.826172
1552.344500 27149.000000 961.045898 26182.980469
1553.962000 26705.000000 806.754395 26178.693359
1555.579300 26769.000000 676.709717 26175.289062
1557.195100 26646.000000 564.140991 26171.736328
1558.810400 26744.000000 470.523682 26167.542969
1560.424100 26530.000000 395.599091 26164.982422
1562.037500 26436.000000 336.727325 26162.841797
1563.649200 26511.000000 291.905243 26160.900391
1565.260600 26236.000000 255.428558 26159.744141
1566.870500 26371.000000 225.895477 26159.669922
1568.479900 26267.000000 200.165802 26161.619141
1570.089100 26551.000000 179.254211 26163.687500
1571.695200 26264.000000 163.140717 26166.349609
1573.302500 26237.000000 150.654099 26170.132812
1574.906500 26218.000000 140.351120 26176.570312
1576.511800 26195.000000 129.137604 26183.474609
1578.115500 26449.000000 119.228600 26189.843750
1579.717400 26315.000000 110.279892 26196.996094
1581.319100 26231.000000 103.191383 26205.152344
1582.919100 26588.000000 96.189575 26213.097656
1584.518700 26301.000000 89.429398 26220.310547
1586.116600 26254.000000 83.925407 26227.869141
1587.714500 26155.000000 79.997643 26235.441406
1589.310500 26325.000000 74.532135 26243.058594
1590.906300 26192.000000 69.489990 26250.441406
1592.501800 26275.000000 65.242096 26256.412109
1594.095700 26222.000000 61.709850 26261.861328
1595.687900 26318.000000 57.229603 26266.626953
1597.279700 26163.000000 52.593941 26272.978516
1598.869900 26233.000000 47.866222 26279.832031
1600.459700 26251.000000 43.649796 26287.175781
1602.048100 26263.000000 41.609264 26294.019531
1603.636000 26119.000000 39.606270 26301.566406
1605.223900 26373.000000 37.901333 26309.017578
1606.809800 26241.000000 36.498028 26316.718750
1608.394200 26237.000000 34.612816 26324.519531
1609.978300 26305.000000 32.821011 26332.964844
1611.560700 26215.000000 31.279118 26341.785156
1613.142900 26488.000000 30.144932 26349.730469
1614.724700 26465.000000 29.110973 26357.074219
1616.304900 26403.000000 28.246304 26364.457031
1617.883500 26432.000000 27.512676 26371.492188
1619.461800 26494.000000 26.504841 26378.744141
1621.038300 26460.000000 25.269945 26386.089844
1622.614700 26525.000000 24.067596 26393.214844
1624.190800 26432.000000 22.925358 26399.656250
1625.765300 26549.000000 21.727352 26404.691406
1627.337900 26485.000000 20.471310 26409.390625
1628.910400 26364.000000 18.822733 26413.589844
1630.482700 26480.000000 17.398739 26417.564453
1632.053200 26515.000000 16.339039 26420.580078
1633.622100 26535.000000 15.419741 26423.595703
1635.190600 26363.000000 14.843326 26427.253906
1636.759000 26580.000000 14.523341 26431.091797
1638.325700 26682.000000 14.207571 26436.076172
1639.890700 26621.000000 13.863317 26441.587891
1641.455400 26626.000000 13.658038 26446.369141
1643.019900 26527.000000 13.241915 26450.539062
1644.582800 26366.000000 12.741570 26452.755859
1646.143900 26457.000000 12.146487 26453.351562
1647.704700 26577.000000 11.717993 26451.716797
1649.265500 26527.000000 11.441582 26446.003906
1650.824500 26401.000000 11.326698 26437.886719
1652.381600 26446.000000 11.238977 26428.835938
1653.938700 26552.000000 11.293731 26418.941406
1655.495500 26354.000000 11.402856 26407.621094
1657.050700 26402.000000 11.397604 26394.412109
1658.604100 26455.000000 11.368930 26380.929688
1660.157200 26454.000000 11.323941 26366.050781
1661.710200 26584.000000 11.126293 26348.839844
1663.261500 26208.000000 11.018483 26329.126953
1664.811200 26247.000000 10.803278 26308.269531
1666.361900 26300.000000 10.562947 26286.603516
1667.909700 26338.000000 10.396512 26264.519531
1669.457200 26344.000000 10.157237 26241.574219
1671.004300 26139.000000 9.883140 26217.367188
1672.549900 26062.000000 9.629447 26192.804688
1674.093600 25993.000000 9.345624 26168.546875
1675.637300 26115.000000 9.066927 26144.287109
1677.180800 26185.000000 8.731089 26118.896484
1678.722400 26245.000000 8.630050 26091.837891
1680.263900 26065.000000 8.628073 26064.125000
1681.803700 26007.000000 8.407282 26036.494141
1683.341800 26002.000000 8.151000 26009.439453
1684.881200 25903.000000 7.988867 25982.123047
1686.417500 25957.000000 7.748981 25955.009766
1687.953400 25885.000000 7.544539 25928.533203
1689.489100 25982.000000 7.445728 25901.251953
1691.023200 25914.000000 7.351336 25873.972656
1692.557100 25854.000000 7.234058 25847.246094
1694.089200 25803.000000 6.938869 25821.390625
1695.619800 25638.000000 6.703507 25796.179688
1697.151500 25746.000000 6.593778 25770.527344
1698.680200 25610.000000 6.520641 25745.519531
1700.208500 25685.000000 6.296722 25720.304688
1701.736600 25600.000000 6.070431 25696.062500
1703.263100 25771.000000 5.720379 25671.210938
1704.789300 25689.000000 5.447443 25646.238281
1706.314000 25729.000000 5.372057 25620.566406
1707.838100 25745.000000 5.407959 25595.841797
1709.361000 25372.000000 5.574834 25571.695312
1710.883300 25479.000000 5.721702 25547.724609
1712.404100 25538.000000 5.680822 25523.839844
1713.923100 25560.000000 5.490007 25499.632812
1715.443500 25506.000000 5.310841 25475.113281
1716.960700 25329.000000 5.140593 25450.449219
1718.479100 25488.000000 4.981102 25425.156250
1719.994500 25446.000000 4.843211 25399.759766
1721.509600 25359.000000 4.800087 25374.683594
1723.024400 25254.000000 4.708179 25349.046875
1724.537600 25278.000000 4.591720 25322.179688
1726.050700 25363.000000 4.480320 25295.023438
1727.561900 25385.000000 4.404761 25267.933594
1729.073000 25330.000000 4.369110 25241.279297
1730.582400 25186.000000 4.414982 25215.396484
1732.091700 25396.000000 4.443874 25188.798828
1733.599200 25169.000000 4.622411 25162.101562
1735.106600 25170.000000 4.787525 25135.646484
1736.612100 25024.000000 4.815607 25109.443359
1738.117600 24978.000000 4.812797 25083.958984
1739.621300 25058.000000 4.842283 25059.074219
1741.125000 24790.000000 4.889245 25034.929688
1742.626800 24936.000000 4.813918 25010.404297
1744.128400 24823.000000 4.753487 24986.402344
1745.628500 25129.000000 4.676744 24963.052734
1747.128300 24956.000000 4.666142 24940.558594
1748.626300 24979.000000 4.660063 24918.412109
1750.124300 24974.000000 4.714696 24896.875000
1751.620500 24893.000000 4.894108 24875.861328
1753.116600 24813.000000 5.101099 24856.302734
1754.612400 24803.000000 5.205604 24838.230469
1756.105100 24995.000000 5.208671 24819.839844
1757.599100 24902.000000 5.127711 24801.261719
1759.091300 24781.000000 5.035956 24783.335938
1760.582000 24865.000000 4.943495 24765.332031
1762.072400 24834.000000 4.953056 24747.548828
1763.561000 24693.000000 4.898215 24730.433594
1765.049600 24526.000000 4.806903 24713.175781
1766.536500 24739.000000 4.669878 24694.429688
1768.023200 24559.000000 4.590710 24676.738281
1769.508100 24545.000000 4.563639 24659.236328
1770.992900 24601.000000 4.561586 24641.570312
1772.477500 24683.000000 4.464853 24623.625000
1773.959000 24719.000000 4.361057 24606.595703
1775.441700 24565.000000 4.187626 24590.244141
1776.922700 24525.000000 4.065844 24574.847656
1778.402100 24695.000000 4.031220 24558.839844
1779.881300 24618.000000 4.106593 24542.822266
1781.358900 24510.000000 4.194567 24526.646484
1782.836200 24463.000000 4.284976 24511.642578
1784.311900 24497.000000 4.240080 24495.988281
1785.787400 24460.000000 4.115451 24481.126953
1787.262600 24362.000000 4.065145 24467.025391
1788.736200 24578.000000 4.015926 24451.919922
1790.208300 24497.000000 3.990408 24436.636719
1791.679800 24559.000000 4.006233 24420.884766
1793.150000 24454.000000 4.084755 24406.074219
1794.619900 24415.000000 4.141568 24393.011719
1796.089600 24405.000000 4.196936 24380.611328
1797.557600 24312.000000 4.238454 24367.835938
1799.023900 24230.000000 4.314302 24354.007812
1800.490100 24417.000000 4.346692 24338.679688
1801.954600 24209.000000 4.350675 24324.060547
1803.418900 24355.000000 4.292064 24309.367188
1804.883100 24169.000000 4.192087 24296.626953
1806.345500 24371.000000 4.063936 24285.048828
1807.806400 24292.000000 4.028700 24273.925781
1809.266800 24266.000000 4.025832 24263.132812
1810.727400 24083.000000 4.054744 24253.076172
1812.186000 24244.000000 4.053472 24242.980469
1813.643300 24309.000000 4.052645 24232.623047
1815.100100 24322.000000 4.074832 24221.900391
1816.556800 24151.000000 4.088714 24213.052734
1818.010400 24132.000000 4.028755 24204.835938
1819.465300 24254.000000 3.969739 24196.394531
1820.918500 24238.000000 3.939735 24187.443359
1822.370100 24159.000000 3.849062 24179.093750
1823.821400 24191.000000 3.769070 24172.128906
1825.272600 24241.000000 3.624498 24165.605469
1826.722200 24074.000000 3.520341 24159.882812
1828.169900 24036.000000 3.385675 24154.781250
1829.617600 24086.000000 3.252928 24149.335938
1831.065200 24162.000000 3.118517 24143.835938
1832.511000 24135.000000 3.005596 24138.105469
1833.956500 24192.000000 2.863139 24132.839844
1835.400500 24226.000000 2.810656 24128.421875
1836.842900 24315.000000 2.780818 24124.320312
1838.285200 24034.000000 2.877515 24121.236328
1839.727100 24099.000000 3.065719 24118.748047
1841.167400 24085.000000 3.316164 24114.599609
1842.606100 23995.000000 3.446490 24109.296875
1844.044400 24002.000000 3.596793 24104.246094
1845.482800 23957.000000 3.764423 24099.148438
1846.919400 23986.000000 3.917403 24095.218750
1848.356000 23908.000000 4.003306 24092.361328
1849.790800 24052.000000 4.148757 24089.441406
1851.224000 24238.000000 4.207202 24085.953125
1852.656900 23815.000000 4.076349 24083.964844
1854.089700 24113.000000 3.876844 24083.845703
1855.520800 24147.000000 3.775857 24084.261719
1856.951800 24085.000000 3.608741 24084.634766
1858.381100 24053.000000 3.459143 24087.177734
1859.808700 24158.000000 3.284304 24091.677734
1861.236300 24190.000000 3.252165 24096.007812
1862.663500 24080.000000 3.299499 24100.517578
1864.089100 23947.000000 3.309847 24105.781250
1865.514600 24145.000000 3.222264 24110.697266
1866.938500 24095.000000 3.120019 24115.519531
1868.360700 24162.000000 3.079556 24120.414062
1869.784200 24202.000000 3.226667 24125.460938
1871.204500 24072.000000 3.307583 24130.093750
1872.624600 24020.000000 3.357303 24135.144531
1874.044700 24144.000000 3.224966 24139.712891
1875.463000 24151.000000 3.053068 24142.798828
1876.881200 24246.000000 2.981505 24145.025391
1878.297700 24163.000000 3.066612 24146.226562
1879.714100 24054.000000 3.167010 24146.912109
1881.128800 24076.000000 3.147437 24146.560547
1882.541900 24230.000000 3.076918 24145.798828
1883.956200 24317.000000 3.012033 24144.257812
1885.367400 24228.000000 3.000941 24144.115234
1886.778600 24270.000000 2.940961 24143.968750
1888.189500 24396.000000 2.684906 24143.238281
