Raman_Shift Original_Spectrum Predicted_Raman Predicted_Baseline
294.894650 55086.000000 46.215984 54881.937500
297.232540 55030.000000 45.974205 54880.210938
299.568300 54934.000000 47.557755 54882.585938
301.905240 55049.000000 49.325924 54886.234375
304.238400 54913.000000 53.685646 54888.613281
306.571040 54754.000000 59.361237 54886.972656
308.903260 55404.000000 65.312126 54886.632812
311.233340 55366.000000 71.182838 54884.710938
313.562930 54967.000000 76.369255 54883.753906
315.890440 55124.000000 84.923973 54887.675781
318.215790 54796.000000 92.500633 54898.507812
320.540680 54723.000000 102.102798 54917.601562
322.865110 54811.000000 112.350609 54942.742188
325.187410 54574.000000 126.601212 54974.312500
327.509250 55160.000000 144.574112 55016.902344
329.828920 55209.000000 163.467697 55074.132812
332.148160 55246.000000 182.195770 55136.566406
334.465270 55396.000000 214.739914 55203.683594
336.781950 55327.000000 248.804489 55270.625000
339.096470 55359.000000 287.235260 55336.070312
341.408870 55622.000000 330.310303 55404.371094
343.722530 55583.000000 372.412659 55477.230469
346.032350 56031.000000 420.459320 55552.964844
348.341740 55885.000000 474.800964 55629.750000
350.650670 56303.000000 533.754700 55707.804688
352.957460 56425.000000 594.117920 55788.132812
355.263760 56645.000000 652.921692 55872.476562
357.568020 56487.000000 707.128296 55960.367188
359.871800 56774.000000 754.277161 56050.082031
362.173430 56868.000000 793.415344 56144.035156
364.474640 57259.000000 832.275574 56242.125000
366.773710 57203.000000 869.872070 56343.109375
369.072360 56940.000000 903.498657 56444.546875
371.368870 57096.000000 939.750488 56546.214844
373.664920 57462.000000 978.080444 56648.812500
375.958890 57712.000000 1012.100403 56751.429688
378.252380 57948.000000 1046.463257 56849.257812
380.543790 58016.000000 1078.127197 56942.199219
382.834750 58142.000000 1102.940308 57029.632812
385.123570 58297.000000 1108.347412 57112.703125
387.411960 58386.000000 1091.884888 57191.636719
389.698210 58522.000000 1049.839844 57264.687500
391.984070 58486.000000 989.576843 57335.097656
394.267790 58355.000000 912.529663 57403.273438
396.551060 58187.000000 828.669800 57470.812500
398.832210 58446.000000 744.703369 57535.996094
401.112950 58386.000000 669.210327 57597.546875
403.391570 58624.000000 595.426392 57654.761719
405.669770 58426.000000 535.482239 57708.515625
407.945860 58747.000000 482.039154 57758.851562
410.221470 58414.000000 434.370453 57804.218750
412.495030 58474.000000 389.577026 57845.207031
414.768100 58483.000000 348.753784 57882.273438
417.039090 58397.000000 311.011047 57915.656250
419.309630 58186.000000 277.725647 57943.554688
421.579740 58253.000000 250.104172 57965.953125
423.846100 58262.000000 227.918793 57986.964844
426.113680 58175.000000 210.162598 58006.617188
428.377470 58468.000000 194.102539 58024.625000
430.642520 58167.000000 180.271317 58041.066406
432.905460 58529.000000 169.226929 58054.648438
435.166320 58323.000000 158.714447 58066.253906
437.426700 58329.000000 150.345490 58074.382812
439.685060 58314.000000 143.491287 58079.695312
441.942900 58094.000000 139.865875 58082.929688
444.198730 58483.000000 134.509949 58085.039062
446.454070 58378.000000 130.540787 58084.761719
448.708980 58439.000000 127.645836 58081.636719
450.961820 58459.000000 125.298340 58077.882812
453.212550 58231.000000 123.970200 58073.664062
455.462890 58211.000000 122.883423 58067.687500
457.711120 58466.000000 122.361732 58059.296875
459.958920 58339.000000 123.917992 58049.988281
462.204590 58429.000000 129.272736 58039.246094
464.449890 58161.000000 135.801605 58026.804688
466.694760 58407.000000 142.825943 58013.812500
468.937500 58193.000000 149.487839 58000.117188
471.178160 58225.000000 160.526398 57985.441406
473.418460 58318.000000 171.898712 57968.351562
475.656620 58234.000000 187.631744 57946.765625
477.894380 58418.000000 208.497589 57922.851562
480.131680 58156.000000 234.910599 57896.597656
482.366910 58155.000000 262.316498 57867.042969
484.600040 58341.000000 293.322449 57835.183594
486.832790 58296.000000 328.762970 57799.367188
489.063450 58660.000000 371.258484 57758.273438
491.293670 58336.000000 417.571686 57709.390625
493.523500 58141.000000 469.178864 57653.738281
495.751190 58145.000000 521.418457 57595.476562
497.976840 58259.000000 578.485901 57534.519531
500.202090 58115.000000 632.915894 57471.363281
502.426910 58013.000000 681.148010 57405.546875
504.649660 57957.000000 712.012634 57337.632812
506.870270 58167.000000 725.142700 57268.308594
509.090550 57553.000000 718.068420 57195.648438
511.310360 57642.000000 694.463440 57119.105469
513.528140 57942.000000 655.002075 57042.523438
515.743770 57519.000000 602.002197 56965.390625
517.959110 57369.000000 544.584656 56884.570312
520.173890 57359.000000 487.877014 56803.285156
522.386660 57062.000000 432.488678 56720.687500
524.597410 56781.000000 384.189545 56637.523438
526.807740 56609.000000 341.515747 56557.488281
529.017580 56723.000000 301.189453 56480.398438
531.225400 56722.000000 260.436707 56404.375000
533.431210 56527.000000 225.398880 56329.023438
535.636470 56368.000000 196.081909 56257.296875
537.841430 56200.000000 173.095139 56189.097656
540.044310 56279.000000 152.812820 56124.562500
542.245120 56444.000000 135.519073 56063.421875
544.445500 56312.000000 117.167297 56008.507812
546.645450 56017.000000 96.469620 55960.410156
548.843380 55838.000000 91.253624 55914.562500
551.040830 56168.000000 86.641075 55870.382812
553.236330 55962.000000 83.330505 55829.523438
555.429690 56113.000000 82.168472 55793.546875
557.622680 55967.000000 82.508278 55761.777344
559.815250 55886.000000 83.453171 55733.789062
562.005800 56121.000000 84.395554 55708.093750
564.195920 55494.000000 85.499741 55684.152344
566.383910 55756.000000 84.994156 55659.074219
568.569950 56039.000000 84.525612 55633.742188
570.755550 56102.000000 83.989441 55610.085938
572.940730 56017.000000 83.953537 55587.769531
575.123900 55862.000000 86.442360 55566.402344
577.306640 55793.000000 89.019539 55545.742188
579.487300 55802.000000 91.804642 55523.562500
581.665950 55461.000000 96.464073 55499.500000
583.844120 55795.000000 98.944382 55474.976562
586.021970 55594.000000 100.972763 55449.515625
588.197750 55556.000000 102.742630 55424.527344
590.373170 55733.000000 105.356163 55400.347656
592.546450 55778.000000 108.914101 55374.179688
594.719420 55343.000000 112.058899 55346.687500
596.890260 55706.000000 115.840347 55320.671875
599.059140 55220.000000 122.003700 55295.734375
601.229190 55147.000000 126.875999 55272.539062
603.395570 55331.000000 135.516251 55251.492188
605.561580 55289.000000 144.375778 55228.507812
607.727170 55595.000000 155.039551 55204.062500
609.890750 55389.000000 166.415359 55179.296875
612.053960 55572.000000 176.954865 55153.242188
614.215030 55379.000000 191.569229 55127.359375
616.375790 55574.000000 207.589020 55101.593750
618.534480 55210.000000 224.420975 55075.144531
620.692750 55178.000000 246.996429 55047.925781
622.849000 55482.000000 271.756195 55018.906250
625.004820 54966.000000 301.744812 54987.609375
627.158750 55268.000000 339.378387 54954.761719
629.310490 55383.000000 387.061615 54921.218750
631.463560 55469.000000 448.033356 54887.375000
633.612920 55087.000000 530.031311 54853.039062
635.763490 55376.000000 640.231384 54817.863281
637.910460 55456.000000 783.327820 54781.632812
640.058650 55522.000000 974.217651 54742.390625
642.203190 56029.000000 1232.077759 54702.015625
644.348880 56080.000000 1577.477661 54663.109375
646.491030 56688.000000 2001.282959 54625.531250
648.634400 57123.000000 2501.866699 54590.437500
650.774050 57530.000000 3023.368408 54558.390625
652.914980 57982.000000 3501.614014 54529.601562
655.052250 58415.000000 3705.754395 54502.578125
657.190730 57986.000000 3513.223389 54478.210938
659.325620 57202.000000 3066.552002 54456.136719
661.461730 57073.000000 2587.793945 54437.726562
663.594180 56647.000000 2156.467285 54418.199219
665.727910 56104.000000 1791.966797 54399.960938
667.857910 55896.000000 1499.396484 54382.808594
669.989200 55394.000000 1263.225830 54367.824219
672.118470 55509.000000 1071.047119 54355.320312
674.245670 55199.000000 907.383484 54342.375000
676.372560 55089.000000 774.592957 54327.453125
678.497380 55121.000000 666.275513 54315.031250
680.621830 54999.000000 572.478577 54303.132812
682.744320 54647.000000 494.723938 54290.289062
684.866390 54554.000000 429.593323 54278.019531
686.986450 54595.000000 376.080719 54263.816406
689.106080 54479.000000 335.764801 54247.898438
691.223750 54326.000000 302.563263 54233.238281
693.341000 54310.000000 272.155731 54218.351562
695.457820 54243.000000 246.772827 54202.929688
697.571110 54209.000000 223.623825 54186.550781
699.685610 54072.000000 204.359192 54168.671875
701.798100 54304.000000 188.327911 54148.804688
703.908570 54473.000000 173.492676 54129.664062
706.018620 54458.000000 160.066956 54110.597656
708.126770 54113.000000 149.047424 54092.902344
710.234380 54362.000000 138.209396 54075.265625
712.340150 54096.000000 127.540955 54056.972656
714.445430 54221.000000 118.611610 54038.859375
716.550350 53959.000000 110.218834 54021.027344
718.653260 54167.000000 101.497681 54003.699219
720.754270 54155.000000 95.634369 53986.578125
722.854800 54133.000000 90.631439 53969.875000
724.953370 54004.000000 86.232285 53955.113281
727.051570 54030.000000 81.536240 53942.042969
729.149350 53838.000000 76.797791 53929.042969
731.243530 54034.000000 72.745361 53916.460938
733.338990 54018.000000 68.271187 53902.652344
735.432370 54079.000000 63.491295 53887.289062
737.523800 53985.000000 61.509247 53871.476562
739.614870 53991.000000 58.103142 53854.859375
741.705570 53620.000000 54.641685 53839.105469
743.792600 53738.000000 51.796288 53824.222656
745.880920 53543.000000 49.906044 53809.117188
747.967220 53910.000000 47.759941 53793.996094
750.051570 53762.000000 45.447960 53779.375000
752.135500 53809.000000 42.444672 53765.265625
754.219120 53833.000000 41.547489 53751.539062
756.300720 53858.000000 40.766899 53736.957031
758.380310 53734.000000 40.239475 53721.125000
760.459530 53802.000000 39.508446 53703.960938
762.538390 53283.000000 38.559910 53686.214844
764.615300 53837.000000 37.511478 53668.351562
766.690190 53785.000000 36.523922 53649.945312
768.764710 53708.000000 35.631149 53630.363281
770.838810 53788.000000 34.774673 53611.550781
772.909360 53613.000000 33.957668 53592.578125
774.981140 53572.000000 33.261223 53573.914062
777.050960 53822.000000 33.133595 53555.117188
779.120420 53592.000000 33.161381 53536.343750
781.187870 53860.000000 33.382668 53517.996094
783.253420 53637.000000 33.553337 53498.769531
785.318480 53551.000000 33.725239 53478.910156
787.383240 53740.000000 33.276894 53459.070312
789.445980 53355.000000 33.307072 53438.046875
791.506770 53262.000000 33.528122 53417.312500
793.567260 53538.000000 34.178753 53395.789062
795.627260 53635.000000 34.793159 53372.410156
797.685360 53555.000000 35.465706 53347.734375
799.741520 53214.000000 35.998398 53322.214844
801.797240 53451.000000 36.487053 53295.632812
803.852600 53597.000000 36.878281 53268.703125
805.906010 52820.000000 36.953896 53240.464844
807.959050 53270.000000 37.008076 53212.371094
810.010130 53023.000000 37.907543 53181.054688
812.059200 52989.000000 38.509651 53147.738281
814.107970 53433.000000 38.857979 53112.035156
816.156370 53191.000000 39.451221 53073.656250
818.202760 53189.000000 39.880512 53033.113281
820.247190 53018.000000 39.981167 52991.359375
822.292850 53036.000000 40.073662 52949.628906
824.335020 52937.000000 40.393372 52904.804688
826.376770 53098.000000 41.412617 52856.675781
828.418090 52761.000000 42.580452 52807.792969
830.457520 52611.000000 43.449375 52758.480469
832.496640 52869.000000 44.509975 52709.894531
834.533690 52782.000000 46.123684 52660.949219
836.568910 52388.000000 47.644341 52610.500000
838.603700 52699.000000 49.160683 52559.511719
840.638060 52595.000000 50.658165 52507.785156
842.670530 52330.000000 53.116280 52455.839844
844.702640 52360.000000 55.215595 52401.847656
846.732790 52348.000000 57.727562 52345.707031
848.762570 52541.000000 60.752869 52286.894531
850.790470 52217.000000 64.073555 52226.011719
852.816350 52385.000000 68.166527 52164.316406
854.843440 52013.000000 74.288048 52100.714844
856.867070 52366.000000 81.015800 52036.011719
858.890200 52201.000000 89.350021 51969.125000
860.913150 52223.000000 100.045670 51901.519531
862.934020 51910.000000 113.399124 51832.214844
864.954530 51833.000000 128.508209 51760.957031
866.973140 51877.000000 146.789398 51689.050781
868.991390 51478.000000 169.087845 51615.160156
871.007690 52139.000000 196.525726 51541.253906
873.023620 51772.000000 230.886505 51467.464844
875.037660 51429.000000 275.527344 51394.093750
877.051270 51845.000000 331.617859 51319.078125
879.062990 51772.000000 397.771912 51242.464844
881.074340 51745.000000 471.925873 51164.132812
883.083740 51762.000000 544.997925 51084.570312
885.092770 51759.000000 603.694458 51005.253906
887.099850 51705.000000 636.356567 50926.742188
889.104980 51740.000000 641.889954 50844.613281
891.111450 51082.000000 621.792114 50759.328125
893.114260 51155.000000 578.045837 50672.015625
895.118410 51140.000000 522.892090 50582.761719
897.119020 51123.000000 459.348328 50491.660156
899.120790 50975.000000 394.442383 50399.136719
901.119080 50866.000000 335.756226 50307.281250
903.118650 50581.000000 282.653534 50215.707031
905.114620 50334.000000 236.829514 50124.742188
907.111880 50346.000000 198.822037 50033.871094
909.107180 50051.000000 169.090652 49942.585938
911.100520 50156.000000 146.544632 49851.312500
913.093630 49836.000000 129.935379 49760.667969
915.084660 49821.000000 117.613632 49671.781250
917.075380 49697.000000 109.607666 49581.167969
919.064210 49673.000000 109.165527 49488.585938
921.052730 49320.000000 111.581276 49393.484375
923.039310 49581.000000 113.442871 49296.351562
925.025450 49360.000000 113.410873 49201.011719
927.009770 49142.000000 113.179703 49107.886719
928.993650 49143.000000 113.272110 49016.343750
930.975590 49276.000000 114.925156 48927.125000
932.957280 49010.000000 119.943825 48838.984375
934.937010 49138.000000 119.734352 48752.472656
936.916380 48979.000000 120.156044 48669.167969
938.895390 48772.000000 122.622177 48590.699219
940.870970 48559.000000 127.637329 48514.332031
942.847660 48575.000000 134.182144 48440.957031
944.822510 48490.000000 141.771713 48372.851562
946.795470 48377.000000 152.865936 48309.921875
948.768010 48323.000000 165.394257 48249.683594
950.738710 48326.000000 183.843536 48192.097656
952.708980 48247.000000 204.060638 48135.949219
954.677310 48444.000000 226.643021 48081.433594
956.645390 48373.000000 251.982147 48027.917969
958.613160 48511.000000 280.340118 47974.910156
960.578920 48263.000000 312.628143 47922.542969
962.542720 48291.000000 347.702179 47869.824219
964.506290 48320.000000 385.001923 47818.937500
966.467960 48276.000000 420.640961 47769.527344
968.429260 48458.000000 455.429352 47720.503906
970.390140 48351.000000 492.985352 47672.148438
972.347660 48293.000000 531.233032 47625.445312
974.306270 48350.000000 567.300049 47580.281250
976.263060 48203.000000 598.061401 47536.835938
978.218020 47955.000000 623.060059 47496.769531
980.172490 47813.000000 634.143372 47460.894531
982.125120 48222.000000 634.495117 47428.777344
984.077390 48377.000000 621.516113 47397.691406
986.029360 47949.000000 596.761719 47368.558594
987.979370 48049.000000 560.228821 47339.578125
989.927490 47958.000000 517.270203 47312.398438
991.875310 47687.000000 469.083832 47287.511719
993.822750 47814.000000 420.063324 47263.398438
995.768370 47723.000000 374.846741 47238.265625
997.711980 47554.000000 333.768494 47213.937500
999.655270 47277.000000 298.993713 47191.285156
1001.596700 47445.000000 268.051056 47168.796875
1003.537700 47447.000000 239.718094 47146.351562
1005.478600 47182.000000 214.156815 47124.777344
1007.417400 47367.000000 191.717575 47104.597656
1009.354300 47464.000000 171.614899 47084.984375
1011.291000 47184.000000 155.314941 47065.863281
1013.227200 47116.000000 142.486252 47046.332031
1015.161600 47364.000000 130.669662 47028.039062
1017.094100 47025.000000 120.822227 47012.093750
1019.026200 47132.000000 113.991982 46997.968750
1020.958000 47181.000000 108.443932 46984.093750
1022.888000 46850.000000 104.015121 46971.222656
1024.816000 46925.000000 100.924332 46959.191406
1026.743800 46776.000000 98.780472 46947.445312
1028.671100 46971.000000 98.279076 46937.304688
1030.596600 47070.000000 97.663132 46927.296875
1032.521700 46895.000000 97.822723 46918.781250
1034.444900 47155.000000 98.343201 46911.648438
1036.366300 47056.000000 100.032112 46903.425781
1038.287400 47307.000000 101.411125 46895.726562
1040.208100 47116.000000 103.686607 46886.792969
1042.127000 46808.000000 105.434120 46878.496094
1044.043800 46918.000000 108.419968 46871.128906
1045.960400 47087.000000 111.834427 46862.132812
1047.876700 47116.000000 117.490677 46851.832031
1049.791000 46861.000000 125.812363 46841.464844
1051.705100 47022.000000 138.151184 46831.906250
1053.617300 47200.000000 154.321564 46821.851562
1055.527600 46918.000000 176.496002 46811.414062
1057.437500 46915.000000 209.987671 46802.230469
1059.347300 47322.000000 258.562317 46790.679688
1061.255000 47293.000000 332.826935 46778.949219
1063.162500 47071.000000 447.995667 46768.152344
1065.068000 47277.000000 627.749451 46755.632812
1066.971700 47633.000000 893.729675 46740.933594
1068.875000 48001.000000 1249.985840 46725.558594
1070.778100 48432.000000 1622.329224 46710.507812
1072.679200 48585.000000 1800.804688 46693.007812
1074.580000 48203.000000 1642.392822 46674.210938
1076.479000 47888.000000 1284.649048 46654.800781
1078.377600 47546.000000 939.006470 46632.929688
1080.274400 47496.000000 673.761902 46610.933594
1082.169200 47416.000000 483.771240 46588.585938
1084.065300 46939.000000 356.424316 46570.000000
1085.958000 46667.000000 267.307495 46553.218750
1087.850300 46581.000000 208.436935 46537.472656
1089.742400 46872.000000 170.819458 46521.050781
1091.632600 46649.000000 144.279938 46507.382812
1093.522500 46483.000000 124.561508 46495.554688
1095.410400 46343.000000 110.461082 46484.921875
1097.298100 46622.000000 99.375267 46475.179688
1099.183800 46522.000000 90.173660 46466.492188
1101.069300 46726.000000 83.357742 46459.078125
1102.952900 46331.000000 78.045135 46451.687500
1104.834600 46433.000000 72.987709 46445.578125
1106.717700 46650.000000 68.569237 46441.332031
1108.597200 46533.000000 64.700851 46440.347656
1110.477900 46339.000000 60.809731 46440.140625
1112.355300 46300.000000 57.247753 46439.601562
1114.232300 46319.000000 53.999519 46440.839844
1116.109100 46514.000000 50.974266 46442.636719
1117.984000 46503.000000 49.389187 46444.636719
1119.858500 45920.000000 48.526802 46446.195312
1121.731300 46284.000000 48.164787 46446.921875
1123.603600 46436.000000 48.160484 46448.421875
1125.474100 46586.000000 47.590332 46449.167969
1127.344400 46701.000000 47.335808 46449.226562
1129.212600 46461.000000 46.868950 46451.644531
1131.080700 46452.000000 46.599140 46456.316406
1132.946900 46353.000000 46.931084 46465.148438
1134.812700 46432.000000 49.018829 46476.460938
1136.676800 46330.000000 51.565392 46485.359375
1138.540400 46243.000000 54.111687 46494.035156
1140.402300 46750.000000 56.524189 46503.550781
1142.263800 46493.000000 59.848042 46514.460938
1144.123400 46652.000000 63.592499 46524.593750
1145.982800 46461.000000 67.559967 46532.683594
1147.841800 46281.000000 71.204102 46540.636719
1149.697500 46914.000000 74.711555 46549.664062
1151.554400 46707.000000 78.641663 46559.695312
1153.407800 46518.000000 83.678497 46573.414062
1155.262600 46668.000000 89.807785 46588.496094
1157.115500 46959.000000 99.026001 46605.296875
1158.966400 46796.000000 109.002159 46621.847656
1160.817100 46877.000000 121.733681 46638.191406
1162.666000 47019.000000 134.532806 46653.152344
1164.514500 47004.000000 147.330994 46668.531250
1166.361300 46957.000000 158.413712 46684.769531
1168.207600 47256.000000 165.430023 46699.785156
1170.052200 46824.000000 169.017212 46714.691406
1171.896500 46823.000000 172.086853 46728.472656
1173.740400 46959.000000 175.853439 46744.109375
1175.580900 47026.000000 185.132477 46762.566406
1177.422900 47115.000000 201.313278 46781.296875
1179.262700 47187.000000 225.107620 46799.906250
1181.100700 46933.000000 256.287750 46818.406250
1182.938600 47071.000000 297.474060 46837.371094
1184.774500 47041.000000 350.644012 46857.406250
1186.610200 47466.000000 420.122650 46879.546875
1188.444000 47046.000000 508.015472 46899.273438
1190.277500 47587.000000 607.800537 46916.152344
1192.110700 47886.000000 719.255920 46933.773438
1193.942000 47928.000000 837.341797 46953.382812
1195.771600 47907.000000 944.442017 46973.003906
1197.600700 48002.000000 1017.332886 46992.117188
1199.428100 47982.000000 1027.539917 47011.515625
1201.255200 48094.000000 978.607727 47031.523438
1203.082000 48200.000000 879.843384 47051.558594
1204.907000 47875.000000 756.193542 47073.542969
1206.730100 47804.000000 642.056030 47098.550781
1208.552900 47892.000000 553.973145 47126.476562
1210.373900 47817.000000 494.386658 47155.410156
1212.194600 47706.000000 463.217773 47182.285156
1214.015000 47745.000000 455.020660 47207.324219
1215.833500 47557.000000 473.907318 47230.890625
1217.650300 47814.000000 526.745544 47256.671875
1219.466700 48032.000000 616.663757 47283.285156
1221.281300 48033.000000 756.319885 47311.964844
1223.095600 48552.000000 948.941711 47342.304688
1224.909500 48661.000000 1172.968506 47374.062500
1226.721700 48888.000000 1370.304810 47405.406250
1228.532000 48806.000000 1462.274292 47437.285156
1230.342000 48992.000000 1407.929565 47468.730469
1232.151700 48670.000000 1239.604980 47500.355469
1233.959700 48650.000000 1023.699707 47530.824219
1235.765900 48563.000000 818.407715 47563.386719
1237.571700 48249.000000 648.531860 47599.542969
1239.377100 48387.000000 525.114624 47638.265625
1241.180800 48288.000000 441.308044 47677.648438
1242.982700 48011.000000 391.876038 47714.753906
1244.784200 48142.000000 368.174164 47748.867188
1246.585300 48250.000000 364.638489 47781.289062
1248.384900 47908.000000 376.539246 47810.023438
1250.182500 48044.000000 398.938232 47838.671875
1251.979700 48453.000000 437.589355 47868.714844
1253.776900 48642.000000 500.073914 47902.054688
1255.572000 48740.000000 588.748901 47937.464844
1257.365500 48538.000000 710.380249 47974.035156
1259.160000 48826.000000 877.349487 48014.242188
1260.951300 49237.000000 1101.905762 48061.792969
1262.742300 49419.000000 1402.690186 48114.796875
1264.533100 50077.000000 1777.756592 48171.117188
1266.322000 50673.000000 2209.199463 48227.437500
1268.109000 50698.000000 2640.105713 48280.179688
1269.895800 51341.000000 2981.639648 48331.605469
1271.682400 51527.000000 3127.832031 48378.140625
1273.466900 51569.000000 3006.110840 48420.093750
1275.251500 51077.000000 2678.452393 48462.648438
1277.033900 50684.000000 2259.632324 48504.859375
1278.814700 50555.000000 1843.039795 48552.750000
1280.595200 50422.000000 1469.324463 48604.535156
1282.375400 49644.000000 1155.599365 48658.585938
1284.153800 49413.000000 911.267456 48716.144531
1285.931900 49553.000000 723.152893 48775.308594
1287.708100 49607.000000 585.302917 48834.910156
1289.482500 49330.000000 484.748474 48898.726562
1291.256800 49654.000000 411.345398 48963.980469
1293.030600 49356.000000 359.137360 49029.210938
1294.802900 49456.000000 315.324768 49094.445312
1296.574600 49788.000000 283.742004 49161.320312
1298.344600 49414.000000 259.547150 49228.437500
1300.114400 49269.000000 244.058990 49297.570312
1301.882300 49476.000000 235.997360 49367.796875
1303.648300 49647.000000 231.437088 49441.300781
1305.415800 49929.000000 230.287323 49515.101562
1307.179700 49830.000000 230.712555 49588.882812
1308.943500 50109.000000 235.966873 49662.250000
1310.707000 49956.000000 245.846481 49736.550781
1312.468600 50051.000000 258.171448 49811.546875
1314.230000 50385.000000 274.453461 49887.218750
1315.989500 50228.000000 298.001678 49962.183594
1317.748800 50512.000000 333.825195 50036.144531
1319.506200 50576.000000 388.223999 50109.304688
1321.263400 50877.000000 463.907776 50182.500000
1323.018900 50597.000000 567.042358 50255.609375
1324.774000 51068.000000 701.827332 50329.414062
1326.527300 51300.000000 865.440125 50401.644531
1328.278900 51698.000000 1053.681519 50473.429688
1330.031700 51756.000000 1252.545166 50544.515625
1331.781100 52164.000000 1405.584106 50616.812500
1333.531900 52256.000000 1450.836304 50690.515625
1335.279300 52131.000000 1366.887451 50764.527344
1337.027800 52071.000000 1192.104736 50837.523438
1338.773200 51990.000000 994.771179 50907.781250
1340.518300 51701.000000 812.110474 50974.867188
1342.263100 51948.000000 663.830261 51039.855469
1344.006000 51494.000000 544.132080 51101.320312
1345.748700 51890.000000 450.296204 51162.410156
1347.489500 51694.000000 378.480133 51221.582031
1349.230200 51532.000000 324.707947 51279.769531
1350.969100 51554.000000 283.781281 51336.351562
1352.707500 51962.000000 258.333679 51391.136719
1354.445900 51807.000000 241.299072 51444.382812
1356.180900 51728.000000 230.225784 51494.718750
1357.917000 51535.000000 225.591476 51540.687500
1359.649900 51743.000000 227.195023 51579.351562
1361.384200 51747.000000 231.447540 51611.429688
1363.115000 51950.000000 246.211594 51640.480469
1364.847000 51862.000000 271.889740 51666.281250
1366.577400 52126.000000 311.939758 51687.800781
1368.305900 52094.000000 377.038513 51704.835938
1370.034300 52112.000000 478.934265 51720.742188
1371.760600 52586.000000 627.912842 51735.867188
1373.486900 52590.000000 834.879089 51748.593750
1375.211300 52996.000000 1084.099365 51761.031250
1376.935400 53142.000000 1302.630127 51769.937500
1378.657800 53275.000000 1384.916748 51776.984375
1380.380000 53205.000000 1278.939819 51782.796875
1382.100200 52915.000000 1041.971680 51785.234375
1383.820300 52520.000000 795.472839 51787.390625
1385.540200 52509.000000 593.948853 51788.929688
1387.256500 52423.000000 446.019379 51787.097656
1388.974200 52389.000000 341.169647 51781.976562
1390.690300 51849.000000 271.198883 51773.488281
1392.404400 52323.000000 224.040451 51762.011719
1394.118400 51793.000000 194.084229 51748.109375
1395.830400 52064.000000 173.649872 51732.867188
1397.542200 51983.000000 160.084778 51716.621094
1399.252300 51944.000000 148.435394 51700.593750
1400.962200 51681.000000 139.672745 51684.566406
1402.671800 51872.000000 132.807526 51669.074219
1404.379500 51638.000000 128.742371 51653.613281
1406.085600 51968.000000 124.570557 51639.105469
1407.791300 51787.000000 121.052818 51624.585938
1409.495200 51672.000000 120.075241 51610.484375
1411.199000 51843.000000 119.552368 51593.671875
1412.902500 51768.000000 120.256943 51575.023438
1414.604000 52006.000000 122.441994 51556.976562
1416.304000 51811.000000 124.695824 51539.402344
1418.003700 51651.000000 125.280594 51521.078125
1419.701500 51831.000000 125.914246 51502.261719
1421.399000 51693.000000 127.818932 51482.820312
1423.096400 51482.000000 132.055206 51463.179688
1424.792000 51516.000000 137.740326 51442.785156
1426.485700 51323.000000 146.473572 51422.355469
1428.179300 51405.000000 156.652374 51404.238281
1429.871100 51681.000000 168.400848 51388.089844
1431.562500 51772.000000 182.260712 51373.097656
1433.253900 51585.000000 201.216019 51359.074219
1434.943400 51497.000000 222.746002 51345.601562
1436.631000 51949.000000 248.801971 51331.898438
1438.318500 51379.000000 280.857941 51318.304688
1440.005600 51459.000000 319.703888 51303.234375
1441.691000 51343.000000 369.480194 51287.136719
1443.374800 51521.000000 429.463470 51270.066406
1445.058200 51713.000000 501.358978 51253.433594
1446.741300 51758.000000 586.146057 51237.089844
1448.422900 51930.000000 687.642334 51221.074219
1450.102400 51935.000000 807.953796 51205.347656
1451.781700 52364.000000 945.999329 51191.113281
1453.460900 52350.000000 1103.973389 51177.734375
1455.138200 52180.000000 1272.100830 51167.453125
1456.813800 52642.000000 1435.915527 51160.394531
1458.489100 52588.000000 1574.401855 51153.425781
1460.164300 52584.000000 1665.739624 51146.511719
1461.837600 52802.000000 1698.407471 51139.546875
1463.509200 52837.000000 1670.491577 51133.718750
1465.180500 52552.000000 1588.524170 51127.011719
1466.851600 52547.000000 1460.704346 51119.863281
1468.520900 52217.000000 1305.665039 51114.304688
1470.189900 52454.000000 1144.934570 51111.613281
1471.857200 52191.000000 992.053894 51110.339844
1473.522800 51957.000000 852.576660 51110.929688
1475.188100 51832.000000 727.964722 51111.179688
1476.853100 51375.000000 621.160950 51110.843750
1478.516500 51476.000000 529.073547 51110.343750
1480.178000 51720.000000 452.625885 51108.765625
1481.839200 51149.000000 389.615784 51106.199219
1483.500400 51498.000000 336.773132 51103.101562
1485.159700 51236.000000 295.609314 51099.843750
1486.818600 51278.000000 261.041168 51097.089844
1488.476000 51121.000000 234.661530 51094.910156
1490.131500 51245.000000 214.656372 51093.445312
1491.788300 51142.000000 199.621521 51093.421875
1493.441800 51100.000000 188.541763 51094.164062
1495.095100 51065.000000 179.028824 51096.371094
1496.748000 51127.000000 169.356232 51100.316406
1498.399400 51321.000000 165.230255 51104.699219
1500.050400 51260.000000 163.448425 51110.800781
1501.699700 51225.000000 163.720306 51117.367188
1503.347300 51657.000000 163.532013 51123.976562
1504.996100 51416.000000 163.556183 51131.023438
1506.641600 51037.000000 165.121170 51138.023438
1508.287000 51325.000000 168.283173 51146.003906
1509.932000 51323.000000 174.422867 51156.195312
1511.575300 50937.000000 185.149246 51167.425781
1513.218500 51663.000000 201.863495 51179.585938
1514.859700 51368.000000 220.953079 51191.226562
1516.500900 51402.000000 244.814377 51203.507812
1518.140300 51757.000000 272.655945 51214.507812
1519.777800 51495.000000 309.067535 51224.261719
1521.416700 51505.000000 353.729919 51233.500000
1523.052200 51885.000000 406.798035 51240.804688
1524.689200 51864.000000 468.584625 51248.597656
1526.322800 51598.000000 543.097229 51256.191406
1527.956200 51823.000000 635.900757 51262.718750
1529.589400 51704.000000 746.627563 51268.878906
1531.220800 52126.000000 879.849487 51274.906250
1532.851900 52338.000000 1032.617188 51281.136719
1534.481400 52846.000000 1199.556885 51284.640625
1536.110600 52654.000000 1365.917236 51286.652344
1537.738000 52590.000000 1508.366699 51289.886719
1539.365200 53074.000000 1606.256592 51293.296875
1540.990700 52900.000000 1647.765991 51294.507812
1542.616000 52660.000000 1627.705566 51295.843750
1544.239500 52826.000000 1553.995850 51295.824219
1545.862700 52811.000000 1437.756470 51294.597656
1547.484400 52831.000000 1295.786499 51294.074219
1549.105600 52424.000000 1144.124634 51292.292969
1550.725100 52489.000000 995.818237 51289.183594
1552.344500 52108.000000 858.232788 51284.027344
1553.962000 51609.000000 737.481934 51279.355469
1555.579300 51920.000000 632.866577 51275.691406
1557.195100 51752.000000 541.726196 51271.390625
1558.810400 51969.000000 463.105804 51265.914062
1560.424100 51781.000000 398.055573 51262.281250
1562.037500 51581.000000 342.723572 51260.234375
1563.649200 51759.000000 299.010895 51260.484375
1565.260600 51302.000000 262.068146 51262.664062
1566.870500 51498.000000 231.805832 51265.703125
1568.479900 51499.000000 205.531616 51269.078125
1570.089100 51556.000000 185.917404 51274.335938
1571.695200 51032.000000 171.888382 51281.101562
1573.302500 51707.000000 161.146454 51288.285156
1574.906500 51258.000000 151.494492 51296.828125
1576.511800 51272.000000 139.486786 51306.062500
1578.115500 51830.000000 128.822235 51313.964844
1579.717400 51538.000000 119.721458 51324.152344
1581.319100 51307.000000 112.185928 51336.617188
1582.919100 51909.000000 105.649269 51350.718750
1584.518700 51401.000000 98.416779 51365.671875
1586.116600 51555.000000 91.527641 51382.882812
1587.714500 51525.000000 86.271606 51401.160156
1589.310500 51620.000000 82.339310 51420.230469
1590.906300 51646.000000 77.946396 51439.835938
1592.501800 51505.000000 73.250839 51459.796875
1594.095700 51486.000000 68.971542 51480.285156
1595.687900 51599.000000 64.764999 51501.656250
1597.279700 51574.000000 59.721600 51524.742188
1598.869900 51643.000000 53.697063 51547.386719
1600.459700 51706.000000 47.853687 51569.257812
1602.048100 51576.000000 45.952259 51590.578125
1603.636000 51392.000000 44.333424 51611.898438
1605.223900 51870.000000 43.380795 51633.531250
1606.809800 51432.000000 43.054100 51655.472656
1608.394200 51533.000000 43.130482 51677.570312
1609.978300 51559.000000 44.185097 51700.050781
1611.560700 51650.000000 45.763477 51723.398438
1613.142900 51894.000000 47.360107 51746.832031
1614.724700 52063.000000 46.065544 51770.398438
1616.304900 51856.000000 44.412834 51794.117188
1617.883500 51725.000000 42.255547 51819.222656
1619.461800 52051.000000 39.354790 51844.804688
1621.038300 51992.000000 35.980206 51871.406250
1622.614700 52097.000000 33.533199 51897.976562
1624.190800 51973.000000 31.288553 51922.363281
1625.765300 52122.000000 29.053982 51945.234375
1627.337900 52312.000000 27.466940 51965.878906
1628.910400 51845.000000 25.730778 51983.687500
1630.482700 52163.000000 24.302998 51998.671875
1632.053200 52258.000000 23.360729 52010.433594
1633.622100 52144.000000 22.852499 52020.695312
1635.190600 51891.000000 22.755220 52029.738281
1636.759000 52278.000000 22.984266 52036.910156
1638.325700 52568.000000 22.993349 52043.472656
1639.890700 52533.000000 22.386265 52049.222656
1641.455400 52388.000000 22.305353 52054.359375
1643.019900 52134.000000 21.741873 52057.105469
1644.582800 52123.000000 21.015041 52057.980469
1646.143900 52021.000000 20.152510 52058.593750
1647.704700 52244.000000 18.802050 52058.554688
1649.265500 52215.000000 17.334721 52055.957031
1650.824500 52248.000000 16.137749 52050.457031
1652.381600 52284.000000 16.155029 52042.777344
1653.938700 52217.000000 16.371500 52032.394531
1655.495500 52041.000000 16.665445 52019.433594
1657.050700 52159.000000 16.928783 52002.414062
1658.604100 52066.000000 16.971600 51982.050781
1660.157200 52135.000000 16.782194 51958.539062
1661.710200 52204.000000 16.420424 51930.468750
1663.261500 51714.000000 15.850551 51897.058594
1664.811200 52004.000000 15.202144 51860.937500
1666.361900 51665.000000 14.415518 51821.128906
1667.909700 51910.000000 13.935135 51779.429688
1669.457200 51985.000000 13.699000 51734.218750
1671.004300 51670.000000 13.575694 51686.832031
1672.549900 51525.000000 13.357191 51637.449219
1674.093600 51236.000000 13.186666 51586.984375
1675.637300 51684.000000 12.867476 51535.496094
1677.180800 51476.000000 12.531964 51482.656250
1678.722400 51680.000000 12.334021 51429.675781
1680.263900 51324.000000 12.131907 51376.164062
1681.803700 51176.000000 12.014605 51322.730469
1683.341800 51396.000000 11.961505 51268.675781
1684.881200 51149.000000 12.029372 51213.781250
1686.417500 51222.000000 12.223404 51157.148438
1687.953400 51032.000000 12.482925 51099.160156
1689.489100 51093.000000 12.679077 51041.320312
1691.023200 51167.000000 12.447992 50984.183594
1692.557100 50774.000000 12.147440 50927.363281
1694.089200 50840.000000 11.449403 50871.269531
1695.619800 50610.000000 10.706573 50815.476562
1697.151500 50636.000000 10.176263 50760.031250
1698.680200 50566.000000 9.760049 50704.949219
1700.208500 50691.000000 9.305532 50650.589844
1701.736600 50363.000000 9.039448 50595.980469
1703.263100 50805.000000 8.625300 50541.570312
1704.789300 50384.000000 8.395144 50487.285156
1706.314000 50651.000000 8.411590 50433.261719
1707.838100 50718.000000 8.526614 50379.570312
1709.361000 50140.000000 8.608170 50326.218750
1710.883300 50152.000000 8.577662 50272.835938
1712.404100 50339.000000 8.232140 50219.171875
1713.923100 50293.000000 7.868575 50165.593750
1715.443500 50241.000000 7.595620 50111.453125
1716.960700 49806.000000 7.532758 50056.531250
1718.479100 50229.000000 7.365500 50001.953125
1719.994500 50095.000000 7.235253 49947.628906
1721.509600 49937.000000 7.072412 49893.921875
1723.024400 49737.000000 6.918361 49839.796875
1724.537600 49930.000000 6.795655 49785.578125
1726.050700 50005.000000 6.787140 49732.628906
1727.561900 49784.000000 6.594804 49680.320312
1729.073000 49880.000000 6.442333 49629.886719
1730.582400 49686.000000 6.403865 49580.414062
1732.091700 50095.000000 6.482286 49531.156250
1733.599200 49372.000000 6.829481 49480.644531
1735.106600 49660.000000 7.274043 49429.289062
1736.612100 49252.000000 7.382001 49376.765625
1738.117600 49192.000000 7.362266 49325.132812
1739.621300 49375.000000 7.353129 49273.613281
1741.125000 48925.000000 7.470256 49222.390625
1742.626800 49071.000000 7.632237 49170.585938
1744.128400 48893.000000 7.825379 49119.109375
1745.628500 49221.000000 8.022612 49068.921875
1747.128300 49128.000000 8.036814 49020.949219
1748.626300 48991.000000 8.089575 48974.699219
1750.124300 48841.000000 8.205919 48929.453125
1751.620500 48780.000000 8.451475 48885.531250
1753.116600 48742.000000 8.761921 48842.769531
1754.612400 48882.000000 8.852804 48801.417969
1756.105100 48919.000000 8.741398 48761.589844
1757.599100 48829.000000 8.411173 48722.648438
1759.091300 48736.000000 8.083998 48684.492188
1760.582000 48831.000000 7.867085 48646.640625
1762.072400 48773.000000 7.810985 48609.625000
1763.561000 48472.000000 7.745316 48573.156250
1765.049600 48325.000000 7.696043 48537.406250
1766.536500 48578.000000 7.605195 48501.007812
1768.023200 48504.000000 7.598281 48464.570312
1769.508100 48321.000000 7.726098 48428.070312
1770.992900 48335.000000 7.927505 48392.570312
1772.477500 48265.000000 8.005370 48358.371094
1773.959000 48369.000000 7.971341 48325.015625
1775.441700 48347.000000 7.731468 48292.371094
1776.922700 48085.000000 7.433377 48260.402344
1778.402100 48449.000000 7.293177 48229.425781
1779.881300 48205.000000 7.321132 48198.718750
1781.358900 47993.000000 7.267880 48168.128906
1782.836200 48162.000000 7.183082 48139.441406
1784.311900 48342.000000 7.113946 48112.273438
1785.787400 48149.000000 7.151436 48086.179688
1787.262600 48027.000000 7.210875 48060.734375
1788.736200 48221.000000 7.261897 48033.511719
1790.208300 48024.000000 7.076861 48006.078125
1791.679800 48350.000000 6.860826 47977.875000
1793.150000 48033.000000 6.567719 47949.339844
1794.619900 48178.000000 6.318360 47921.132812
1796.089600 48144.000000 6.101041 47893.078125
1797.557600 47849.000000 6.047656 47866.675781
1799.023900 47722.000000 6.025382 47841.394531
1800.490100 47848.000000 6.077696 47816.472656
1801.954600 47831.000000 6.206943 47791.167969
1803.418900 47839.000000 6.376010 47765.835938
1804.883100 47434.000000 6.598010 47742.062500
1806.345500 47911.000000 6.783956 47720.867188
1807.806400 47635.000000 6.869601 47700.683594
1809.266800 47552.000000 6.852606 47680.777344
1810.727400 47457.000000 6.836032 47662.148438
1812.186000 47592.000000 6.820399 47644.378906
1813.643300 47604.000000 6.743640 47627.023438
1815.100100 47861.000000 6.720164 47607.453125
1816.556800 47657.000000 6.632850 47587.242188
1818.010400 47433.000000 6.515774 47569.546875
1819.465300 47676.000000 6.484864 47554.031250
1820.918500 47873.000000 6.453949 47539.730469
1822.370100 47436.000000 6.336114 47526.988281
1823.821400 47687.000000 6.264979 47515.085938
1825.272600 47450.000000 6.141526 47503.925781
1826.722200 47490.000000 6.079545 47494.289062
1828.169900 47324.000000 5.965472 47485.097656
1829.617600 47575.000000 5.773141 47476.164062
1831.065200 47567.000000 5.583306 47466.750000
1832.511000 47351.000000 5.397861 47457.578125
1833.956500 47382.000000 5.197858 47448.320312
1835.400500 47378.000000 5.007955 47438.710938
1836.842900 47749.000000 4.960198 47428.632812
1838.285200 47372.000000 5.037036 47419.390625
1839.727100 47228.000000 5.144698 47412.117188
1841.167400 47411.000000 5.289420 47404.699219
1842.606100 47308.000000 5.326192 47396.847656
1844.044400 47314.000000 5.335949 47387.980469
1845.482800 47123.000000 5.270164 47379.265625
1846.919400 47321.000000 5.259913 47371.972656
1848.356000 47173.000000 5.273049 47366.265625
1849.790800 47270.000000 5.305027 47360.992188
1851.224000 47343.000000 5.380118 47355.703125
1852.656900 47053.000000 5.428778 47352.492188
1854.089700 47277.000000 5.385983 47350.207031
1855.520800 47390.000000 5.366352 47348.941406
1856.951800 47151.000000 5.241265 47351.164062
1858.381100 47152.000000 5.034858 47359.011719
1859.808700 47659.000000 4.817412 47368.925781
1861.236300 47673.000000 4.694319 47380.441406
1862.663500 47398.000000 4.649937 47393.890625
1864.089100 46995.000000 4.530846 47409.019531
1865.514600 47368.000000 4.529838 47424.933594
1866.938500 47438.000000 4.597515 47440.460938
1868.360700 47656.000000 4.638470 47455.554688
1869.784200 47452.000000 4.730357 47471.457031
1871.204500 47524.000000 4.632684 47485.492188
1872.624600 47070.000000 4.544534 47501.066406
1874.044700 47687.000000 4.366370 47517.117188
1875.463000 47551.000000 4.251431 47530.972656
1876.881200 47524.000000 4.005372 47544.703125
1878.297700 47583.000000 3.955929 47556.785156
1879.714100 47649.000000 3.978977 47566.882812
1881.128800 47436.000000 3.995277 47572.894531
1882.541900 47818.000000 4.103485 47575.179688
1883.956200 47973.000000 4.368606 47575.089844
1885.367400 47862.000000 4.759865 47573.851562
1886.778600 47747.000000 5.418099 47570.175781
1888.189500 48016.000000 5.891406 47565.468750
