Raman_Shift Original_Spectrum Predicted_Raman Predicted_Baseline
294.894650 55323.000000 13.946440 55323.363281
297.232540 55293.000000 12.963865 55322.171875
299.568300 55286.000000 12.173228 55323.910156
301.905240 55452.000000 11.719359 55323.882812
304.238400 55426.000000 11.490457 55321.421875
306.571040 55019.000000 12.344604 55314.488281
308.903260 55672.000000 13.657605 55307.218750
311.233340 55669.000000 15.725825 55296.847656
313.562930 55264.000000 17.944687 55286.117188
315.890440 55351.000000 20.786552 55277.867188
318.215790 55204.000000 23.668003 55274.031250
320.540680 55094.000000 26.366022 55276.507812
322.865110 55067.000000 28.103348 55285.707031
325.187410 54885.000000 32.139244 55301.781250
327.509250 55228.000000 37.046078 55327.929688
329.828920 55417.000000 43.347576 55367.398438
332.148160 55359.000000 50.029686 55411.867188
334.465270 55581.000000 58.524467 55463.484375
336.781950 55673.000000 68.711914 55525.398438
339.096470 55263.000000 86.610214 55594.773438
341.408870 55615.000000 109.086975 55669.441406
343.722530 55677.000000 140.131516 55749.921875
346.032350 55896.000000 185.537338 55834.785156
348.341740 56027.000000 250.427689 55920.675781
350.650670 56404.000000 330.534760 56006.257812
352.957460 56288.000000 391.692108 56092.976562
355.263760 56528.000000 399.217590 56183.734375
357.568020 56314.000000 347.551300 56276.917969
359.871800 56400.000000 280.075500 56371.062500
362.173430 56717.000000 221.946625 56465.640625
364.474640 57127.000000 173.400558 56563.121094
366.773710 56739.000000 134.864426 56661.316406
369.072360 56540.000000 103.008240 56759.800781
371.368870 56760.000000 78.876549 56858.964844
373.664920 56812.000000 62.572144 56958.820312
375.958890 57098.000000 50.455196 57058.343750
378.252380 57167.000000 43.882347 57156.453125
380.543790 57408.000000 37.430141 57253.867188
382.834750 57411.000000 31.864441 57350.460938
385.123570 57460.000000 26.110703 57444.523438
387.411960 57462.000000 22.616116 57537.824219
389.698210 57570.000000 18.653702 57629.804688
391.984070 57729.000000 14.663834 57720.933594
394.267790 57660.000000 11.700361 57808.636719
396.551060 57749.000000 11.548992 57891.867188
398.832210 57897.000000 11.631063 57969.937500
401.112950 58137.000000 11.252052 58043.671875
403.391570 58235.000000 10.544993 58111.679688
405.669770 58183.000000 10.728106 58174.921875
407.945860 58558.000000 11.572989 58234.210938
410.221470 58453.000000 12.712684 58287.523438
412.495030 58350.000000 13.518176 58334.394531
414.768100 58558.000000 14.494006 58378.039062
417.039090 58532.000000 15.198103 58418.628906
419.309630 58469.000000 15.205231 58453.296875
421.579740 58483.000000 15.147548 58482.078125
423.846100 58389.000000 15.599203 58505.164062
426.113680 58414.000000 16.433628 58524.285156
428.377470 58735.000000 17.361305 58540.359375
430.642520 58336.000000 18.300829 58552.941406
432.905460 58721.000000 19.423862 58562.203125
435.166320 58658.000000 21.354801 58569.050781
437.426700 58541.000000 23.068132 58571.253906
439.685060 58694.000000 25.077932 58571.414062
441.942900 58710.000000 26.888561 58570.015625
444.198730 58995.000000 30.252951 58568.812500
446.454070 58855.000000 33.701416 58568.003906
448.708980 58613.000000 36.802696 58567.222656
450.961820 58785.000000 38.789467 58566.296875
453.212550 58476.000000 40.304893 58563.945312
455.462890 58546.000000 42.368488 58558.101562
457.711120 58648.000000 44.603241 58549.058594
459.958920 58543.000000 44.754341 58537.980469
462.204590 58720.000000 44.076736 58525.078125
464.449890 58622.000000 43.665443 58508.281250
466.694760 58863.000000 43.955467 58487.582031
468.937500 58309.000000 45.202122 58464.339844
471.178160 58579.000000 46.226665 58439.820312
473.418460 58448.000000 47.277092 58411.347656
475.656620 58196.000000 48.087120 58377.785156
477.894380 58575.000000 48.271286 58340.265625
480.131680 58437.000000 53.663231 58297.953125
482.366910 58355.000000 59.753906 58251.878906
484.600040 58196.000000 64.050407 58201.136719
486.832790 58246.000000 69.312149 58147.210938
489.063450 58552.000000 73.162003 58091.097656
491.293670 58214.000000 77.315666 58029.562500
493.523500 57783.000000 81.077736 57962.367188
495.751190 57989.000000 85.434647 57893.175781
497.976840 57964.000000 96.808350 57821.089844
500.202090 57734.000000 108.794556 57748.433594
502.426910 57572.000000 118.829300 57675.050781
504.649660 57483.000000 128.074570 57601.421875
506.870270 57508.000000 143.449066 57528.074219
509.090550 57212.000000 160.920410 57451.710938
511.310360 57323.000000 176.884811 57373.246094
513.528140 57698.000000 193.864487 57295.136719
515.743770 57138.000000 209.933838 57217.734375
517.959110 57264.000000 223.474335 57139.378906
520.173890 57227.000000 235.808624 57062.367188
522.386660 57058.000000 250.456543 56985.734375
524.597410 56949.000000 272.963623 56909.367188
526.807740 56618.000000 300.825836 56834.359375
529.017580 56844.000000 332.522766 56761.234375
531.225400 57018.000000 367.550842 56689.859375
533.431210 56624.000000 385.890472 56619.550781
535.636470 56738.000000 405.808350 56550.355469
537.841430 56383.000000 428.411285 56482.414062
540.044310 56633.000000 451.011902 56414.425781
542.245120 56884.000000 464.271088 56347.457031
544.445500 56641.000000 463.991516 56284.386719
546.645450 56333.000000 448.096344 56225.839844
548.843380 56290.000000 423.650818 56171.789062
551.040830 56455.000000 384.305023 56121.816406
553.236330 56350.000000 347.551910 56074.632812
555.429690 56321.000000 329.070740 56029.144531
557.622680 56220.000000 318.507629 55985.152344
559.815250 56512.000000 295.634216 55943.656250
562.005800 56366.000000 244.007446 55903.644531
564.195920 55886.000000 150.156342 55865.503906
566.383910 56068.000000 153.586182 55828.117188
568.569950 56040.000000 147.841843 55789.808594
570.755550 55995.000000 138.636978 55752.972656
572.940730 56133.000000 124.666397 55717.546875
575.123900 55830.000000 127.708069 55683.292969
577.306640 55873.000000 125.200974 55649.414062
579.487300 55759.000000 122.431252 55612.210938
581.665950 55869.000000 114.550011 55572.050781
583.844120 56378.000000 122.784912 55531.230469
586.021970 55821.000000 133.380417 55489.679688
588.197750 55913.000000 145.736618 55448.050781
590.373170 55972.000000 154.075317 55407.421875
592.546450 55912.000000 163.645767 55368.578125
594.719420 55578.000000 170.174225 55330.906250
596.890260 55963.000000 175.570038 55294.574219
599.059140 55709.000000 168.490631 55259.621094
601.229190 55549.000000 174.921646 55224.070312
603.395570 55700.000000 192.336075 55186.992188
605.561580 55645.000000 215.743561 55147.484375
607.727170 56000.000000 238.172455 55104.691406
609.890750 55685.000000 263.183319 55061.781250
612.053960 55729.000000 293.451599 55018.562500
614.215030 55667.000000 334.761505 54973.984375
616.375790 55699.000000 373.989258 54928.335938
618.534480 55554.000000 396.787018 54881.929688
620.692750 55242.000000 415.674316 54834.550781
622.849000 55487.000000 437.398682 54787.687500
625.004820 55220.000000 454.714600 54739.781250
627.158750 55447.000000 454.580505 54692.351562
629.310490 55244.000000 445.938324 54645.070312
631.463560 55345.000000 428.601654 54599.332031
633.612920 54794.000000 409.865417 54555.292969
635.763490 55188.000000 385.021729 54512.871094
637.910460 54885.000000 351.429413 54471.390625
640.058650 54792.000000 316.245697 54432.929688
642.203190 54848.000000 282.311981 54396.523438
644.348880 54769.000000 258.633331 54362.121094
646.491030 54578.000000 239.229935 54330.304688
648.634400 54516.000000 222.763748 54302.164062
650.774050 54157.000000 213.449249 54277.261719
652.914980 54057.000000 207.265457 54254.761719
655.052250 54278.000000 198.706085 54234.546875
657.190730 54172.000000 191.802887 54217.773438
659.325620 53858.000000 191.099487 54203.855469
661.461730 54416.000000 197.645828 54192.289062
663.594180 54295.000000 212.065109 54183.105469
665.727910 54383.000000 232.064377 54177.406250
667.857910 54575.000000 261.520508 54173.894531
669.989200 54454.000000 304.189056 54171.523438
672.118470 54734.000000 359.006104 54170.226562
674.245670 54485.000000 429.469727 54170.878906
676.372560 54678.000000 495.583588 54173.667969
678.497380 54789.000000 537.507446 54177.121094
680.621830 54863.000000 517.863953 54182.957031
682.744320 54554.000000 447.753845 54190.582031
684.866390 54432.000000 365.235748 54199.648438
686.986450 54522.000000 292.529694 54208.804688
689.106080 54628.000000 238.708420 54217.800781
691.223750 54293.000000 201.212143 54227.394531
693.341000 54574.000000 172.587845 54236.574219
695.457820 54396.000000 152.283356 54243.574219
697.571110 54435.000000 134.987839 54249.449219
699.685610 54109.000000 121.071007 54252.406250
701.798100 54637.000000 110.492966 54251.726562
703.908570 54760.000000 106.350327 54250.109375
706.018620 54691.000000 102.849342 54247.390625
708.126770 54179.000000 99.558823 54244.710938
710.234380 54629.000000 93.775696 54241.531250
712.340150 54474.000000 88.475052 54237.312500
714.445430 54546.000000 82.296494 54231.898438
716.550350 54195.000000 74.072021 54228.234375
718.653260 54279.000000 65.184616 54226.144531
720.754270 54285.000000 60.276165 54223.472656
722.854800 54469.000000 54.695404 54220.371094
724.953370 54279.000000 52.739227 54215.523438
727.051570 54229.000000 51.022957 54209.292969
729.149350 54270.000000 48.293144 54201.449219
731.243530 54241.000000 46.457966 54192.769531
733.338990 54410.000000 44.861874 54182.121094
735.432370 54270.000000 42.458042 54169.601562
737.523800 54384.000000 41.405197 54155.960938
739.614870 54480.000000 39.799767 54141.847656
741.705570 53987.000000 38.036503 54127.992188
743.792600 53905.000000 37.117897 54113.910156
745.880920 53881.000000 37.087788 54099.484375
747.967220 54140.000000 37.538582 54085.628906
750.051570 54120.000000 38.199974 54071.218750
752.135500 53965.000000 38.408195 54056.578125
754.219120 54189.000000 37.913364 54041.917969
756.300720 54119.000000 38.283039 54027.890625
758.380310 53967.000000 39.180984 54014.031250
760.459530 53957.000000 39.573738 53999.953125
762.538390 53607.000000 38.926643 53984.613281
764.615300 54090.000000 38.304039 53968.062500
766.690190 54125.000000 38.142994 53950.296875
768.764710 53986.000000 38.797127 53930.742188
770.838810 54174.000000 39.176918 53911.527344
772.909360 53950.000000 39.710587 53892.421875
774.981140 53859.000000 40.357529 53872.683594
777.050960 54066.000000 40.541851 53852.066406
779.120420 54030.000000 39.342529 53831.277344
781.187870 53880.000000 37.335808 53809.679688
783.253420 53643.000000 34.929142 53788.179688
785.318480 53948.000000 32.180470 53766.089844
787.383240 53947.000000 30.518976 53742.640625
789.445980 53769.000000 28.188385 53717.312500
791.506770 53485.000000 26.972919 53691.886719
793.567260 53885.000000 24.959949 53666.421875
795.627260 53758.000000 23.572851 53640.414062
797.685360 53684.000000 22.479836 53614.242188
799.741520 53680.000000 21.757458 53586.726562
801.797240 53705.000000 21.300758 53558.398438
803.852600 53675.000000 21.341776 53530.082031
805.906010 53059.000000 21.847446 53501.472656
807.959050 53749.000000 22.376972 53469.964844
810.010130 53403.000000 22.498827 53435.964844
812.059200 53422.000000 22.743587 53400.109375
814.107970 53665.000000 23.256428 53362.855469
816.156370 53256.000000 23.698885 53324.230469
818.202760 53482.000000 23.863398 53284.375000
820.247190 53128.000000 23.339848 53243.617188
822.292850 53126.000000 23.256218 53202.773438
824.335020 53341.000000 23.194826 53159.558594
826.376770 53207.000000 23.262608 53115.472656
828.418090 53141.000000 23.924681 53069.347656
830.457520 52889.000000 25.005842 53021.769531
832.496640 53039.000000 26.159704 52973.164062
834.533690 53127.000000 26.909885 52922.242188
836.568910 52648.000000 26.823044 52870.359375
838.603700 52588.000000 25.607838 52817.757812
840.638060 52878.000000 23.928713 52762.453125
842.670530 52843.000000 23.096716 52705.042969
844.702640 52475.000000 22.576698 52646.058594
846.732790 52619.000000 22.414042 52585.660156
848.762570 52680.000000 21.670818 52523.851562
850.790470 52236.000000 20.437138 52460.144531
852.816350 52248.000000 21.014448 52394.855469
854.843440 52288.000000 20.476717 52326.617188
856.867070 52576.000000 19.662563 52255.734375
858.890200 52295.000000 19.337856 52182.660156
860.913150 52269.000000 19.434721 52108.042969
862.934020 51934.000000 19.921124 52031.691406
864.954530 52075.000000 20.084759 51955.238281
866.973140 51898.000000 20.028065 51877.347656
868.991390 51559.000000 20.462830 51799.109375
871.007690 52200.000000 22.017426 51720.585938
873.023620 51773.000000 23.630894 51640.871094
875.037660 51258.000000 24.843336 51561.179688
877.051270 51675.000000 25.697973 51478.687500
879.062990 51507.000000 25.328465 51394.117188
881.074340 51360.000000 24.439388 51307.890625
883.083740 51363.000000 24.264721 51220.105469
885.092770 51283.000000 25.299335 51132.847656
887.099850 50962.000000 26.030746 51045.679688
889.104980 51239.000000 25.955698 50956.972656
891.111450 50564.000000 25.637308 50865.750000
893.114260 50619.000000 25.631725 50773.035156
895.118410 50788.000000 25.381042 50679.679688
897.119020 50683.000000 25.007877 50585.550781
899.120790 50732.000000 24.419308 50491.847656
901.119080 50573.000000 24.272831 50397.500000
903.118650 50434.000000 23.643627 50302.609375
905.114620 50374.000000 23.076124 50209.488281
907.111880 50249.000000 22.660679 50116.906250
909.107180 50153.000000 22.390402 50025.957031
911.100520 50123.000000 22.847742 49935.410156
913.093630 49797.000000 23.939672 49845.890625
915.084660 49890.000000 24.849010 49756.847656
917.075380 49728.000000 25.728699 49668.117188
919.064210 49678.000000 28.760080 49579.878906
921.052730 49517.000000 32.895420 49492.023438
923.039310 49726.000000 36.582161 49404.500000
925.025450 49485.000000 39.744675 49317.492188
927.009770 49006.000000 42.495335 49231.574219
928.993650 49282.000000 44.145763 49146.453125
930.975590 49346.000000 45.337120 49061.421875
932.957280 48971.000000 44.318386 48976.378906
934.937010 49050.000000 41.565540 48890.269531
936.916380 49128.000000 40.991982 48807.031250
938.895390 48917.000000 40.384678 48728.640625
940.870970 48596.000000 39.317062 48653.250000
942.847660 48786.000000 38.146671 48580.617188
944.822510 48450.000000 38.585167 48512.156250
946.795470 48359.000000 39.100208 48447.945312
948.768010 48360.000000 39.009514 48386.031250
950.738710 48199.000000 38.178535 48327.269531
952.708980 48229.000000 38.537117 48270.382812
954.677310 48229.000000 39.520569 48215.457031
956.645390 48187.000000 41.125191 48160.898438
958.613160 48336.000000 43.575886 48107.648438
960.578920 48045.000000 46.385822 48054.652344
962.542720 48258.000000 48.365406 48001.464844
964.506290 47983.000000 48.824951 47951.738281
966.467960 47799.000000 47.363792 47904.847656
968.429260 47932.000000 45.466736 47858.890625
970.390140 47956.000000 44.253639 47812.835938
972.347660 47792.000000 42.823769 47767.171875
974.306270 47861.000000 42.228573 47720.855469
976.263060 47576.000000 41.599136 47673.128906
978.218020 47319.000000 40.240192 47626.671875
980.172490 47420.000000 40.532825 47580.535156
982.125120 47535.000000 42.243401 47536.757812
984.077390 47796.000000 45.070030 47493.617188
986.029360 47479.000000 49.231438 47452.960938
987.979370 47626.000000 54.149849 47413.546875
989.927490 47597.000000 60.014618 47374.816406
991.875310 47453.000000 66.959877 47339.976562
993.822750 47432.000000 74.867065 47309.144531
995.768370 47616.000000 83.197098 47279.910156
997.711980 47574.000000 97.017776 47252.207031
999.655270 47036.000000 112.660973 47226.781250
1001.596700 47381.000000 126.166931 47200.523438
1003.537700 47270.000000 136.958893 47175.332031
1005.478600 47009.000000 149.411087 47151.824219
1007.417400 47420.000000 162.003204 47129.214844
1009.354300 47452.000000 173.318237 47105.621094
1011.291000 47062.000000 181.564407 47082.593750
1013.227200 46969.000000 183.992188 47058.976562
1015.161600 47317.000000 182.292694 47037.308594
1017.094100 47123.000000 177.692719 47016.421875
1019.026200 47303.000000 173.776825 46997.722656
1020.958000 47085.000000 173.271744 46981.503906
1022.888000 47063.000000 173.863800 46965.234375
1024.816000 47126.000000 179.133896 46947.921875
1026.743800 46809.000000 188.462448 46929.472656
1028.671100 46921.000000 205.242477 46911.511719
1030.596600 46956.000000 232.220734 46895.976562
1032.521700 46965.000000 272.473083 46883.171875
1034.444900 47213.000000 320.799927 46871.042969
1036.366300 47215.000000 368.683746 46858.078125
1038.287400 47510.000000 392.675934 46845.765625
1040.208100 47082.000000 378.854584 46834.085938
1042.127000 46880.000000 346.644104 46820.679688
1044.043800 47068.000000 315.357635 46806.363281
1045.960400 47045.000000 289.979767 46789.398438
1047.876700 47050.000000 270.292786 46772.265625
1049.791000 46937.000000 252.655685 46754.957031
1051.705100 46995.000000 231.898834 46737.582031
1053.617300 47148.000000 206.181000 46721.378906
1055.527600 46857.000000 178.742035 46704.707031
1057.437500 46851.000000 156.360992 46687.867188
1059.347300 47155.000000 134.452103 46671.957031
1061.255000 46994.000000 114.101967 46657.722656
1063.162500 46706.000000 98.059464 46645.308594
1065.068000 46672.000000 85.956841 46635.250000
1066.971700 46403.000000 77.746399 46625.582031
1068.875000 46523.000000 72.872421 46614.210938
1070.778100 46453.000000 68.218582 46602.292969
1072.679200 46456.000000 63.942699 46592.039062
1074.580000 46118.000000 60.028931 46582.000000
1076.479000 46390.000000 56.580341 46570.156250
1078.377600 46516.000000 54.185127 46555.011719
1080.274400 46836.000000 52.527527 46539.500000
1082.169200 46995.000000 50.136360 46524.640625
1084.065300 46505.000000 47.905186 46513.097656
1085.958000 46355.000000 45.914070 46499.964844
1087.850300 46332.000000 43.648491 46487.339844
1089.742400 46662.000000 40.785439 46474.796875
1091.632600 46395.000000 38.608818 46464.171875
1093.522500 46554.000000 36.502876 46457.218750
1095.410400 46645.000000 34.424580 46452.039062
1097.298100 46575.000000 32.520763 46446.269531
1099.183800 46446.000000 30.753689 46441.382812
1101.069300 46739.000000 28.862949 46437.023438
1102.952900 46337.000000 27.124828 46433.332031
1104.834600 46360.000000 25.931906 46431.808594
1106.717700 46640.000000 24.834471 46430.375000
1108.597200 46523.000000 23.356514 46429.164062
1110.477900 46251.000000 23.398350 46427.199219
1112.355300 46529.000000 23.694078 46425.664062
1114.232300 46287.000000 24.050392 46425.300781
1116.109100 46489.000000 24.264278 46426.460938
1117.984000 46441.000000 23.921030 46427.484375
1119.858500 46320.000000 23.273708 46428.082031
1121.731300 46417.000000 22.312202 46429.394531
1123.603600 46506.000000 21.172169 46431.035156
1125.474100 46398.000000 20.133434 46431.687500
1127.344400 46593.000000 19.322903 46429.742188
1129.212600 46375.000000 18.563862 46427.679688
1131.080700 46330.000000 17.716330 46426.414062
1132.946900 46199.000000 17.820263 46426.304688
1134.812700 46247.000000 18.155655 46427.410156
1136.676800 46268.000000 18.712528 46428.921875
1138.540400 46230.000000 19.074194 46431.703125
1140.402300 46678.000000 19.844135 46434.750000
1142.263800 46344.000000 20.503736 46436.386719
1144.123400 46723.000000 21.148945 46435.773438
1145.982800 46349.000000 21.699718 46433.414062
1147.841800 46281.000000 21.779165 46433.625000
1149.697500 46726.000000 22.591087 46435.265625
1151.554400 46588.000000 23.618275 46438.332031
1153.407800 46385.000000 24.188869 46443.675781
1155.262600 46434.000000 25.116516 46449.980469
1157.115500 46775.000000 25.644190 46456.625000
1158.966400 46333.000000 25.929539 46464.011719
1160.817100 46422.000000 26.206127 46472.636719
1162.666000 46673.000000 26.482061 46482.511719
1164.514500 46335.000000 26.647161 46492.644531
1166.361300 46416.000000 26.980968 46504.023438
1168.207600 46610.000000 27.258566 46518.031250
1170.052200 46359.000000 27.768448 46531.230469
1171.896500 46452.000000 29.005987 46543.605469
1173.740400 46708.000000 30.371286 46557.667969
1175.580900 46582.000000 31.522308 46570.625000
1177.422900 46656.000000 31.895786 46585.816406
1179.262700 46883.000000 31.870319 46602.687500
1181.100700 46646.000000 31.877237 46620.277344
1182.938600 46624.000000 32.026695 46640.179688
1184.774500 46604.000000 31.789499 46660.855469
1186.610200 46779.000000 31.805206 46679.269531
1188.444000 46478.000000 31.917730 46697.195312
1190.277500 46775.000000 32.331535 46717.023438
1192.110700 46770.000000 33.255436 46736.457031
1193.942000 46653.000000 33.398987 46757.648438
1195.771600 46727.000000 33.407509 46780.476562
1197.600700 46669.000000 33.640255 46802.757812
1199.428100 46659.000000 34.124256 46824.699219
1201.255200 46959.000000 34.878189 46845.875000
1203.082000 47099.000000 35.983681 46865.703125
1204.907000 46971.000000 37.184090 46883.273438
1206.730100 46983.000000 38.636032 46901.085938
1208.552900 47124.000000 40.173485 46918.863281
1210.373900 47136.000000 42.169189 46938.253906
1212.194600 46928.000000 44.108696 46957.687500
1214.015000 47136.000000 46.098122 46977.507812
1215.833500 47047.000000 47.707069 46997.402344
1217.650300 47308.000000 49.442467 47014.382812
1219.466700 47351.000000 51.456749 47026.421875
1221.281300 46914.000000 54.382313 47038.484375
1223.095600 47295.000000 57.324566 47050.132812
1224.909500 47340.000000 59.683949 47060.632812
1226.721700 47156.000000 63.156792 47071.843750
1228.532000 46977.000000 68.482948 47082.468750
1230.342000 47250.000000 75.088394 47093.488281
1232.151700 47079.000000 83.393326 47107.117188
1233.959700 47211.000000 95.387756 47121.324219
1235.765900 47484.000000 111.781837 47136.242188
1237.571700 47598.000000 133.512253 47152.203125
1239.377100 47524.000000 162.787140 47169.339844
1241.180800 47576.000000 199.895279 47186.507812
1242.982700 47480.000000 243.555939 47206.515625
1244.784200 47743.000000 289.582550 47227.589844
1246.585300 47864.000000 330.093445 47248.613281
1248.384900 47436.000000 353.855713 47272.808594
1250.182500 47549.000000 360.890320 47296.968750
1251.979700 47682.000000 353.883026 47322.332031
1253.776900 47914.000000 330.248444 47347.992188
1255.572000 48013.000000 295.942352 47371.335938
1257.365500 47569.000000 253.480133 47395.929688
1259.160000 47886.000000 216.265427 47418.367188
1260.951300 47926.000000 191.307129 47445.785156
1262.742300 47439.000000 176.446838 47478.390625
1264.533100 47656.000000 167.720840 47510.257812
1266.322000 47846.000000 171.975723 47540.824219
1268.109000 47464.000000 177.335220 47575.515625
1269.895800 47502.000000 184.072235 47612.281250
1271.682400 47409.000000 194.309830 47651.074219
1273.466900 47894.000000 206.519562 47693.742188
1275.251500 47608.000000 223.429733 47736.648438
1277.033900 47954.000000 246.148270 47780.355469
1278.814700 48204.000000 275.704193 47827.480469
1280.595200 48323.000000 314.528778 47878.222656
1282.375400 48392.000000 360.002686 47931.812500
1284.153800 48144.000000 413.791840 47985.890625
1285.931900 48653.000000 480.897858 48043.042969
1287.708100 48795.000000 557.153076 48103.562500
1289.482500 48833.000000 637.224060 48167.148438
1291.256800 49012.000000 711.370972 48232.875000
1293.030600 48750.000000 766.421265 48300.699219
1294.802900 49307.000000 825.556824 48368.816406
1296.574600 49310.000000 861.238403 48438.617188
1298.344600 49163.000000 875.424133 48511.148438
1300.114400 48987.000000 883.862671 48584.238281
1301.882300 49314.000000 901.483582 48657.921875
1303.648300 49385.000000 921.680542 48732.105469
1305.415800 49509.000000 933.754883 48803.636719
1307.179700 49462.000000 937.068542 48873.808594
1308.943500 49877.000000 937.608582 48943.144531
1310.707000 49605.000000 933.390259 49011.714844
1312.468600 49581.000000 923.091980 49077.007812
1314.230000 49854.000000 909.802856 49141.304688
1315.989500 49902.000000 883.102722 49204.324219
1317.748800 49883.000000 852.429688 49269.390625
1319.506200 49865.000000 826.940430 49335.585938
1321.263400 50145.000000 802.620972 49405.042969
1323.018900 49832.000000 769.784790 49476.550781
1324.774000 50211.000000 737.630371 49548.234375
1326.527300 50270.000000 711.716736 49620.125000
1328.278900 50372.000000 693.533020 49691.417969
1330.031700 50186.000000 682.198669 49761.109375
1331.781100 50078.000000 674.966064 49831.406250
1333.531900 50511.000000 674.724304 49902.378906
1335.279300 50413.000000 672.806091 49973.105469
1337.027800 50601.000000 681.444946 50041.863281
1338.773200 50701.000000 696.518311 50108.695312
1340.518300 50501.000000 711.478516 50173.949219
1342.263100 51012.000000 731.760132 50238.101562
1344.006000 50802.000000 754.709595 50301.644531
1345.748700 51181.000000 782.093262 50365.542969
1347.489500 51161.000000 805.573853 50429.585938
1349.230200 51026.000000 819.048096 50493.878906
1350.969100 51099.000000 823.815125 50557.066406
1352.707500 51522.000000 819.632935 50617.273438
1354.445900 51426.000000 801.589233 50675.527344
1356.180900 51539.000000 775.712524 50731.554688
1357.917000 51331.000000 725.988953 50784.824219
1359.649900 51307.000000 668.099182 50832.109375
1361.384200 51301.000000 610.530457 50872.652344
1363.115000 51626.000000 565.310669 50909.144531
1364.847000 51454.000000 524.361206 50941.484375
1366.577400 51584.000000 481.927185 50969.945312
1368.305900 51410.000000 438.971771 50994.722656
1370.034300 51221.000000 404.659119 51019.054688
1371.760600 51914.000000 377.208008 51042.894531
1373.486900 51541.000000 344.591492 51067.773438
1375.211300 51374.000000 305.834412 51093.070312
1376.935400 51373.000000 298.498962 51115.320312
1378.657800 51298.000000 305.328613 51134.988281
1380.380000 51438.000000 308.552124 51150.914062
1382.100200 51455.000000 310.302765 51163.152344
1383.820300 51466.000000 314.625824 51174.476562
1385.540200 51451.000000 318.364685 51184.718750
1387.256500 51468.000000 310.992432 51191.812500
1388.974200 51700.000000 289.700409 51196.312500
1390.690300 51457.000000 301.266327 51198.175781
1392.404400 51795.000000 313.358398 51197.687500
1394.118400 51559.000000 327.912506 51193.847656
1395.830400 51689.000000 339.880066 51187.226562
1397.542200 51548.000000 354.701050 51180.117188
1399.252300 51726.000000 371.046844 51173.281250
1400.962200 51305.000000 386.417114 51165.144531
1402.671800 51591.000000 402.823151 51154.042969
1404.379500 51528.000000 431.673523 51142.093750
1406.085600 51526.000000 466.176910 51129.992188
1407.791300 51365.000000 500.002350 51115.363281
1409.495200 51434.000000 524.411011 51098.519531
1411.199000 51826.000000 541.655701 51079.191406
1412.902500 51630.000000 552.230042 51056.574219
1414.604000 51607.000000 551.715820 51031.941406
1416.304000 51659.000000 538.601624 51006.121094
1418.003700 51515.000000 510.587708 50979.109375
1419.701500 51439.000000 479.021057 50952.007812
1421.399000 51228.000000 449.355316 50925.425781
1423.096400 51080.000000 425.251160 50899.515625
1424.792000 51077.000000 410.304108 50873.003906
1426.485700 51002.000000 398.490570 50846.742188
1428.179300 51030.000000 385.941345 50822.242188
1429.871100 51391.000000 367.915131 50799.062500
1431.562500 51328.000000 358.140472 50777.351562
1433.253900 51307.000000 341.826691 50757.218750
1434.943400 51264.000000 316.007233 50738.859375
1436.631000 51444.000000 286.272980 50721.785156
1438.318500 50913.000000 258.289490 50703.824219
1440.005600 50655.000000 231.372879 50684.781250
1441.691000 50696.000000 195.607910 50665.097656
1443.374800 50803.000000 150.134750 50643.886719
1445.058200 50945.000000 145.136047 50623.515625
1446.741300 51010.000000 139.828094 50604.734375
1448.422900 50646.000000 137.576477 50590.542969
1450.102400 50756.000000 136.312073 50580.234375
1451.781700 50822.000000 133.714569 50571.835938
1453.460900 50668.000000 131.702408 50564.843750
1455.138200 50292.000000 131.650391 50559.625000
1456.813800 50627.000000 131.886688 50555.589844
1458.489100 50354.000000 129.652130 50552.187500
1460.164300 50325.000000 129.119980 50549.273438
1461.837600 50669.000000 128.216614 50544.886719
1463.509200 50356.000000 128.352005 50538.835938
1465.180500 50545.000000 129.862717 50532.648438
1466.851600 50476.000000 133.720627 50526.992188
1468.520900 50406.000000 137.895035 50523.160156
1470.189900 50807.000000 141.610413 50520.300781
1471.857200 50840.000000 148.490417 50519.550781
1473.522800 50626.000000 155.711960 50520.867188
1475.188100 50721.000000 164.116837 50521.507812
1476.853100 50403.000000 174.482880 50522.277344
1478.516500 50832.000000 186.595840 50522.570312
1480.178000 50912.000000 201.226379 50523.386719
1481.839200 50487.000000 216.908539 50525.726562
1483.500400 50934.000000 232.172211 50528.324219
1485.159700 50762.000000 251.226440 50531.386719
1486.818600 50734.000000 268.002319 50534.140625
1488.476000 50496.000000 285.881042 50538.175781
1490.131500 50775.000000 306.881165 50542.664062
1491.788300 50859.000000 331.165588 50548.050781
1493.441800 50776.000000 358.986328 50553.980469
1495.095100 50919.000000 387.589600 50559.449219
1496.748000 50853.000000 418.270355 50563.863281
1498.399400 51205.000000 452.986633 50566.945312
1500.050400 50982.000000 484.776703 50570.367188
1501.699700 50993.000000 508.008636 50575.757812
1503.347300 51283.000000 526.053772 50581.773438
1504.996100 51147.000000 537.734314 50587.878906
1506.641600 50735.000000 545.600647 50593.496094
1508.287000 51010.000000 546.489563 50599.734375
1509.932000 51154.000000 539.020935 50608.136719
1511.575300 50821.000000 527.648071 50617.992188
1513.218500 51337.000000 505.119293 50628.593750
1514.859700 51032.000000 476.808441 50640.789062
1516.500900 50861.000000 444.214417 50653.250000
1518.140300 51313.000000 409.894928 50662.703125
1519.777800 50987.000000 373.673035 50669.824219
1521.416700 51029.000000 336.187958 50679.480469
1523.052200 51061.000000 302.156494 50689.761719
1524.689200 51115.000000 271.428406 50702.039062
1526.322800 50657.000000 243.580902 50714.363281
1527.956200 50984.000000 218.077545 50724.968750
1529.589400 50634.000000 196.156235 50734.546875
1531.220800 50728.000000 178.004639 50744.437500
1532.851900 51115.000000 160.853577 50752.554688
1534.481400 51264.000000 142.704498 50762.210938
1536.110600 50806.000000 124.077675 50772.792969
1537.738000 50724.000000 113.909653 50786.660156
1539.365200 50806.000000 115.170639 50801.640625
1540.990700 50712.000000 118.959816 50814.046875
1542.616000 50647.000000 122.116104 50823.394531
1544.239500 50625.000000 124.366653 50831.988281
1545.862700 50736.000000 122.765244 50838.539062
1547.484400 51096.000000 120.922081 50843.699219
1549.105600 50698.000000 119.964699 50845.542969
1550.725100 50913.000000 119.404404 50846.527344
1552.344500 50892.000000 124.877060 50847.328125
1553.962000 50561.000000 133.824081 50848.406250
1555.579300 50860.000000 144.953537 50849.695312
1557.195100 51095.000000 158.711517 50850.652344
1558.810400 51362.000000 175.152176 50852.445312
1560.424100 51184.000000 186.430283 50857.328125
1562.037500 51058.000000 193.670624 50863.976562
1563.649200 51210.000000 198.925461 50870.253906
1565.260600 50969.000000 204.865891 50879.074219
1566.870500 51000.000000 211.605225 50891.828125
1568.479900 51092.000000 216.906250 50906.683594
1570.089100 51297.000000 228.317459 50923.179688
1571.695200 50788.000000 247.191940 50940.988281
1573.302500 51340.000000 268.897125 50960.625000
1574.906500 50918.000000 291.435608 50984.296875
1576.511800 51076.000000 314.750824 51009.222656
1578.115500 51631.000000 334.920685 51033.214844
1579.717400 51250.000000 347.516846 51057.011719
1581.319100 51325.000000 347.052643 51083.042969
1582.919100 51820.000000 336.296417 51110.476562
1584.518700 51176.000000 316.907623 51137.867188
1586.116600 51358.000000 294.512604 51167.113281
1587.714500 51345.000000 267.288574 51196.914062
1589.310500 51600.000000 235.316681 51226.964844
1590.906300 51249.000000 204.850861 51256.343750
1592.501800 51467.000000 178.575089 51286.078125
1594.095700 51459.000000 157.288605 51316.906250
1595.687900 51414.000000 138.350479 51349.285156
1597.279700 51551.000000 119.261780 51383.132812
1598.869900 51515.000000 98.839676 51417.789062
1600.459700 51651.000000 78.872971 51453.320312
1602.048100 51549.000000 71.598373 51489.386719
1603.636000 51585.000000 63.779705 51526.078125
1605.223900 51758.000000 56.202614 51562.164062
1606.809800 51230.000000 48.455833 51596.917969
1608.394200 51413.000000 45.384605 51630.925781
1609.978300 51569.000000 43.286446 51663.757812
1611.560700 51631.000000 42.074791 51695.289062
1613.142900 52064.000000 41.341011 51725.164062
1614.724700 51999.000000 40.429764 51754.570312
1616.304900 51816.000000 38.871944 51783.867188
1617.883500 52016.000000 36.720551 51813.968750
1619.461800 51873.000000 34.057087 51844.738281
1621.038300 51878.000000 31.379612 51877.460938
1622.614700 52157.000000 29.068211 51910.550781
1624.190800 52023.000000 27.515936 51940.156250
1625.765300 52150.000000 25.960484 51966.847656
1627.337900 52269.000000 25.319843 51990.660156
1628.910400 51828.000000 24.465330 52011.777344
1630.482700 52318.000000 23.159641 52028.609375
1632.053200 52293.000000 21.706585 52043.003906
1633.622100 52342.000000 20.626415 52055.414062
1635.190600 52113.000000 19.464108 52066.035156
1636.759000 52459.000000 18.694206 52074.468750
1638.325700 52453.000000 18.185204 52082.425781
1639.890700 52460.000000 17.904659 52090.148438
1641.455400 52426.000000 17.650429 52097.519531
1643.019900 52269.000000 17.186306 52102.449219
1644.582800 52239.000000 16.638330 52105.296875
1646.143900 52079.000000 16.472454 52106.734375
1647.704700 52285.000000 16.124119 52107.296875
1649.265500 52354.000000 15.613566 52104.898438
1650.824500 52081.000000 15.060705 52098.300781
1652.381600 52310.000000 15.061022 52089.960938
1653.938700 52280.000000 14.874789 52079.136719
1655.495500 52034.000000 14.657747 52065.890625
1657.050700 52247.000000 14.520937 52048.402344
1658.604100 51897.000000 14.418196 52026.292969
1660.157200 52374.000000 14.021082 52000.582031
1661.710200 52344.000000 13.302481 51970.699219
1663.261500 51705.000000 12.603994 51936.457031
1664.811200 52102.000000 12.547225 51898.925781
1666.361900 51897.000000 12.753733 51857.902344
1667.909700 52053.000000 13.118303 51816.207031
1669.457200 52124.000000 13.295924 51772.207031
1671.004300 51757.000000 13.468039 51727.347656
1672.549900 51559.000000 13.354544 51680.742188
1674.093600 51372.000000 13.396254 51632.835938
1675.637300 51593.000000 13.420622 51583.503906
1677.180800 51392.000000 13.293539 51532.382812
1678.722400 51820.000000 13.112314 51480.773438
1680.263900 51485.000000 12.892485 51427.523438
1681.803700 51189.000000 12.635687 51373.148438
1683.341800 51350.000000 12.384733 51317.230469
1684.881200 51207.000000 12.295485 51260.433594
1686.417500 51229.000000 12.357298 51201.894531
1687.953400 51009.000000 12.247627 51142.417969
1689.489100 51096.000000 12.374457 51082.941406
1691.023200 51204.000000 12.282173 51024.835938
1692.557100 50715.000000 12.207568 50967.964844
1694.089200 50935.000000 11.897001 50911.816406
1695.619800 50767.000000 11.349636 50855.597656
1697.151500 50661.000000 10.836404 50799.933594
1698.680200 50744.000000 10.489312 50743.542969
1700.208500 50846.000000 10.353689 50686.968750
1701.736600 50424.000000 10.452028 50629.933594
1703.263100 50685.000000 10.496958 50572.472656
1704.789300 50507.000000 10.636330 50517.160156
1706.314000 50720.000000 10.763405 50462.585938
1707.838100 50590.000000 10.718722 50408.695312
1709.361000 50219.000000 10.722898 50355.800781
1710.883300 50249.000000 10.794084 50302.027344
1712.404100 50388.000000 10.803520 50246.703125
1713.923100 50361.000000 10.664941 50190.703125
1715.443500 50311.000000 10.471838 50133.363281
1716.960700 49813.000000 10.609591 50075.996094
1718.479100 50160.000000 10.664259 50017.933594
1719.994500 50264.000000 10.426271 49960.640625
1721.509600 50043.000000 10.492137 49904.324219
1723.024400 49708.000000 10.516253 49849.023438
1724.537600 49918.000000 10.252475 49794.320312
1726.050700 50034.000000 9.911165 49739.773438
1727.561900 49850.000000 9.642999 49684.898438
1729.073000 49904.000000 9.386837 49630.683594
1730.582400 49660.000000 9.101912 49576.515625
1732.091700 49893.000000 8.632875 49522.898438
1733.599200 49416.000000 8.414213 49468.953125
1735.106600 49591.000000 8.176328 49416.003906
1736.612100 49168.000000 7.813231 49363.761719
1738.117600 49212.000000 7.611900 49312.425781
1739.621300 49175.000000 7.582802 49261.468750
1741.125000 48997.000000 7.694724 49211.265625
1742.626800 49039.000000 7.962999 49161.429688
1744.128400 48915.000000 8.299218 49112.773438
1745.628500 49258.000000 8.491083 49066.156250
1747.128300 49012.000000 8.551034 49021.492188
1748.626300 48840.000000 8.691148 48978.226562
1750.124300 48938.000000 8.871219 48936.449219
1751.620500 48808.000000 9.154127 48896.281250
1753.116600 48833.000000 9.394546 48857.660156
1754.612400 48930.000000 9.318363 48820.382812
1756.105100 48881.000000 9.146976 48784.089844
1757.599100 48854.000000 8.997833 48748.078125
1759.091300 48858.000000 8.974827 48710.414062
1760.582000 48777.000000 8.919803 48670.566406
1762.072400 48789.000000 8.796632 48630.687500
1763.561000 48586.000000 8.534523 48591.945312
1765.049600 48125.000000 8.226168 48555.910156
1766.536500 48660.000000 7.828656 48521.296875
1768.023200 48489.000000 7.479789 48486.441406
1769.508100 48360.000000 7.358783 48451.769531
1770.992900 48321.000000 7.345136 48417.996094
1772.477500 48330.000000 7.150973 48384.015625
1773.959000 48334.000000 6.878405 48350.667969
1775.441700 48374.000000 6.512888 48316.867188
1776.922700 48057.000000 6.248444 48284.062500
1778.402100 48508.000000 6.166582 48251.980469
1779.881300 48221.000000 6.220446 48221.515625
1781.358900 48136.000000 6.272309 48192.128906
1782.836200 48259.000000 6.296335 48163.671875
1784.311900 48224.000000 6.245618 48135.082031
1785.787400 48217.000000 6.195549 48105.203125
1787.262600 47996.000000 6.215746 48074.925781
1788.736200 48229.000000 6.329408 48045.726562
1790.208300 48128.000000 6.402805 48016.835938
1791.679800 48202.000000 6.429985 47988.644531
1793.150000 48075.000000 6.447598 47960.402344
1794.619900 48203.000000 6.474145 47932.488281
1796.089600 47979.000000 6.370207 47906.621094
1797.557600 47821.000000 6.262402 47881.839844
1799.023900 47886.000000 6.237249 47856.941406
1800.490100 47854.000000 6.265019 47832.066406
1801.954600 47879.000000 6.224265 47806.453125
1803.418900 47852.000000 6.105443 47781.898438
1804.883100 47555.000000 6.027268 47760.640625
1806.345500 47916.000000 5.979380 47740.621094
1807.806400 47701.000000 6.037700 47721.734375
1809.266800 47510.000000 6.110033 47703.082031
1810.727400 47501.000000 6.165687 47684.144531
1812.186000 47738.000000 6.153449 47664.871094
1813.643300 47545.000000 5.952874 47647.035156
1815.100100 47697.000000 5.841237 47626.554688
1816.556800 47592.000000 5.736307 47606.457031
1818.010400 47359.000000 5.600727 47589.777344
1819.465300 47575.000000 5.506569 47574.039062
1820.918500 47935.000000 5.381555 47558.070312
1822.370100 47357.000000 5.234107 47544.250000
1823.821400 47876.000000 5.231416 47530.410156
1825.272600 47672.000000 5.203745 47517.312500
1826.722200 47461.000000 5.172397 47506.367188
1828.169900 47407.000000 5.122509 47495.710938
1829.617600 47540.000000 5.053395 47483.890625
1831.065200 47414.000000 4.887017 47471.593750
1832.511000 47304.000000 4.730972 47458.359375
1833.956500 47421.000000 4.732436 47444.445312
1835.400500 47423.000000 4.754118 47430.667969
1836.842900 47698.000000 4.747528 47416.660156
1838.285200 47366.000000 4.800319 47405.632812
1839.727100 47225.000000 4.949579 47398.210938
1841.167400 47551.000000 5.023912 47392.199219
1842.606100 47245.000000 4.995090 47387.414062
1844.044400 47306.000000 4.945710 47382.335938
1845.482800 47142.000000 4.837493 47378.078125
1846.919400 47261.000000 4.785771 47375.507812
1848.356000 47122.000000 4.819623 47374.394531
1849.790800 47319.000000 4.988106 47372.148438
1851.224000 47409.000000 5.276687 47366.816406
1852.656900 47041.000000 5.416728 47362.410156
1854.089700 47352.000000 5.401650 47358.167969
1855.520800 47403.000000 5.381101 47354.714844
1856.951800 47184.000000 5.356989 47353.929688
1858.381100 47182.000000 5.249770 47357.437500
1859.808700 47327.000000 5.141994 47363.914062
1861.236300 47493.000000 5.123219 47372.011719
1862.663500 47358.000000 5.278632 47382.105469
1864.089100 47038.000000 5.382373 47394.320312
1865.514600 47278.000000 5.412105 47407.812500
1866.938500 47362.000000 5.274627 47422.671875
1868.360700 47559.000000 5.135921 47439.089844
1869.784200 47644.000000 5.022288 47455.957031
1871.204500 47395.000000 4.934754 47473.078125
1872.624600 47264.000000 4.852334 47489.257812
1874.044700 47607.000000 4.601380 47503.082031
1875.463000 47402.000000 4.232850 47515.187500
1876.881200 47591.000000 3.871322 47523.367188
1878.297700 47596.000000 3.696182 47531.152344
1879.714100 47422.000000 3.634134 47539.414062
1881.128800 47543.000000 3.658272 47545.585938
1882.541900 47847.000000 3.658086 47548.031250
1883.956200 47992.000000 3.648803 47550.140625
1885.367400 47969.000000 3.909399 47549.066406
1886.778600 47654.000000 4.383117 47542.605469
1888.189500 48026.000000 5.031741 47538.453125
