Raman_Shift Original_Spectrum Predicted_Raman Predicted_Baseline
294.894650 55540.000000 39.620110 54959.792969
297.232540 55520.000000 43.324242 54886.738281
299.568300 55380.000000 47.701668 54959.277344
301.905240 55445.000000 42.566833 55064.320312
304.238400 55292.000000 42.203072 55143.562500
306.571040 55047.000000 38.903885 55181.757812
308.903260 55670.000000 35.297245 55197.277344
311.233340 55629.000000 33.357918 55182.968750
313.562930 55378.000000 34.735310 55150.156250
315.890440 55248.000000 36.278545 55143.687500
318.215790 54950.000000 41.691364 55166.417969
320.540680 55141.000000 49.391804 55189.800781
322.865110 55102.000000 55.711964 55242.101562
325.187410 54945.000000 57.868172 55285.054688
327.509250 55289.000000 56.763298 55337.968750
329.828920 55704.000000 55.282112 55412.757812
332.148160 55515.000000 55.444206 55489.707031
334.465270 55744.000000 60.969543 55560.601562
336.781950 55931.000000 71.063103 55635.750000
339.096470 55625.000000 81.990341 55707.601562
341.408870 55909.000000 90.372559 55783.437500
343.722530 55912.000000 96.511238 55857.714844
346.032350 56492.000000 100.514572 55944.785156
348.341740 56460.000000 105.248184 56034.601562
350.650670 56758.000000 107.033287 56141.507812
352.957460 56566.000000 113.409775 56240.996094
355.263760 57142.000000 119.798996 56341.449219
357.568020 56987.000000 125.497948 56440.476562
359.871800 56998.000000 127.890747 56542.671875
362.173430 57221.000000 125.532349 56641.972656
364.474640 57549.000000 124.179886 56750.722656
366.773710 57487.000000 126.714493 56858.859375
369.072360 57303.000000 132.067505 56983.351562
371.368870 57319.000000 131.972046 57095.109375
373.664920 57673.000000 130.541260 57210.781250
375.958890 57820.000000 126.569382 57324.191406
378.252380 58129.000000 124.276085 57443.835938
380.543790 57982.000000 122.680923 57548.683594
382.834750 58384.000000 122.653664 57647.164062
385.123570 58443.000000 122.172012 57728.132812
387.411960 58440.000000 119.526756 57814.062500
389.698210 58818.000000 116.008568 57876.421875
391.984070 58730.000000 111.113258 57942.875000
394.267790 58703.000000 103.254257 57994.585938
396.551060 58604.000000 92.359520 58057.527344
398.832210 58693.000000 80.521492 58108.656250
401.112950 58793.000000 72.053871 58170.234375
403.391570 59078.000000 66.225052 58219.851562
405.669770 59088.000000 63.971031 58275.648438
407.945860 59016.000000 61.146828 58317.500000
410.221470 58766.000000 59.930847 58365.058594
412.495030 58923.000000 59.484612 58405.171875
414.768100 58993.000000 59.798840 58456.281250
417.039090 59180.000000 58.231659 58491.148438
419.309630 58922.000000 57.451088 58528.960938
421.579740 58882.000000 57.498680 58561.847656
423.846100 58679.000000 58.946617 58605.085938
426.113680 59010.000000 62.805809 58627.015625
428.377470 59035.000000 70.326469 58657.558594
430.642520 58749.000000 80.036186 58687.515625
432.905460 59109.000000 91.505264 58722.808594
435.166320 59196.000000 101.178009 58747.406250
437.426700 59028.000000 109.338806 58771.390625
439.685060 59094.000000 116.013084 58788.593750
441.942900 59045.000000 120.984642 58817.289062
444.198730 59161.000000 124.243874 58829.796875
446.454070 59198.000000 128.505264 58846.601562
448.708980 59173.000000 132.809067 58860.000000
450.961820 59177.000000 135.446060 58877.406250
453.212550 59119.000000 135.064941 58873.718750
455.462890 59145.000000 136.706390 58870.164062
457.711120 59044.000000 139.932465 58866.750000
459.958920 59078.000000 144.369370 58870.648438
462.204590 59321.000000 152.435730 58859.539062
464.449890 59235.000000 164.848465 58848.054688
466.694760 59227.000000 178.929550 58837.171875
468.937500 58897.000000 193.644287 58834.914062
471.178160 59175.000000 206.027267 58809.703125
473.418460 59188.000000 221.061615 58793.769531
475.656620 59000.000000 242.988571 58779.929688
477.894380 59286.000000 266.574707 58766.101562
480.131680 59230.000000 285.872375 58737.289062
482.366910 59103.000000 308.932953 58709.230469
484.600040 59079.000000 336.698639 58676.085938
486.832790 59074.000000 368.935120 58645.601562
489.063450 59547.000000 408.219910 58598.894531
491.293670 59371.000000 460.350098 58556.355469
493.523500 59126.000000 534.297180 58505.945312
495.751190 59307.000000 641.826050 58463.242188
497.976840 59782.000000 782.606934 58421.765625
500.202090 59460.000000 972.474731 58369.613281
502.426910 59616.000000 1251.355103 58294.960938
504.649660 60211.000000 1681.724243 58223.906250
506.870270 60647.000000 2332.014160 58152.457031
509.090550 61170.000000 3195.400146 58099.203125
511.310360 62395.000000 4120.290039 58068.175781
513.528140 63114.000000 4874.258789 58053.269531
515.743770 62900.000000 5011.017090 57976.339844
517.959110 62273.000000 4413.269531 57859.281250
520.173890 61180.000000 3422.694824 57723.683594
522.386660 60060.000000 2480.395752 57622.687500
524.597410 59239.000000 1778.947632 57524.414062
526.807740 58480.000000 1323.004150 57424.589844
529.017580 58225.000000 1010.122437 57324.625000
531.225400 58180.000000 800.353699 57232.882812
533.431210 57852.000000 660.478149 57123.816406
535.636470 57671.000000 584.139099 57020.054688
537.841430 57300.000000 530.941040 56937.992188
540.044310 57457.000000 491.278015 56866.695312
542.245120 57701.000000 466.325928 56797.550781
544.445500 57634.000000 456.083435 56730.542969
546.645450 57303.000000 455.345215 56680.941406
548.843380 57199.000000 466.738190 56652.753906
551.040830 57402.000000 461.010925 56621.609375
553.236330 57323.000000 464.314148 56590.289062
555.429690 57459.000000 477.365875 56571.117188
557.622680 57495.000000 505.205505 56572.101562
559.815250 57387.000000 555.573669 56564.722656
562.005800 57689.000000 621.289368 56550.718750
564.195920 57529.000000 775.397827 56541.214844
566.383910 58256.000000 1086.881592 56549.070312
568.569950 58969.000000 1691.586182 56571.304688
570.755550 60035.000000 2579.756592 56578.902344
572.940730 60644.000000 3025.069824 56540.046875
575.123900 59554.000000 2480.141846 56482.660156
577.306640 58609.000000 1585.004028 56396.515625
579.487300 57784.000000 1041.346680 56339.519531
581.665950 57483.000000 786.774292 56295.066406
583.844120 57479.000000 679.257141 56264.156250
586.021970 57162.000000 647.470337 56231.074219
588.197750 57255.000000 650.953430 56196.195312
590.373170 57206.000000 674.804504 56164.171875
592.546450 57123.000000 697.979004 56150.406250
594.719420 56716.000000 713.315063 56134.605469
596.890260 57306.000000 738.208862 56108.707031
599.059140 56697.000000 775.019958 56099.296875
601.229190 56725.000000 824.786255 56091.289062
603.395570 57050.000000 858.399597 56077.859375
605.561580 56948.000000 899.551086 56062.636719
607.727170 57290.000000 955.651245 56039.296875
609.890750 57214.000000 1023.882812 56025.609375
612.053960 57305.000000 1107.384521 55995.031250
614.215030 57269.000000 1199.445801 55959.253906
616.375790 57498.000000 1320.884521 55908.777344
618.534480 57555.000000 1474.884277 55865.550781
620.692750 57770.000000 1676.224243 55808.753906
622.849000 58189.000000 1903.142334 55727.546875
625.004820 57851.000000 2188.816895 55630.453125
627.158750 58270.000000 2570.980469 55545.863281
629.310490 58618.000000 2969.033447 55491.832031
631.463560 59321.000000 3513.162842 55428.199219
633.612920 59584.000000 4163.622070 55393.031250
635.763490 60558.000000 5151.800781 55358.800781
637.910460 61613.000000 6196.496582 55320.429688
640.058650 63128.000000 7739.429688 55323.160156
642.203190 65415.000000 9533.540039 55423.101562
644.348880 68108.000000 12254.868164 55667.863281
646.491030 71804.000000 15338.882812 55862.691406
648.634400 75571.000000 19543.992188 56082.179688
650.774050 79884.000000 23291.560547 56264.105469
652.914980 83593.000000 26522.884766 56152.375000
655.052250 84447.000000 27037.880859 56064.921875
657.190730 82151.000000 24583.193359 55905.156250
659.325620 77906.000000 21241.888672 55964.750000
661.461730 74204.000000 17470.017578 55711.570312
663.594180 70414.000000 14615.572266 55695.675781
665.727910 67327.000000 12158.336914 55733.265625
667.857910 65630.000000 10341.047852 55696.980469
669.989200 63635.000000 8582.661133 55660.839844
672.118470 62826.000000 7257.613281 55645.171875
674.245670 61364.000000 6100.484863 55573.414062
676.372560 60644.000000 5251.689941 55456.648438
678.497380 60026.000000 4471.551758 55342.750000
680.621830 59294.000000 3795.390137 55305.605469
682.744320 58553.000000 3272.370850 55253.746094
684.866390 58247.000000 2885.219727 55191.687500
686.986450 57865.000000 2593.647949 55148.093750
689.106080 57669.000000 2367.000977 55126.460938
691.223750 57399.000000 2213.700439 55079.226562
693.341000 57464.000000 2119.744629 55039.550781
695.457820 57144.000000 2064.532471 55027.406250
697.571110 57220.000000 2050.317383 55038.308594
699.685610 56983.000000 2094.751221 55044.492188
701.798100 57601.000000 2157.196777 55046.347656
703.908570 57700.000000 2273.946533 55054.691406
706.018620 57567.000000 2355.520020 55062.734375
708.126770 57159.000000 2377.367676 55064.343750
710.234380 57298.000000 2294.642578 55042.187500
712.340150 57263.000000 2132.275146 55011.695312
714.445430 57089.000000 1904.961670 54967.644531
716.550350 56669.000000 1684.833984 54925.449219
718.653260 56209.000000 1472.668335 54871.046875
720.754270 56348.000000 1272.720337 54824.265625
722.854800 56016.000000 1100.394653 54782.878906
724.953370 55822.000000 967.431458 54736.867188
727.051570 55616.000000 856.834290 54687.410156
729.149350 55364.000000 749.586304 54649.542969
731.243530 55518.000000 675.669495 54612.031250
733.338990 55504.000000 613.575012 54576.125000
735.432370 55464.000000 548.677185 54529.957031
737.523800 55242.000000 511.833649 54486.156250
739.614870 55320.000000 482.848480 54435.054688
741.705570 54937.000000 458.011169 54396.347656
743.792600 54796.000000 432.931396 54362.171875
745.880920 54805.000000 413.727478 54342.363281
747.967220 54963.000000 399.394989 54316.203125
750.051570 54608.000000 391.754669 54297.269531
752.135500 54730.000000 382.485840 54276.667969
754.219120 54768.000000 363.194885 54263.796875
756.300720 54734.000000 344.962189 54238.136719
758.380310 54549.000000 331.965637 54213.238281
760.459530 54473.000000 316.334259 54186.820312
762.538390 54281.000000 296.573456 54175.996094
764.615300 54804.000000 274.294617 54151.761719
766.690190 54710.000000 257.028778 54133.734375
768.764710 54452.000000 242.187469 54110.000000
770.838810 54769.000000 237.117279 54094.054688
772.909360 54577.000000 230.389526 54071.984375
774.981140 54251.000000 225.339630 54053.914062
777.050960 54596.000000 220.963333 54030.968750
779.120420 54527.000000 219.819000 54011.070312
781.187870 54623.000000 220.970612 53973.785156
783.253420 54215.000000 225.799881 53951.082031
785.318480 54131.000000 226.719849 53921.953125
787.383240 54423.000000 217.628571 53902.058594
789.445980 54153.000000 206.171112 53875.902344
791.506770 54083.000000 199.263031 53854.949219
793.567260 54308.000000 194.002090 53828.820312
795.627260 54434.000000 189.237305 53809.242188
797.685360 54149.000000 187.918762 53778.652344
799.741520 54181.000000 190.135025 53753.183594
801.797240 54047.000000 192.901321 53718.718750
803.852600 54151.000000 188.799637 53686.925781
805.906010 53468.000000 184.643005 53656.628906
807.959050 53995.000000 181.483246 53628.238281
810.010130 53781.000000 181.891556 53596.355469
812.059200 53892.000000 185.738586 53564.812500
814.107970 54105.000000 192.119904 53526.125000
816.156370 53997.000000 199.212311 53491.609375
818.202760 54013.000000 203.614151 53446.445312
820.247190 53663.000000 199.204437 53415.566406
822.292850 53653.000000 194.920792 53368.375000
824.335020 53865.000000 192.138031 53329.160156
826.376770 53758.000000 190.737335 53286.203125
828.418090 53812.000000 187.055618 53248.675781
830.457520 53458.000000 182.800873 53200.523438
832.496640 53663.000000 181.126816 53156.402344
834.533690 53532.000000 180.268539 53105.015625
836.568910 53162.000000 176.460419 53062.804688
838.603700 53167.000000 173.698273 53009.859375
840.638060 53346.000000 173.353851 52964.992188
842.670530 53215.000000 173.007965 52920.988281
844.702640 53003.000000 168.323608 52887.429688
846.732790 53108.000000 163.062775 52838.031250
848.762570 53308.000000 160.761139 52787.480469
850.790470 52883.000000 160.434448 52739.648438
852.816350 52878.000000 158.138306 52704.218750
854.843440 52644.000000 157.305740 52653.351562
856.867070 53107.000000 158.061066 52599.027344
858.890200 52855.000000 160.953339 52535.980469
860.913150 52768.000000 160.677032 52475.312500
862.934020 52392.000000 160.313202 52414.515625
864.954530 52561.000000 161.346710 52353.664062
866.973140 52395.000000 163.811783 52282.464844
868.991390 52133.000000 163.889984 52207.769531
871.007690 52839.000000 164.846298 52124.191406
873.023620 52147.000000 168.179779 52039.343750
875.037660 51988.000000 175.246216 51946.683594
877.051270 52261.000000 179.498230 51861.812500
879.062990 52102.000000 182.567719 51780.382812
881.074340 52099.000000 190.503830 51706.003906
883.083740 52311.000000 208.619217 51620.328125
885.092770 52249.000000 236.298172 51538.824219
887.099850 52246.000000 289.179016 51459.042969
889.104980 52574.000000 371.549622 51391.281250
891.111450 52115.000000 528.738953 51336.160156
893.114260 52338.000000 817.441772 51282.902344
895.118410 53036.000000 1346.363281 51217.605469
897.119020 54276.000000 2089.586182 51104.609375
899.120790 54073.000000 2487.356689 50971.332031
901.119080 53310.000000 2052.202881 50839.726562
903.118650 52330.000000 1283.787598 50712.710938
905.114620 51693.000000 760.999939 50599.503906
907.111880 51152.000000 494.891907 50468.816406
909.107180 50909.000000 360.748657 50359.132812
911.100520 50796.000000 302.539124 50254.546875
913.093630 50539.000000 278.996887 50159.078125
915.084660 50279.000000 272.611420 50048.894531
917.075380 50468.000000 273.729065 49928.523438
919.064210 50317.000000 284.951385 49808.484375
921.052730 50082.000000 314.119934 49689.820312
923.039310 50274.000000 368.636169 49580.687500
925.025450 50128.000000 459.297852 49526.023438
927.009770 50216.000000 702.153870 49480.171875
928.993650 50810.000000 1387.411499 49491.539062
930.975590 52297.000000 2767.705566 49450.464844
932.957280 54560.000000 3922.050049 49363.113281
934.937010 52608.000000 2964.622559 49226.761719
936.916380 51158.000000 1575.781982 49093.785156
938.895390 50083.000000 804.570190 48994.277344
940.870970 49383.000000 493.248444 48911.597656
942.847660 49353.000000 394.765961 48831.863281
944.822510 49293.000000 352.829742 48777.152344
946.795470 48993.000000 344.589661 48732.996094
948.768010 48989.000000 345.127441 48693.835938
950.738710 48941.000000 356.187103 48634.210938
952.708980 48910.000000 381.692322 48564.355469
954.677310 49118.000000 434.096039 48495.609375
956.645390 49187.000000 518.059143 48444.328125
958.613160 49322.000000 647.709595 48411.769531
960.578920 49476.000000 847.841980 48410.339844
962.542720 49945.000000 1195.526489 48424.519531
964.506290 50610.000000 1793.008057 48444.292969
966.467960 51336.000000 2703.836670 48479.515625
968.429260 52426.000000 3729.574219 48458.656250
970.390140 52903.000000 4289.149414 48382.757812
972.347660 52552.000000 3983.199707 48303.406250
974.306270 51752.000000 3073.518311 48213.300781
976.263060 50427.000000 2128.120117 48162.390625
978.218020 49476.000000 1409.456787 48073.613281
980.172490 48880.000000 947.634094 48000.246094
982.125120 48656.000000 688.827026 47939.757812
984.077390 48984.000000 542.410522 47900.718750
986.029360 48338.000000 445.698181 47871.140625
987.979370 48379.000000 370.899353 47849.398438
989.927490 48233.000000 320.301453 47803.468750
991.875310 48147.000000 287.767120 47746.781250
993.822750 48015.000000 260.792114 47692.171875
995.768370 47943.000000 237.684982 47648.273438
997.711980 48022.000000 222.844604 47605.074219
999.655270 47602.000000 213.615189 47566.816406
1001.596700 47760.000000 206.022369 47534.808594
1003.537700 47876.000000 195.127594 47504.992188
1005.478600 47526.000000 185.105652 47465.582031
1007.417400 47919.000000 180.033112 47437.902344
1009.354300 47901.000000 176.492996 47399.300781
1011.291000 47591.000000 171.162842 47377.683594
1013.227200 47336.000000 167.239578 47364.628906
1015.161600 47701.000000 167.021088 47348.140625
1017.094100 47521.000000 167.759430 47324.347656
1019.026200 47590.000000 165.907501 47294.906250
1020.958000 47563.000000 165.585648 47263.789062
1022.888000 47190.000000 168.597198 47243.609375
1024.816000 47497.000000 171.374680 47238.886719
1026.743800 47086.000000 170.827637 47235.152344
1028.671100 47427.000000 171.717743 47237.335938
1030.596600 47520.000000 174.809753 47228.472656
1032.521700 47433.000000 179.263290 47217.238281
1034.444900 47550.000000 181.764603 47202.960938
1036.366300 47576.000000 185.784317 47176.523438
1038.287400 47709.000000 192.119659 47146.957031
1040.208100 47568.000000 201.717102 47125.136719
1042.127000 47193.000000 210.129593 47125.187500
1044.043800 47564.000000 219.912933 47133.843750
1045.960400 47457.000000 232.928833 47125.507812
1047.876700 47640.000000 251.695190 47121.433594
1049.791000 47321.000000 270.912537 47119.777344
1051.705100 47547.000000 297.386139 47133.695312
1053.617300 47811.000000 331.897034 47139.937500
1055.527600 47559.000000 381.114929 47137.535156
1057.437500 47762.000000 451.919006 47128.101562
1059.347300 48059.000000 545.872437 47138.460938
1061.255000 48007.000000 679.678833 47165.148438
1063.162500 48014.000000 888.663452 47211.820312
1065.068000 48504.000000 1228.423950 47271.757812
1066.971700 48953.000000 1756.742920 47329.062500
1068.875000 49682.000000 2515.521484 47373.656250
1070.778100 50718.000000 3321.764160 47393.652344
1072.679200 51245.000000 3776.448486 47339.093750
1074.580000 50774.000000 3575.979736 47222.875000
1076.479000 50175.000000 2939.778320 47166.351562
1078.377600 49280.000000 2211.125488 47158.523438
1080.274400 48826.000000 1626.875366 47118.601562
1082.169200 48406.000000 1205.408203 47033.160156
1084.065300 47978.000000 917.293091 46981.097656
1085.958000 47517.000000 725.688538 46935.972656
1087.850300 47113.000000 583.069702 46900.761719
1089.742400 47454.000000 493.114685 46874.386719
1091.632600 47257.000000 432.497498 46843.734375
1093.522500 47089.000000 385.617523 46831.429688
1095.410400 47108.000000 348.185608 46798.078125
1097.298100 47166.000000 321.478363 46758.550781
1099.183800 46862.000000 303.545319 46729.910156
1101.069300 47078.000000 287.991821 46704.558594
1102.952900 46841.000000 276.802826 46686.902344
1104.834600 46776.000000 273.895905 46677.218750
1106.717700 47043.000000 275.240417 46665.964844
1108.597200 47093.000000 275.903717 46651.257812
1110.477900 46746.000000 274.369232 46623.875000
1112.355300 47039.000000 274.272400 46600.226562
1114.232300 46680.000000 277.627899 46589.648438
1116.109100 47016.000000 284.438782 46586.304688
1117.984000 46921.000000 288.769165 46561.609375
1119.858500 46500.000000 292.184906 46559.523438
1121.731300 46821.000000 297.045593 46580.921875
1123.603600 46926.000000 302.581665 46585.214844
1125.474100 47002.000000 307.531189 46558.234375
1127.344400 47261.000000 315.117310 46525.234375
1129.212600 46822.000000 325.424255 46505.328125
1131.080700 46930.000000 341.622772 46482.261719
1132.946900 46738.000000 359.763947 46472.132812
1134.812700 46861.000000 379.134705 46497.246094
1136.676800 46913.000000 402.777252 46534.824219
1138.540400 46992.000000 429.663666 46564.308594
1140.402300 47474.000000 462.857727 46553.109375
1142.263800 47153.000000 506.720062 46557.351562
1144.123400 47400.000000 557.244690 46597.269531
1145.982800 47335.000000 622.455566 46611.082031
1147.841800 47160.000000 703.925049 46632.937500
1149.697500 47925.000000 796.968933 46665.433594
1151.554400 47794.000000 916.958618 46689.652344
1153.407800 47747.000000 1077.580811 46737.257812
1155.262600 48183.000000 1320.981201 46799.496094
1157.115500 48707.000000 1639.342041 46893.578125
1158.966400 48748.000000 2024.915283 46979.765625
1160.817100 49499.000000 2413.778564 47042.507812
1162.666000 49994.000000 2672.081055 47026.710938
1164.514500 49873.000000 2694.435303 46980.500000
1166.361300 49659.000000 2522.601074 46992.125000
1168.207600 49621.000000 2229.880859 47022.273438
1170.052200 48930.000000 1991.257080 47024.187500
1171.896500 48861.000000 1832.867798 47003.554688
1173.740400 48876.000000 1756.278320 47048.707031
1175.580900 48777.000000 1740.879639 47082.433594
1177.422900 49167.000000 1789.850220 47052.437500
1179.262700 49523.000000 1946.550537 47050.582031
1181.100700 49090.000000 2210.255371 47062.250000
1182.938600 49586.000000 2576.270508 47103.496094
1184.774500 50043.000000 3080.637695 47148.101562
1186.610200 50822.000000 3667.456543 47188.859375
1188.444000 51520.000000 4435.228516 47328.414062
1190.277500 52834.000000 5367.823242 47522.781250
1192.110700 54132.000000 6559.557129 47630.152344
1193.942000 55130.000000 7712.893555 47720.285156
1195.771600 56246.000000 8763.913086 47739.175781
1197.600700 56774.000000 9263.964844 47824.394531
1199.428100 56776.000000 9193.195312 47811.496094
1201.255200 56466.000000 8652.740234 47819.902344
1203.082000 55640.000000 7789.114258 47790.128906
1204.907000 54323.000000 6747.936523 47753.734375
1206.730100 53290.000000 5774.645508 47620.363281
1208.552900 52776.000000 5010.662109 47551.191406
1210.373900 52221.000000 4562.708008 47521.945312
1212.194600 51796.000000 4350.879395 47455.976562
1214.015000 52073.000000 4372.633789 47391.316406
1215.833500 52001.000000 4524.893066 47418.089844
1217.650300 52685.000000 4926.563477 47486.714844
1219.466700 53274.000000 5570.465820 47653.421875
1221.281300 54289.000000 6541.600586 47856.992188
1223.095600 55923.000000 7769.004883 48089.613281
1224.909500 57351.000000 9232.489258 48265.761719
1226.721700 58868.000000 10481.716797 48425.078125
1228.532000 59539.000000 11370.208984 48500.109375
1230.342000 60077.000000 11528.708984 48573.714844
1232.151700 59121.000000 10794.837891 48580.480469
1233.959700 57699.000000 9476.990234 48583.226562
1235.765900 56342.000000 7861.676758 48425.484375
1237.571700 54692.000000 6372.012207 48357.550781
1239.377100 53538.000000 5183.842773 48316.894531
1241.180800 52543.000000 4310.072754 48244.812500
1242.982700 51697.000000 3706.569092 48217.617188
1244.784200 51514.000000 3307.690186 48238.871094
1246.585300 51281.000000 3133.299561 48254.722656
1248.384900 51046.000000 3093.121094 48235.953125
1250.182500 51137.000000 3248.540527 48193.882812
1251.979700 51449.000000 3450.195312 48224.761719
1253.776900 52077.000000 3855.278564 48213.367188
1255.572000 52846.000000 4404.374512 48231.058594
1257.365500 53162.000000 5321.187988 48247.683594
1259.160000 54991.000000 6524.586914 48266.898438
1260.951300 57074.000000 8394.879883 48412.449219
1262.742300 59300.000000 10727.582031 48678.023438
1264.533100 62676.000000 14089.320312 48975.578125
1266.322000 66659.000000 17587.822266 49305.078125
1268.109000 70092.000000 21601.449219 49382.218750
1269.895800 73323.000000 24342.701172 49226.292969
1271.682400 74707.000000 25149.683594 48964.644531
1273.466900 73591.000000 23866.566406 48937.722656
1275.251500 70164.000000 20864.519531 48796.457031
1277.033900 66353.000000 17675.199219 48955.390625
1278.814700 63169.000000 14228.073242 48897.746094
1280.595200 60229.000000 11561.883789 49018.832031
1282.375400 57540.000000 9233.042969 49072.582031
1284.153800 55518.000000 7475.955566 48949.332031
1285.931900 54473.000000 6016.225098 48944.882812
1287.708100 53670.000000 4959.561523 49075.585938
1289.482500 52778.000000 4136.344727 49070.929688
1291.256800 52637.000000 3539.321045 49032.886719
1293.030600 52088.000000 3058.777100 49030.113281
1294.802900 51914.000000 2675.385254 49080.949219
1296.574600 51885.000000 2399.551514 49057.644531
1298.344600 51507.000000 2199.659424 49019.042969
1300.114400 51278.000000 2073.710693 49041.656250
1301.882300 51448.000000 1983.192383 49111.273438
1303.648300 51418.000000 1944.581421 49150.546875
1305.415800 51621.000000 1937.851807 49144.906250
1307.179700 51694.000000 1973.821655 49176.187500
1308.943500 52049.000000 2071.916016 49240.710938
1310.707000 51874.000000 2218.395264 49298.183594
1312.468600 51894.000000 2414.507324 49332.406250
1314.230000 52602.000000 2669.557861 49386.949219
1315.989500 52707.000000 2932.114258 49490.128906
1317.748800 53133.000000 3313.485840 49608.699219
1319.506200 53685.000000 3801.469238 49762.671875
1321.263400 54578.000000 4510.680664 49912.554688
1323.018900 55190.000000 5362.320801 50111.335938
1324.774000 56535.000000 6417.531250 50363.511719
1326.527300 57906.000000 7614.537598 50592.218750
1328.278900 59537.000000 9005.008789 50771.324219
1330.031700 60641.000000 10283.004883 50993.761719
1331.781100 62015.000000 11315.458984 51079.175781
1333.531900 62475.000000 11526.840820 51167.937500
1335.279300 61679.000000 10906.029297 51166.808594
1337.027800 60519.000000 9772.029297 51167.875000
1338.773200 59024.000000 8402.995117 51166.878906
1340.518300 57628.000000 7071.790527 51163.066406
1342.263100 56665.000000 5897.416504 51107.968750
1344.006000 55558.000000 4963.420410 51024.960938
1345.748700 54993.000000 4225.104492 51002.542969
1347.489500 54480.000000 3610.403564 50958.019531
1349.230200 54065.000000 3106.355469 50930.542969
1350.969100 53781.000000 2702.377686 50950.476562
1352.707500 53842.000000 2436.034668 50951.613281
1354.445900 53558.000000 2245.114990 50943.152344
1356.180900 53561.000000 2169.511475 50945.199219
1357.917000 53472.000000 2155.665771 50971.371094
1359.649900 53632.000000 2233.424072 50963.429688
1361.384200 53709.000000 2379.172363 50960.730469
1363.115000 54187.000000 2639.687988 50994.789062
1364.847000 54244.000000 2968.585693 51065.523438
1366.577400 54934.000000 3454.346191 51157.156250
1368.305900 55563.000000 4100.812988 51278.046875
1370.034300 56571.000000 4995.453613 51419.484375
1371.760600 58260.000000 6173.270020 51619.960938
1373.486900 59162.000000 7609.320312 51783.609375
1375.211300 60667.000000 8943.570312 51955.359375
1376.935400 61958.000000 9917.505859 52023.773438
1378.657800 62305.000000 10095.823242 52063.105469
1380.380000 61671.000000 9345.015625 52105.960938
1382.100200 60205.000000 8058.518066 52148.351562
1383.820300 58359.000000 6523.089844 52033.800781
1385.540200 57058.000000 5121.004883 51905.984375
1387.256500 56021.000000 4014.177734 51834.109375
1388.974200 55276.000000 3145.371582 51731.589844
1390.690300 54312.000000 2514.560059 51702.582031
1392.404400 54207.000000 2045.845093 51685.277344
1394.118400 53761.000000 1712.715088 51642.039062
1395.830400 53607.000000 1470.057983 51621.542969
1397.542200 53435.000000 1296.804932 51621.863281
1399.252300 53379.000000 1171.051636 51619.832031
1400.962200 52829.000000 1089.721680 51620.910156
1402.671800 52886.000000 1027.965454 51613.140625
1404.379500 52899.000000 991.807495 51612.578125
1406.085600 52859.000000 956.437805 51615.812500
1407.791300 52786.000000 924.050415 51620.250000
1409.495200 52670.000000 907.320496 51613.882812
1411.199000 53021.000000 896.018738 51609.828125
1412.902500 52809.000000 884.158386 51597.531250
1414.604000 53051.000000 876.387085 51585.816406
1416.304000 52988.000000 882.444946 51565.757812
1418.003700 52589.000000 893.238159 51554.312500
1419.701500 52767.000000 887.817688 51534.828125
1421.399000 52523.000000 883.896362 51524.148438
1423.096400 52457.000000 894.087036 51506.085938
1424.792000 52579.000000 912.605347 51502.093750
1426.485700 52267.000000 935.889282 51506.738281
1428.179300 52454.000000 968.142761 51520.093750
1429.871100 52690.000000 1014.979614 51520.953125
1431.562500 53118.000000 1072.422119 51535.242188
1433.253900 53084.000000 1135.356201 51542.457031
1434.943400 53736.000000 1202.492310 51518.074219
1436.631000 53352.000000 1290.850830 51474.093750
1438.318500 53075.000000 1417.870117 51443.097656
1440.005600 53069.000000 1584.672119 51423.429688
1441.691000 53131.000000 1812.415039 51414.312500
1443.374800 53646.000000 2120.984863 51406.566406
1445.058200 54153.000000 2523.972168 51414.285156
1446.741300 54867.000000 2992.165527 51431.390625
1448.422900 55392.000000 3600.260986 51471.757812
1450.102400 56172.000000 4347.982910 51522.394531
1451.781700 57106.000000 5297.297363 51607.167969
1453.460900 58240.000000 6344.785645 51758.640625
1455.138200 58991.000000 7540.698242 51914.207031
1456.813800 60925.000000 8626.744141 52034.628906
1458.489100 61695.000000 9717.913086 52108.957031
1460.164300 62414.000000 10507.998047 52238.707031
1461.837600 63210.000000 11058.564453 52314.171875
1463.509200 63142.000000 11085.399414 52390.058594
1465.180500 62770.000000 10635.197266 52371.648438
1466.851600 61761.000000 9852.114258 52331.980469
1468.520900 60655.000000 8814.549805 52289.855469
1470.189900 59772.000000 7675.463867 52213.031250
1471.857200 58602.000000 6483.319336 52095.292969
1473.522800 57258.000000 5425.440918 51939.722656
1475.188100 56281.000000 4548.829102 51850.503906
1476.853100 55317.000000 3821.662598 51726.636719
1478.516500 54825.000000 3191.011719 51638.179688
1480.178000 54463.000000 2672.108154 51593.332031
1481.839200 53610.000000 2283.616455 51541.562500
1483.500400 53750.000000 1978.972900 51464.359375
1485.159700 53308.000000 1761.018799 51420.921875
1486.818600 53171.000000 1564.928589 51391.734375
1488.476000 52653.000000 1423.689209 51371.960938
1490.131500 52772.000000 1311.029541 51341.203125
1491.788300 52491.000000 1222.609497 51323.843750
1493.441800 52319.000000 1157.377075 51311.367188
1495.095100 52507.000000 1117.320557 51302.640625
1496.748000 52342.000000 1094.560547 51299.968750
1498.399400 52701.000000 1080.235596 51307.253906
1500.050400 52478.000000 1046.997070 51309.925781
1501.699700 52725.000000 1027.063477 51314.488281
1503.347300 52685.000000 1021.773926 51316.562500
1504.996100 52608.000000 1025.443481 51329.378906
1506.641600 52377.000000 1039.404541 51344.074219
1508.287000 52533.000000 1062.135498 51362.046875
1509.932000 52608.000000 1098.286377 51371.835938
1511.575300 52437.000000 1145.513306 51385.742188
1513.218500 52971.000000 1206.475952 51397.316406
1514.859700 52914.000000 1285.366455 51401.945312
1516.500900 53107.000000 1394.456787 51392.632812
1518.140300 53392.000000 1537.715088 51390.320312
1519.777800 53483.000000 1707.936890 51384.476562
1521.416700 53642.000000 1926.298828 51372.839844
1523.052200 54200.000000 2207.613525 51353.207031
1524.689200 54349.000000 2591.877197 51346.218750
1526.322800 54438.000000 3040.285400 51347.117188
1527.956200 55447.000000 3629.848877 51395.109375
1529.589400 55802.000000 4369.961914 51479.023438
1531.220800 56848.000000 5338.852539 51587.761719
1532.851900 58506.000000 6436.573242 51753.449219
1534.481400 59857.000000 7752.930664 51943.398438
1536.110600 60943.000000 9018.561523 52102.710938
1537.738000 62368.000000 10382.320312 52185.957031
1539.365200 63963.000000 11542.943359 52342.332031
1540.990700 64789.000000 12582.826172 52441.128906
1542.616000 65258.000000 13016.901367 52544.007812
1544.239500 65146.000000 12831.339844 52560.863281
1545.862700 64593.000000 12150.309570 52566.031250
1547.484400 63375.000000 11027.515625 52546.722656
1549.105600 61723.000000 9714.347656 52523.949219
1550.725100 60518.000000 8255.124023 52419.792969
1552.344500 58987.000000 6966.812500 52291.562500
1553.962000 57501.000000 5849.333008 52210.535156
1555.579300 56728.000000 4923.079102 52079.664062
1557.195100 55938.000000 4084.253418 52000.925781
1558.810400 55576.000000 3389.999268 51954.191406
1560.424100 54828.000000 2842.171143 51890.429688
1562.037500 54308.000000 2406.898682 51814.132812
1563.649200 53906.000000 2057.544434 51763.628906
1565.260600 53496.000000 1763.950195 51729.515625
1566.870500 53315.000000 1542.883911 51691.773438
1568.479900 53056.000000 1357.949463 51653.375000
1570.089100 53383.000000 1201.605591 51628.250000
1571.695200 52499.000000 1072.411011 51626.960938
1573.302500 52915.000000 975.850891 51615.167969
1574.906500 52414.000000 891.721313 51606.605469
1576.511800 52499.000000 813.376831 51598.304688
1578.115500 52991.000000 746.890015 51585.714844
1579.717400 52722.000000 689.677979 51586.660156
1581.319100 52361.000000 645.346558 51592.757812
1582.919100 52983.000000 597.911682 51602.132812
1584.518700 52280.000000 557.099243 51614.992188
1586.116600 52382.000000 528.736816 51624.585938
1587.714500 52326.000000 502.110901 51630.898438
1589.310500 52479.000000 469.285400 51646.894531
1590.906300 52189.000000 443.360260 51670.785156
1592.501800 52237.000000 420.892242 51695.710938
1594.095700 52150.000000 400.213898 51716.375000
1595.687900 52072.000000 373.155121 51745.972656
1597.279700 52100.000000 352.319214 51771.167969
1598.869900 52275.000000 334.312744 51797.367188
1600.459700 52355.000000 317.956146 51819.906250
1602.048100 52212.000000 300.873444 51856.890625
1603.636000 52062.000000 287.270050 51887.808594
1605.223900 52370.000000 276.842896 51913.308594
1606.809800 52049.000000 267.750793 51932.515625
1608.394200 52014.000000 253.717453 51958.617188
1609.978300 52215.000000 239.625565 51976.125000
1611.560700 52264.000000 229.193573 51987.417969
1613.142900 52585.000000 221.802536 51991.476562
1614.724700 52497.000000 212.801605 52010.058594
1616.304900 52275.000000 204.406601 52027.175781
1617.883500 52299.000000 197.346359 52048.699219
1619.461800 52483.000000 191.649384 52055.058594
1621.038300 52530.000000 184.604034 52071.492188
1622.614700 52715.000000 179.254044 52087.675781
1624.190800 52429.000000 175.520966 52108.031250
1625.765300 52583.000000 171.383377 52115.585938
1627.337900 52763.000000 163.538025 52136.015625
1628.910400 52279.000000 157.511230 52148.062500
1630.482700 52735.000000 152.604538 52157.824219
1632.053200 52720.000000 146.962967 52155.031250
1633.622100 52690.000000 137.778397 52168.894531
1635.190600 52320.000000 129.884674 52182.074219
1636.759000 52778.000000 124.274269 52194.300781
1638.325700 52714.000000 120.683556 52191.324219
1639.890700 52891.000000 118.707680 52197.406250
1641.455400 52682.000000 117.890640 52203.921875
1643.019900 52546.000000 116.209091 52210.753906
1644.582800 52446.000000 113.242638 52202.355469
1646.143900 52528.000000 107.988953 52198.246094
1647.704700 52719.000000 104.655167 52187.558594
1649.265500 52541.000000 102.942688 52182.140625
1650.824500 52618.000000 101.424026 52166.484375
1652.381600 52659.000000 99.822342 52150.878906
1653.938700 52611.000000 100.296608 52128.250000
1655.495500 52313.000000 100.544327 52114.539062
1657.050700 52374.000000 98.728783 52082.597656
1658.604100 52358.000000 96.041771 52053.843750
1660.157200 52478.000000 95.129196 52015.824219
1661.710200 52554.000000 94.609917 51982.761719
1663.261500 52024.000000 94.073730 51947.906250
1664.811200 52372.000000 92.417664 51913.703125
1666.361900 52072.000000 91.223244 51870.355469
1667.909700 52084.000000 90.256790 51821.750000
1669.457200 52188.000000 88.466812 51766.675781
1671.004300 51840.000000 86.851547 51722.925781
1672.549900 51817.000000 86.721695 51675.851562
1674.093600 51650.000000 87.291382 51627.417969
1675.637300 51782.000000 87.786819 51565.222656
1677.180800 51815.000000 87.388962 51510.515625
1678.722400 51838.000000 87.658424 51454.003906
1680.263900 51583.000000 87.998306 51406.503906
1681.803700 51446.000000 87.719391 51352.375000
1683.341800 51700.000000 86.375381 51302.113281
1684.881200 51335.000000 87.256187 51249.953125
1686.417500 51339.000000 88.571335 51199.910156
1687.953400 51326.000000 88.741829 51137.054688
1689.489100 51424.000000 87.198975 51078.136719
1691.023200 51308.000000 87.347610 51019.582031
1692.557100 51231.000000 87.746811 50971.027344
1694.089200 50955.000000 86.377258 50917.093750
1695.619800 50817.000000 82.223518 50869.054688
1697.151500 50767.000000 79.546677 50815.332031
1698.680200 50804.000000 78.294518 50760.843750
1700.208500 50764.000000 77.493782 50704.839844
1701.736600 50651.000000 76.166397 50651.753906
1703.263100 50954.000000 75.069893 50593.734375
1704.789300 50607.000000 73.419228 50539.304688
1706.314000 50836.000000 69.177872 50482.914062
1707.838100 50589.000000 62.077766 50444.476562
1709.361000 50293.000000 56.888653 50397.296875
1710.883300 50386.000000 54.272591 50342.546875
1712.404100 50525.000000 53.820320 50282.757812
1713.923100 50647.000000 55.142662 50234.718750
1715.443500 50359.000000 56.116325 50183.078125
1716.960700 49866.000000 56.500629 50131.488281
1718.479100 50357.000000 55.428703 50063.949219
1719.994500 50380.000000 53.156403 50010.750000
1721.509600 49944.000000 51.985584 49963.960938
1723.024400 49796.000000 51.294624 49922.894531
1724.537600 49971.000000 50.248013 49859.785156
1726.050700 49979.000000 49.159836 49799.292969
1727.561900 50004.000000 48.336258 49732.210938
1729.073000 49998.000000 47.762566 49676.351562
1730.582400 49772.000000 46.619682 49610.597656
1732.091700 50193.000000 44.698242 49563.859375
1733.599200 49425.000000 44.644272 49506.183594
1735.106600 49739.000000 45.595043 49460.769531
1736.612100 49271.000000 46.565651 49398.035156
1738.117600 49411.000000 48.011711 49344.003906
1739.621300 49311.000000 49.165092 49299.328125
1741.125000 48837.000000 50.111225 49258.050781
1742.626800 49177.000000 49.564045 49206.585938
1744.128400 49018.000000 47.999664 49143.195312
1745.628500 49343.000000 46.845222 49085.308594
1747.128300 49214.000000 46.441910 49038.312500
1748.626300 49093.000000 46.132267 48989.781250
1750.124300 48944.000000 45.462437 48949.964844
1751.620500 48964.000000 45.235085 48907.437500
1753.116600 48885.000000 45.732132 48864.898438
1754.612400 48876.000000 45.461510 48815.531250
1756.105100 49113.000000 44.633484 48771.066406
1757.599100 49035.000000 44.201977 48721.578125
1759.091300 48983.000000 43.879276 48682.574219
1760.582000 48737.000000 42.735245 48638.195312
1762.072400 48915.000000 41.551949 48609.625000
1763.561000 48635.000000 40.946095 48577.687500
1765.049600 48366.000000 41.082314 48544.789062
1766.536500 48758.000000 41.010792 48507.468750
1768.023200 48593.000000 40.521870 48469.582031
1769.508100 48304.000000 40.320038 48438.035156
1770.992900 48527.000000 40.728123 48410.761719
1772.477500 48418.000000 40.761139 48373.468750
1773.959000 48469.000000 40.373672 48345.378906
1775.441700 48416.000000 39.803154 48317.929688
1776.922700 48135.000000 39.639221 48289.742188
1778.402100 48591.000000 39.066307 48260.632812
1779.881300 48411.000000 37.769615 48236.285156
1781.358900 48127.000000 36.984104 48214.898438
1782.836200 48290.000000 36.482647 48195.835938
1784.311900 48354.000000 36.091957 48167.089844
1785.787400 48302.000000 34.757530 48146.562500
1787.262600 48095.000000 34.262127 48129.546875
1788.736200 48152.000000 33.968197 48117.312500
1790.208300 47972.000000 33.745705 48086.039062
1791.679800 48350.000000 33.017830 48063.117188
1793.150000 48058.000000 33.014839 48036.140625
1794.619900 48137.000000 33.301216 48020.656250
1796.089600 48043.000000 33.145271 48002.753906
1797.557600 47831.000000 32.112312 47988.742188
1799.023900 47956.000000 31.353649 47965.765625
1800.490100 48036.000000 30.786427 47942.390625
1801.954600 47865.000000 30.687540 47911.070312
1803.418900 48157.000000 29.922562 47895.328125
1804.883100 47629.000000 30.266779 47864.777344
1806.345500 48081.000000 30.573267 47844.035156
1807.806400 47697.000000 31.045523 47811.031250
1809.266800 47778.000000 30.769800 47793.980469
1810.727400 47548.000000 31.143112 47780.027344
1812.186000 47716.000000 31.760168 47764.140625
1813.643300 47777.000000 31.756618 47738.363281
1815.100100 47943.000000 31.164661 47706.210938
1816.556800 47681.000000 31.093899 47681.953125
1818.010400 47433.000000 30.654896 47679.671875
1819.465300 47711.000000 30.152039 47668.492188
1820.918500 47942.000000 29.141794 47646.304688
1822.370100 47591.000000 29.278210 47620.195312
1823.821400 47938.000000 29.552479 47606.007812
1825.272600 47702.000000 29.532486 47582.437500
1826.722200 47599.000000 28.937494 47569.378906
1828.169900 47427.000000 29.014469 47562.800781
1829.617600 47472.000000 29.517206 47555.945312
1831.065200 47536.000000 29.399755 47550.832031
1832.511000 47486.000000 28.742533 47537.718750
1833.956500 47420.000000 28.229259 47522.488281
1835.400500 47567.000000 28.265738 47504.800781
1836.842900 47804.000000 28.597281 47473.441406
1838.285200 47494.000000 28.669811 47445.195312
1839.727100 47200.000000 28.952047 47442.742188
1841.167400 47437.000000 29.064915 47443.406250
1842.606100 47385.000000 28.883392 47425.988281
1844.044400 47393.000000 28.691015 47403.816406
1845.482800 47207.000000 29.639654 47393.339844
1846.919400 47286.000000 30.854456 47388.898438
1848.356000 47219.000000 31.076405 47378.101562
1849.790800 47393.000000 30.933817 47363.312500
1851.224000 47448.000000 31.684793 47353.457031
1852.656900 47012.000000 32.396374 47353.339844
1854.089700 47354.000000 32.469734 47359.812500
1855.520800 47429.000000 31.541708 47359.750000
1856.951800 47112.000000 31.097406 47378.265625
1858.381100 47263.000000 30.146006 47399.414062
1859.808700 47661.000000 28.681971 47397.390625
1861.236300 47712.000000 27.134045 47376.667969
1862.663500 47479.000000 27.063547 47376.281250
1864.089100 47098.000000 27.011011 47415.605469
1865.514600 47444.000000 26.470905 47453.390625
1866.938500 47447.000000 25.717960 47462.718750
1868.360700 47685.000000 26.009104 47470.707031
1869.784200 47647.000000 27.100693 47459.132812
1871.204500 47534.000000 27.456491 47447.035156
1872.624600 47273.000000 27.052561 47462.195312
1874.044700 47615.000000 26.414814 47483.023438
1875.463000 47482.000000 26.299616 47476.187500
1876.881200 47649.000000 26.686987 47479.410156
1878.297700 47639.000000 27.494305 47477.156250
1879.714100 47541.000000 28.166424 47474.183594
1881.128800 47492.000000 28.038870 47495.710938
1882.541900 47869.000000 26.817743 47505.539062
1883.956200 48029.000000 25.398573 47466.402344
1885.367400 47915.000000 23.962030 47380.332031
1886.778600 47690.000000 26.703512 47330.074219
1888.189500 48039.000000 32.975594 47413.003906
