Raman_Shift Original_Spectrum Predicted_Raman Predicted_Baseline
294.894650 55532.000000 162.013763 54649.871094
297.232540 55456.000000 165.519135 54505.277344
299.568300 55347.000000 172.298111 54613.160156
301.905240 55463.000000 164.354279 54763.832031
304.238400 55457.000000 173.720688 54881.984375
306.571040 55161.000000 178.123703 54876.113281
308.903260 55607.000000 174.190170 54836.531250
311.233340 55552.000000 172.122055 54769.882812
313.562930 55231.000000 181.856522 54697.320312
315.890440 55217.000000 200.989014 54651.460938
318.215790 55014.000000 225.117508 54628.421875
320.540680 54937.000000 252.523636 54612.398438
322.865110 55029.000000 281.692291 54628.507812
325.187410 54853.000000 308.445496 54627.347656
327.509250 55443.000000 339.215881 54650.640625
329.828920 55611.000000 387.827332 54677.867188
332.148160 55458.000000 444.967102 54704.808594
334.465270 55744.000000 515.101868 54737.972656
336.781950 55967.000000 595.433960 54774.054688
339.096470 55513.000000 697.262024 54820.890625
341.408870 56059.000000 824.612000 54912.781250
343.722530 56297.000000 964.212524 55024.910156
346.032350 56901.000000 1141.947510 55163.828125
348.341740 57120.000000 1386.302002 55288.562500
350.650670 57798.000000 1722.071533 55445.019531
352.957460 58602.000000 2124.828857 55598.339844
355.263760 59003.000000 2522.076416 55748.511719
357.568020 59122.000000 2824.773926 55859.683594
359.871800 59476.000000 2968.390381 55989.257812
362.173430 59465.000000 2934.957764 56117.863281
364.474640 59974.000000 2824.893311 56264.843750
366.773710 59627.000000 2705.499023 56376.605469
369.072360 59380.000000 2638.323730 56514.156250
371.368870 59457.000000 2647.299072 56643.570312
373.664920 59633.000000 2710.596191 56795.691406
375.958890 59954.000000 2788.048340 56926.625000
378.252380 59979.000000 2916.238770 57077.773438
380.543790 60687.000000 3033.168945 57225.082031
382.834750 61006.000000 3144.455566 57382.351562
385.123570 61093.000000 3171.966064 57478.984375
387.411960 61128.000000 3094.174316 57585.503906
389.698210 61067.000000 2908.027588 57672.031250
391.984070 60774.000000 2642.813232 57771.578125
394.267790 60379.000000 2321.155762 57825.078125
396.551060 60094.000000 1981.025757 57877.199219
398.832210 59852.000000 1677.924438 57924.750000
401.112950 59826.000000 1456.841309 57983.984375
403.391570 59849.000000 1244.876343 58009.277344
405.669770 59614.000000 1072.566650 58052.984375
407.945860 59703.000000 918.115540 58091.632812
410.221470 59364.000000 792.910583 58135.605469
412.495030 59322.000000 673.187256 58164.718750
414.768100 59357.000000 575.447449 58196.781250
417.039090 59179.000000 493.279968 58221.914062
419.309630 59039.000000 432.316345 58243.390625
421.579740 58913.000000 377.249084 58249.960938
423.846100 58969.000000 344.485657 58274.511719
426.113680 58950.000000 323.805847 58287.031250
428.377470 59115.000000 313.672180 58311.054688
430.642520 58799.000000 303.267212 58327.246094
432.905460 59025.000000 296.879608 58359.882812
435.166320 59119.000000 284.974976 58377.832031
437.426700 59041.000000 279.524200 58400.484375
439.685060 59037.000000 277.547363 58411.789062
441.942900 59064.000000 275.639709 58444.664062
444.198730 59084.000000 269.774719 58465.230469
446.454070 59262.000000 269.564575 58488.929688
448.708980 59167.000000 271.139069 58499.421875
450.961820 59206.000000 277.594452 58519.414062
453.212550 59131.000000 283.683289 58519.734375
455.462890 59172.000000 295.067322 58526.445312
457.711120 59152.000000 304.779724 58520.058594
459.958920 59144.000000 316.076355 58531.882812
462.204590 59191.000000 330.907410 58529.960938
464.449890 59253.000000 347.296967 58530.257812
466.694760 59419.000000 364.383331 58515.964844
468.937500 59055.000000 379.958252 58513.710938
471.178160 59132.000000 391.364807 58493.574219
473.418460 59232.000000 410.456879 58483.730469
475.656620 59034.000000 441.851166 58467.703125
477.894380 59336.000000 478.137695 58462.019531
480.131680 59286.000000 501.132019 58438.812500
482.366910 59257.000000 527.331055 58419.742188
484.600040 59288.000000 558.567139 58374.304688
486.832790 59343.000000 605.193665 58350.152344
489.063450 59881.000000 665.888794 58322.195312
491.293670 59659.000000 737.773132 58285.621094
493.523500 59371.000000 838.712769 58214.503906
495.751190 59715.000000 965.160950 58173.464844
497.976840 60001.000000 1126.908081 58144.871094
500.202090 60204.000000 1346.978516 58098.390625
502.426910 60426.000000 1664.096313 58031.148438
504.649660 60823.000000 2130.696777 57989.988281
506.870270 61775.000000 2834.222168 57975.164062
509.090550 62079.000000 3806.966309 57969.656250
511.310360 63596.000000 5033.661621 57968.046875
513.528140 64964.000000 6314.574219 57954.343750
515.743770 65362.000000 6916.679688 57862.890625
517.959110 64665.000000 6391.544434 57735.351562
520.173890 63138.000000 5087.322266 57569.859375
522.386660 61522.000000 3713.025391 57456.375000
524.597410 60662.000000 2658.809082 57354.792969
526.807740 59732.000000 1988.590576 57260.203125
529.017580 59065.000000 1547.194946 57143.230469
531.225400 58885.000000 1263.587280 57040.175781
533.431210 58259.000000 1063.546265 56927.617188
535.636470 58138.000000 950.113647 56825.097656
537.841430 57662.000000 876.210632 56738.148438
540.044310 57800.000000 819.844543 56666.351562
542.245120 57961.000000 786.608032 56596.718750
544.445500 57929.000000 775.381958 56529.417969
546.645450 57425.000000 781.033325 56467.433594
548.843380 57366.000000 799.570007 56437.605469
551.040830 57662.000000 802.118347 56413.679688
553.236330 57726.000000 824.712219 56387.070312
555.429690 57739.000000 867.465637 56359.527344
557.622680 57830.000000 937.579407 56362.968750
559.815250 57999.000000 1076.351440 56374.976562
562.005800 58132.000000 1287.579102 56405.625000
564.195920 58560.000000 1674.332764 56457.425781
566.383910 59478.000000 2305.978027 56520.496094
568.569950 60549.000000 3231.853271 56535.804688
570.755550 61671.000000 4172.439941 56524.488281
572.940730 61845.000000 4383.280762 56448.078125
575.123900 60887.000000 3654.778564 56361.414062
577.306640 59480.000000 2534.964355 56261.144531
579.487300 58688.000000 1767.536499 56195.878906
581.665950 58097.000000 1346.453613 56133.023438
583.844120 58163.000000 1131.562012 56087.757812
586.021970 57753.000000 1019.702942 56030.097656
588.197750 57493.000000 977.289856 55987.867188
590.373170 57547.000000 977.014648 55950.062500
592.546450 57592.000000 981.040405 55943.921875
594.719420 57071.000000 978.440796 55941.750000
596.890260 57478.000000 995.516907 55925.527344
599.059140 57217.000000 1030.440430 55907.996094
601.229190 57163.000000 1087.786377 55913.453125
603.395570 57248.000000 1122.809692 55909.472656
605.561580 57380.000000 1166.328247 55898.738281
607.727170 57578.000000 1232.537476 55861.750000
609.890750 57720.000000 1318.135498 55839.906250
612.053960 57818.000000 1419.663818 55805.976562
614.215030 57916.000000 1525.337646 55776.402344
616.375790 58069.000000 1667.178955 55721.765625
618.534480 58010.000000 1851.789307 55664.523438
620.692750 58390.000000 2088.580322 55604.531250
622.849000 58811.000000 2359.641846 55539.687500
625.004820 58503.000000 2719.909668 55448.464844
627.158750 59475.000000 3217.923828 55380.140625
629.310490 59803.000000 3714.530518 55322.562500
631.463560 60368.000000 4410.883789 55292.015625
633.612920 60741.000000 5245.682617 55316.074219
635.763490 62406.000000 6564.321777 55293.988281
637.910460 63559.000000 7962.499023 55370.058594
640.058650 65625.000000 10036.984375 55571.265625
642.203190 68384.000000 12286.427734 55857.773438
644.348880 72257.000000 15875.877930 56323.906250
646.491030 76987.000000 19896.238281 56765.238281
648.634400 82296.000000 25591.878906 57050.242188
650.774050 87620.000000 30569.667969 57189.757812
652.914980 92498.000000 34990.164062 56826.332031
655.052250 93850.000000 35655.984375 56668.640625
657.190730 90948.000000 32469.031250 56409.851562
659.325620 85809.000000 28407.363281 56344.261719
661.461730 81044.000000 23787.964844 55952.882812
663.594180 76506.000000 20284.667969 56040.328125
665.727910 72715.000000 17047.121094 56253.863281
667.857910 69983.000000 14623.806641 56202.507812
669.989200 67511.000000 12188.833008 56194.199219
672.118470 66044.000000 10345.924805 56284.820312
674.245670 64244.000000 8679.855469 56235.136719
676.372560 62732.000000 7482.228027 56070.199219
678.497380 62143.000000 6302.079102 55923.792969
680.621830 61146.000000 5276.791504 55926.007812
682.744320 60287.000000 4480.104492 55806.742188
684.866390 59602.000000 3893.992188 55619.976562
686.986450 59154.000000 3450.976074 55507.789062
689.106080 58891.000000 3110.063965 55495.546875
691.223750 58249.000000 2880.335205 55433.093750
693.341000 58407.000000 2722.218018 55344.707031
695.457820 58305.000000 2624.233887 55327.363281
697.571110 58222.000000 2574.760254 55362.816406
699.685610 57855.000000 2616.708496 55380.953125
701.798100 58603.000000 2701.727539 55396.406250
703.908570 58710.000000 2874.040527 55424.406250
706.018620 58972.000000 3088.324463 55446.117188
708.126770 58604.000000 3317.169922 55458.683594
710.234380 58757.000000 3408.062012 55426.546875
712.340150 58823.000000 3290.531250 55398.242188
714.445430 58594.000000 2974.279785 55349.210938
716.550350 58179.000000 2604.528076 55302.820312
718.653260 57525.000000 2197.364746 55233.093750
720.754270 57178.000000 1853.549805 55175.753906
722.854800 57053.000000 1574.831299 55110.015625
724.953370 56547.000000 1367.518433 55056.480469
727.051570 56418.000000 1198.516357 54993.007812
729.149350 56058.000000 1034.234619 54945.699219
731.243530 56133.000000 917.316040 54899.484375
733.338990 55995.000000 818.931946 54857.867188
735.432370 55760.000000 722.610168 54804.710938
737.523800 55870.000000 672.770874 54756.199219
739.614870 55616.000000 636.514465 54703.730469
741.705570 55450.000000 602.555420 54670.238281
743.792600 55127.000000 568.606262 54635.605469
745.880920 55147.000000 544.236267 54611.007812
747.967220 55451.000000 530.213013 54581.992188
750.051570 55088.000000 522.401184 54568.785156
752.135500 55070.000000 509.384949 54553.250000
754.219120 55095.000000 479.867828 54537.226562
756.300720 55298.000000 453.816559 54505.847656
758.380310 54998.000000 434.500671 54493.289062
760.459530 54855.000000 413.091797 54474.574219
762.538390 54515.000000 383.809601 54468.742188
764.615300 55026.000000 356.742554 54439.734375
766.690190 55153.000000 338.484711 54411.406250
768.764710 55033.000000 323.475006 54386.863281
770.838810 54853.000000 315.003998 54386.398438
772.909360 54709.000000 303.972565 54367.625000
774.981140 54617.000000 295.446045 54350.066406
777.050960 54964.000000 289.264343 54317.652344
779.120420 54849.000000 284.180634 54299.449219
781.187870 54824.000000 280.562653 54277.441406
783.253420 54581.000000 281.966248 54264.093750
785.318480 54736.000000 280.890656 54231.671875
787.383240 54888.000000 270.019806 54212.132812
789.445980 54658.000000 256.193237 54188.546875
791.506770 54307.000000 246.075409 54177.136719
793.567260 54786.000000 240.455109 54149.523438
795.627260 54482.000000 237.155273 54134.421875
797.685360 54658.000000 237.699173 54105.546875
799.741520 54487.000000 243.056961 54081.941406
801.797240 54596.000000 247.209473 54043.042969
803.852600 54630.000000 240.891068 54022.472656
805.906010 53979.000000 234.042938 53997.738281
807.959050 54498.000000 229.226395 53981.179688
810.010130 54240.000000 230.305023 53946.945312
812.059200 54492.000000 234.565842 53914.316406
814.107970 54537.000000 243.469330 53873.703125
816.156370 54374.000000 252.893463 53848.250000
818.202760 54337.000000 257.475128 53816.640625
820.247190 54056.000000 248.419434 53789.109375
822.292850 54287.000000 242.670288 53740.082031
824.335020 54498.000000 240.866211 53703.128906
826.376770 54148.000000 242.031784 53671.929688
828.418090 54026.000000 238.368439 53654.562500
830.457520 54020.000000 235.255951 53604.796875
832.496640 54158.000000 236.253296 53559.210938
834.533690 54013.000000 236.464066 53507.960938
836.568910 53537.000000 230.207474 53467.781250
838.603700 53730.000000 226.458466 53408.769531
840.638060 53668.000000 225.894974 53357.089844
842.670530 53490.000000 222.233490 53299.496094
844.702640 53318.000000 208.823929 53250.199219
846.732790 53536.000000 194.609894 53182.851562
848.762570 53603.000000 186.675156 53122.699219
850.790470 53144.000000 182.208145 53068.683594
852.816350 53279.000000 175.815033 53022.785156
854.843440 53077.000000 171.421783 52953.484375
856.867070 53315.000000 170.520309 52883.582031
858.890200 53164.000000 172.951492 52811.628906
860.913150 52985.000000 172.055313 52747.929688
862.934020 52560.000000 171.671936 52681.144531
864.954530 52591.000000 172.072250 52611.785156
866.973140 52497.000000 170.542053 52523.894531
868.991390 52255.000000 165.181915 52439.250000
871.007690 52911.000000 164.961044 52351.074219
873.023620 52608.000000 168.803970 52277.339844
875.037660 52158.000000 173.444504 52206.179688
877.051270 52622.000000 170.606934 52134.082031
879.062990 52571.000000 165.957016 52051.601562
881.074340 52689.000000 164.253937 51978.171875
883.083740 52618.000000 164.720062 51898.378906
885.092770 52795.000000 164.417282 51810.835938
887.099850 52592.000000 167.938110 51709.058594
889.104980 52763.000000 172.492996 51618.390625
891.111450 52157.000000 174.434006 51522.152344
893.114260 52051.000000 169.251251 51428.671875
895.118410 51965.000000 162.780960 51312.835938
897.119020 51973.000000 160.334244 51201.679688
899.120790 51644.000000 159.846252 51077.449219
901.119080 51389.000000 158.743942 50961.968750
903.118650 51343.000000 158.746185 50842.511719
905.114620 51159.000000 160.430069 50733.078125
907.111880 50846.000000 161.893112 50608.824219
909.107180 50882.000000 160.353256 50488.554688
911.100520 50961.000000 158.212280 50368.136719
913.093630 50526.000000 158.880661 50254.914062
915.084660 50452.000000 161.210709 50137.863281
917.075380 50469.000000 162.425049 50037.800781
919.064210 50189.000000 163.254272 49935.468750
921.052730 50023.000000 165.813614 49838.015625
923.039310 50432.000000 167.361023 49736.417969
925.025450 50212.000000 165.258331 49642.945312
927.009770 49781.000000 164.315567 49553.593750
928.993650 49721.000000 167.146881 49479.660156
930.975590 50001.000000 172.017273 49392.484375
932.957280 49752.000000 175.553482 49304.699219
934.937010 49711.000000 182.181305 49209.375000
936.916380 49781.000000 190.673889 49136.214844
938.895390 49561.000000 199.683884 49058.765625
940.870970 49271.000000 207.187286 48991.097656
942.847660 49310.000000 218.465210 48914.878906
944.822510 49302.000000 233.836990 48852.660156
946.795470 49064.000000 258.825134 48785.468750
948.768010 49164.000000 288.629517 48750.695312
950.738710 49127.000000 326.738434 48735.414062
952.708980 49230.000000 377.190918 48716.378906
954.677310 49423.000000 452.844879 48671.445312
956.645390 49565.000000 556.966736 48640.007812
958.613160 49689.000000 708.633911 48651.230469
960.578920 49891.000000 932.680359 48728.835938
962.542720 50402.000000 1292.123779 48774.679688
964.506290 51073.000000 1892.887085 48835.195312
966.467960 51925.000000 2834.862549 48915.566406
968.429260 53226.000000 4052.632812 48985.769531
970.390140 54247.000000 5102.290039 48932.511719
972.347660 54511.000000 5443.833008 48877.878906
974.306270 53793.000000 4834.891113 48764.480469
976.263060 52364.000000 3667.937012 48654.410156
978.218020 50895.000000 2519.773438 48537.484375
980.172490 50038.000000 1716.864990 48409.800781
982.125120 49550.000000 1207.629761 48245.804688
984.077390 49474.000000 904.335632 48174.925781
986.029360 48940.000000 710.012817 48106.777344
987.979370 48798.000000 567.154663 48029.933594
989.927490 48653.000000 475.831238 47967.027344
991.875310 48522.000000 414.168457 47917.679688
993.822750 48297.000000 366.156372 47861.894531
995.768370 48418.000000 329.898041 47798.925781
997.711980 48299.000000 305.222473 47737.156250
999.655270 47762.000000 290.688538 47703.402344
1001.596700 48199.000000 280.825806 47663.902344
1003.537700 48025.000000 267.807343 47633.406250
1005.478600 47588.000000 256.272095 47598.984375
1007.417400 47897.000000 250.843552 47607.886719
1009.354300 48096.000000 247.945389 47564.246094
1011.291000 47840.000000 241.907639 47507.722656
1013.227200 47628.000000 238.005127 47468.171875
1015.161600 47784.000000 238.602692 47484.953125
1017.094100 47510.000000 238.724564 47471.683594
1019.026200 47777.000000 235.336502 47450.390625
1020.958000 47728.000000 235.530228 47409.613281
1022.888000 47580.000000 241.287476 47408.656250
1024.816000 47610.000000 248.548752 47380.371094
1026.743800 47438.000000 251.443649 47377.304688
1028.671100 47651.000000 256.142334 47375.902344
1030.596600 47821.000000 263.664856 47394.898438
1032.521700 47560.000000 273.688782 47394.648438
1034.444900 47867.000000 280.853058 47395.246094
1036.366300 47937.000000 289.179535 47372.597656
1038.287400 48115.000000 300.505524 47363.363281
1040.208100 47901.000000 316.874908 47337.046875
1042.127000 47731.000000 331.856293 47331.742188
1044.043800 47918.000000 350.099579 47325.472656
1045.960400 47902.000000 374.092163 47349.847656
1047.876700 47999.000000 404.657196 47352.781250
1049.791000 47673.000000 438.061584 47365.300781
1051.705100 47960.000000 484.143707 47387.902344
1053.617300 48123.000000 549.023743 47425.773438
1055.527600 48071.000000 643.464478 47445.421875
1057.437500 48336.000000 779.069336 47463.265625
1059.347300 48772.000000 960.122437 47481.468750
1061.255000 48859.000000 1214.816406 47552.656250
1063.162500 49051.000000 1574.500122 47625.890625
1065.068000 49757.000000 2093.585205 47714.027344
1066.971700 50230.000000 2787.310059 47778.792969
1068.875000 51145.000000 3621.794434 47830.089844
1070.778100 52175.000000 4341.446289 47824.281250
1072.679200 52502.000000 4644.146973 47783.523438
1074.580000 51784.000000 4369.393555 47664.152344
1076.479000 51084.000000 3700.534668 47603.761719
1078.377600 50229.000000 2914.465820 47578.515625
1080.274400 49717.000000 2252.623535 47517.960938
1082.169200 49292.000000 1741.187134 47404.171875
1084.065300 48677.000000 1377.844727 47336.843750
1085.958000 48014.000000 1118.944458 47239.859375
1087.850300 47666.000000 913.243286 47170.339844
1089.742400 47931.000000 771.612366 47136.242188
1091.632600 47522.000000 669.551270 47101.441406
1093.522500 47444.000000 592.466064 47074.632812
1095.410400 47408.000000 531.055176 47021.882812
1097.298100 47513.000000 488.575256 46981.355469
1099.183800 47309.000000 457.936829 46956.210938
1101.069300 47426.000000 430.414551 46916.507812
1102.952900 47106.000000 408.689941 46888.339844
1104.834600 47344.000000 401.460388 46857.960938
1106.717700 47407.000000 400.714539 46831.679688
1108.597200 47261.000000 402.077454 46806.335938
1110.477900 47070.000000 400.577637 46778.890625
1112.355300 46948.000000 399.910828 46753.542969
1114.232300 46915.000000 402.645844 46758.214844
1116.109100 47107.000000 410.787903 46770.285156
1117.984000 47286.000000 417.075012 46723.199219
1119.858500 46781.000000 423.022858 46709.976562
1121.731300 47031.000000 430.646820 46738.617188
1123.603600 47046.000000 440.635345 46762.488281
1125.474100 47356.000000 449.959381 46737.503906
1127.344400 47398.000000 464.294189 46699.519531
1129.212600 47084.000000 483.024506 46686.730469
1131.080700 47307.000000 510.144348 46674.867188
1132.946900 47125.000000 540.005371 46648.605469
1134.812700 47251.000000 570.279419 46645.429688
1136.676800 47069.000000 607.435425 46683.003906
1138.540400 47267.000000 647.360474 46730.128906
1140.402300 47656.000000 692.735962 46713.101562
1142.263800 47356.000000 747.274048 46709.347656
1144.123400 47883.000000 815.330078 46736.457031
1145.982800 47684.000000 910.686707 46755.097656
1147.841800 47564.000000 1041.278442 46782.117188
1149.697500 48381.000000 1182.943481 46831.957031
1151.554400 48257.000000 1361.003296 46898.949219
1153.407800 48409.000000 1587.642700 46979.328125
1155.262600 48962.000000 1919.274780 47055.910156
1157.115500 49628.000000 2325.415527 47143.589844
1158.966400 49870.000000 2772.263916 47216.886719
1160.817100 50439.000000 3182.299561 47272.351562
1162.666000 50928.000000 3456.827393 47247.890625
1164.514500 50859.000000 3467.794189 47199.265625
1166.361300 50513.000000 3312.513184 47211.386719
1168.207600 50587.000000 3020.582031 47236.617188
1170.052200 49910.000000 2776.700684 47220.910156
1171.896500 49733.000000 2607.991943 47179.242188
1173.740400 49724.000000 2522.321777 47231.636719
1175.580900 49603.000000 2498.087646 47259.386719
1177.422900 50028.000000 2563.698975 47209.847656
1179.262700 50272.000000 2769.986816 47193.726562
1181.100700 50338.000000 3132.631836 47158.496094
1182.938600 50782.000000 3629.207031 47156.128906
1184.774500 51234.000000 4329.037598 47172.917969
1186.610200 52275.000000 5070.814941 47215.339844
1188.444000 53056.000000 6012.726562 47406.742188
1190.277500 54569.000000 7090.349121 47700.312500
1192.110700 56148.000000 8508.756836 47875.726562
1193.942000 57438.000000 9905.087891 48001.605469
1195.771600 58529.000000 11321.564453 48019.332031
1197.600700 59579.000000 12155.916992 48125.261719
1199.428100 59891.000000 12378.584961 48038.148438
1201.255200 60043.000000 11931.758789 47969.464844
1203.082000 59136.000000 10897.590820 47935.187500
1204.907000 57215.000000 9505.683594 47907.363281
1206.730100 55760.000000 8062.761719 47722.898438
1208.552900 54606.000000 6879.028809 47654.921875
1210.373900 53811.000000 6123.003418 47600.429688
1212.194600 53399.000000 5701.385742 47477.265625
1214.015000 53267.000000 5611.241211 47393.632812
1215.833500 53204.000000 5693.455078 47449.941406
1217.650300 53863.000000 6146.022949 47524.433594
1219.466700 54916.000000 6888.614746 47723.156250
1221.281300 55865.000000 8112.116211 47988.230469
1223.095600 57885.000000 9670.732422 48326.078125
1224.909500 59899.000000 11686.017578 48636.882812
1226.721700 61947.000000 13471.362305 48896.554688
1228.532000 63262.000000 15007.625000 49001.960938
1230.342000 64064.000000 15640.345703 49087.910156
1232.151700 63521.000000 14932.701172 49042.398438
1233.959700 62009.000000 13393.509766 49001.597656
1235.765900 60182.000000 11308.164062 48744.671875
1237.571700 57807.000000 9311.537109 48696.492188
1239.377100 56039.000000 7622.283691 48637.871094
1241.180800 54665.000000 6336.783203 48535.246094
1242.982700 53444.000000 5458.202148 48446.671875
1244.784200 53104.000000 4886.781738 48475.269531
1246.585300 52664.000000 4644.524414 48496.285156
1248.384900 52395.000000 4589.033203 48451.191406
1250.182500 52519.000000 4807.631836 48347.144531
1251.979700 53086.000000 5102.653809 48411.515625
1253.776900 54069.000000 5707.591309 48429.382812
1255.572000 54925.000000 6488.958008 48451.390625
1257.365500 55759.000000 7724.848633 48451.742188
1259.160000 57786.000000 9257.584961 48465.417969
1260.951300 60304.000000 11615.926758 48657.960938
1262.742300 63116.000000 14365.026367 48971.683594
1264.533100 67465.000000 18444.740234 49408.644531
1266.322000 72042.000000 22646.093750 49932.226562
1268.109000 76592.000000 27708.712891 50098.527344
1269.895800 80668.000000 31249.541016 49915.007812
1271.682400 82604.000000 32697.859375 49519.371094
1273.466900 81689.000000 31493.318359 49426.656250
1275.251500 77987.000000 27981.644531 49244.812500
1277.033900 73487.000000 24168.667969 49356.742188
1278.814700 69197.000000 19702.619141 49189.808594
1280.595200 65218.000000 16180.815430 49413.714844
1282.375400 61376.000000 12893.607422 49584.015625
1284.153800 58714.000000 10471.195312 49432.820312
1285.931900 56949.000000 8414.109375 49453.195312
1287.708100 55657.000000 6955.571289 49642.277344
1289.482500 54377.000000 5774.356445 49652.992188
1291.256800 53986.000000 4943.204102 49579.781250
1293.030600 53236.000000 4236.988770 49564.265625
1294.802900 53120.000000 3666.034668 49679.937500
1296.574600 52920.000000 3244.276123 49659.531250
1298.344600 52399.000000 2946.590332 49594.890625
1300.114400 52171.000000 2745.894043 49595.156250
1301.882300 52338.000000 2599.773438 49660.875000
1303.648300 52299.000000 2529.007080 49686.410156
1305.415800 52560.000000 2510.395996 49670.585938
1307.179700 52428.000000 2545.582764 49670.078125
1308.943500 52905.000000 2659.811768 49731.390625
1310.707000 52792.000000 2846.307129 49787.757812
1312.468600 52739.000000 3102.369385 49814.644531
1314.230000 53392.000000 3449.652344 49839.281250
1315.989500 53693.000000 3784.092529 49963.546875
1317.748800 54139.000000 4288.393555 50126.878906
1319.506200 55107.000000 4924.008301 50336.320312
1321.263400 56061.000000 5913.045898 50501.519531
1323.018900 57096.000000 7074.672852 50725.179688
1324.774000 58880.000000 8512.435547 51055.277344
1326.527300 60614.000000 10090.708984 51354.167969
1328.278900 62547.000000 11966.131836 51600.289062
1330.031700 64388.000000 13659.939453 51821.250000
1331.781100 65792.000000 15071.117188 51877.769531
1333.531900 66441.000000 15379.083008 51933.890625
1335.279300 65548.000000 14565.104492 51811.945312
1337.027800 64097.000000 13121.732422 51739.484375
1338.773200 62227.000000 11307.894531 51663.632812
1340.518300 60099.000000 9493.240234 51638.304688
1342.263100 58747.000000 7847.903320 51508.843750
1344.006000 56986.000000 6553.958008 51356.804688
1345.748700 56320.000000 5527.625977 51291.933594
1347.489500 55623.000000 4699.925781 51182.941406
1349.230200 55095.000000 4009.043457 51104.972656
1350.969100 54412.000000 3451.556152 51108.800781
1352.707500 54620.000000 3088.539795 51099.656250
1354.445900 54235.000000 2837.617432 51051.175781
1356.180900 54465.000000 2742.823242 50991.031250
1357.917000 54041.000000 2727.901855 50997.636719
1359.649900 54228.000000 2853.635498 50977.121094
1361.384200 54435.000000 3062.279053 50954.929688
1363.115000 54809.000000 3455.244629 50992.656250
1364.847000 55185.000000 3925.362793 51119.554688
1366.577400 55913.000000 4638.638672 51287.796875
1368.305900 56769.000000 5522.878418 51530.105469
1370.034300 58096.000000 6778.642090 51749.148438
1371.760600 60211.000000 8393.304688 52019.035156
1373.486900 61845.000000 10424.193359 52356.945312
1375.211300 63906.000000 12315.316406 52638.757812
1376.935400 65680.000000 13816.393555 52663.308594
1378.657800 66566.000000 14200.715820 52665.308594
1380.380000 65552.000000 13083.083984 52679.417969
1382.100200 63312.000000 11204.338867 52706.953125
1383.820300 60789.000000 8938.701172 52477.046875
1385.540200 59081.000000 6971.134277 52311.656250
1387.256500 57293.000000 5418.743164 52207.242188
1388.974200 56447.000000 4204.912598 52034.035156
1390.690300 55247.000000 3306.060059 51924.878906
1392.404400 54798.000000 2647.792480 51883.648438
1394.118400 54366.000000 2182.635254 51864.296875
1395.830400 54081.000000 1854.301392 51826.972656
1397.542200 53892.000000 1630.604858 51783.988281
1399.252300 53798.000000 1466.913818 51778.019531
1400.962200 53484.000000 1356.190918 51752.789062
1402.671800 53336.000000 1274.892212 51698.554688
1404.379500 53208.000000 1221.652100 51695.242188
1406.085600 53159.000000 1173.851196 51716.218750
1407.791300 53033.000000 1134.360840 51722.410156
1409.495200 53303.000000 1118.998413 51680.871094
1411.199000 53363.000000 1101.966187 51671.226562
1412.902500 53141.000000 1083.592896 51656.617188
1414.604000 53184.000000 1071.698975 51656.925781
1416.304000 53340.000000 1081.744263 51607.753906
1418.003700 53060.000000 1098.554077 51582.898438
1419.701500 53045.000000 1095.398438 51554.074219
1421.399000 52890.000000 1093.393311 51551.281250
1423.096400 52878.000000 1103.629150 51514.542969
1424.792000 52649.000000 1122.716064 51511.164062
1426.485700 52752.000000 1148.956421 51525.554688
1428.179300 52943.000000 1186.403442 51550.433594
1429.871100 52958.000000 1241.946533 51546.035156
1431.562500 53295.000000 1313.581055 51566.675781
1433.253900 53379.000000 1380.947144 51574.054688
1434.943400 53519.000000 1460.417114 51581.343750
1436.631000 53653.000000 1573.323486 51547.523438
1438.318500 53428.000000 1737.101196 51545.363281
1440.005600 53626.000000 1952.046631 51526.437500
1441.691000 53926.000000 2254.401367 51523.585938
1443.374800 54506.000000 2641.620117 51544.406250
1445.058200 54986.000000 3143.808105 51593.796875
1446.741300 55659.000000 3708.163330 51682.781250
1448.422900 56187.000000 4451.062988 51842.246094
1450.102400 57298.000000 5372.729004 52038.816406
1451.781700 58767.000000 6614.252441 52154.160156
1453.460900 60074.000000 7964.746094 52334.210938
1455.138200 61115.000000 9529.180664 52593.980469
1456.813800 63369.000000 10947.474609 52816.394531
1458.489100 64636.000000 12448.496094 52920.265625
1460.164300 65757.000000 13569.562500 53066.160156
1461.837600 66773.000000 14396.512695 53108.406250
1463.509200 66865.000000 14459.037109 53192.492188
1465.180500 66431.000000 13782.807617 53113.605469
1466.851600 64961.000000 12673.562500 53043.437500
1468.520900 63473.000000 11213.656250 52961.679688
1470.189900 62093.000000 9639.349609 52858.906250
1471.857200 60484.000000 8015.638184 52697.109375
1473.522800 58852.000000 6631.103027 52510.582031
1475.188100 57434.000000 5506.521973 52386.007812
1476.853100 56281.000000 4597.606445 52199.269531
1478.516500 55696.000000 3812.052734 52049.968750
1480.178000 55237.000000 3169.038818 51988.734375
1481.839200 54425.000000 2691.583008 51919.773438
1483.500400 54289.000000 2324.289307 51821.140625
1485.159700 53941.000000 2068.897705 51751.691406
1486.818600 53570.000000 1843.391602 51735.871094
1488.476000 53086.000000 1683.693970 51694.039062
1490.131500 53269.000000 1554.495239 51606.382812
1491.788300 52853.000000 1452.778076 51591.652344
1493.441800 53048.000000 1382.812988 51605.722656
1495.095100 52868.000000 1332.275269 51605.070312
1496.748000 52881.000000 1310.149292 51573.007812
1498.399400 53260.000000 1289.970459 51578.058594
1500.050400 52921.000000 1248.707886 51595.082031
1501.699700 53004.000000 1225.081543 51623.031250
1503.347300 53132.000000 1223.204956 51603.972656
1504.996100 53151.000000 1227.612671 51611.742188
1506.641600 52801.000000 1243.073486 51636.316406
1508.287000 52884.000000 1269.780396 51673.171875
1509.932000 53266.000000 1313.256104 51661.656250
1511.575300 52849.000000 1371.424316 51677.550781
1513.218500 53541.000000 1436.912476 51695.410156
1514.859700 53231.000000 1520.427368 51719.359375
1516.500900 53415.000000 1638.035889 51710.269531
1518.140300 53930.000000 1804.048462 51723.746094
1519.777800 54077.000000 1999.175049 51721.589844
1521.416700 54223.000000 2261.827393 51721.605469
1523.052200 54789.000000 2598.770996 51722.300781
1524.689200 55137.000000 3058.824707 51742.906250
1526.322800 55137.000000 3584.846436 51789.636719
1527.956200 56335.000000 4283.811035 51901.246094
1529.589400 56973.000000 5176.147949 52110.007812
1531.220800 58386.000000 6389.235840 52248.363281
1532.851900 59938.000000 7750.044434 52443.199219
1534.481400 61815.000000 9428.225586 52742.789062
1536.110600 63417.000000 11076.910156 53008.453125
1537.738000 65521.000000 13027.605469 53199.636719
1539.365200 67701.000000 14791.666016 53366.664062
1540.990700 69205.000000 16569.849609 53478.058594
1542.616000 70262.000000 17530.541016 53623.765625
1544.239500 70571.000000 17640.201172 53583.597656
1545.862700 69896.000000 16989.437500 53535.589844
1547.484400 68692.000000 15591.791992 53473.480469
1549.105600 66404.000000 13860.117188 53509.386719
1550.725100 64705.000000 11824.326172 53322.421875
1552.344500 62574.000000 10027.837891 53179.050781
1553.962000 60697.000000 8411.144531 53120.500000
1555.579300 59354.000000 7049.458008 52926.292969
1557.195100 58232.000000 5774.903320 52757.476562
1558.810400 57435.000000 4759.825684 52682.312500
1560.424100 56436.000000 3980.030762 52609.527344
1562.037500 55649.000000 3364.575439 52460.500000
1563.649200 55096.000000 2839.422119 52328.816406
1565.260600 54550.000000 2390.232178 52272.703125
1566.870500 54293.000000 2054.264160 52204.957031
1568.479900 53978.000000 1786.676392 52103.039062
1570.089100 53922.000000 1575.970093 52058.335938
1571.695200 53248.000000 1404.422852 52057.367188
1573.302500 53713.000000 1276.887451 52035.640625
1574.906500 53143.000000 1165.287842 51987.691406
1576.511800 53219.000000 1054.865356 51967.843750
1578.115500 53597.000000 964.299316 51962.718750
1579.717400 53242.000000 891.429199 51967.292969
1581.319100 53013.000000 835.391785 51949.453125
1582.919100 53544.000000 771.588745 51937.859375
1584.518700 52857.000000 719.604858 51935.570312
1586.116600 52983.000000 684.838989 51945.851562
1587.714500 52721.000000 647.572021 51950.058594
1589.310500 52759.000000 601.179138 51961.378906
1590.906300 52577.000000 564.982544 51975.089844
1592.501800 52609.000000 535.712524 51992.250000
1594.095700 52327.000000 510.008453 52009.234375
1595.687900 52474.000000 474.300690 52031.863281
1597.279700 52201.000000 444.587891 52054.378906
1598.869900 52502.000000 422.178955 52074.585938
1600.459700 52428.000000 401.165710 52086.667969
1602.048100 52354.000000 377.236542 52111.464844
1603.636000 52307.000000 358.310730 52122.726562
1605.223900 52566.000000 344.006256 52138.882812
1606.809800 52105.000000 332.093811 52156.003906
1608.394200 52384.000000 312.261322 52179.980469
1609.978300 52252.000000 291.551086 52196.128906
1611.560700 52433.000000 276.928894 52202.839844
1613.142900 52705.000000 266.214355 52201.445312
1614.724700 52822.000000 253.997528 52218.867188
1616.304900 52703.000000 244.265228 52235.886719
1617.883500 52477.000000 236.207520 52260.031250
1619.461800 52758.000000 228.528595 52256.464844
1621.038300 52753.000000 216.710037 52267.449219
1622.614700 52857.000000 207.180084 52272.773438
1624.190800 52751.000000 200.645752 52288.175781
1625.765300 52750.000000 193.516357 52292.429688
1627.337900 52920.000000 184.698685 52308.660156
1628.910400 52705.000000 178.890793 52313.140625
1630.482700 52855.000000 174.664566 52317.417969
1632.053200 53014.000000 169.677628 52319.812500
1633.622100 52830.000000 159.243256 52343.570312
1635.190600 52494.000000 149.598358 52353.980469
1636.759000 53063.000000 143.543137 52350.839844
1638.325700 53223.000000 139.986450 52340.890625
1639.890700 53150.000000 137.771973 52359.714844
1641.455400 52784.000000 136.224319 52373.000000
1643.019900 52748.000000 133.687164 52386.886719
1644.582800 52752.000000 130.017273 52373.503906
1646.143900 52587.000000 125.030869 52366.488281
1647.704700 52934.000000 122.375282 52350.992188
1649.265500 52980.000000 121.676941 52339.484375
1650.824500 52599.000000 121.308449 52326.250000
1652.381600 52774.000000 119.223412 52315.726562
1653.938700 52754.000000 119.458214 52296.648438
1655.495500 52526.000000 120.691528 52287.417969
1657.050700 52634.000000 120.079239 52256.539062
1658.604100 52459.000000 118.160629 52230.378906
1660.157200 52694.000000 118.113182 52191.140625
1661.710200 52645.000000 117.686996 52162.218750
1663.261500 52199.000000 116.953659 52127.789062
1664.811200 52468.000000 113.853172 52088.421875
1666.361900 52350.000000 111.945396 52036.835938
1667.909700 52266.000000 111.413513 51987.542969
1669.457200 52473.000000 109.627464 51937.324219
1671.004300 51871.000000 106.593857 51903.578125
1672.549900 51951.000000 104.466873 51853.902344
1674.093600 51754.000000 103.417137 51800.609375
1675.637300 52091.000000 103.034683 51728.792969
1677.180800 51895.000000 102.171761 51675.871094
1678.722400 52115.000000 102.824448 51616.628906
1680.263900 51740.000000 103.468491 51568.203125
1681.803700 51643.000000 103.558640 51502.539062
1683.341800 51803.000000 101.909561 51446.296875
1684.881200 51612.000000 102.527786 51390.679688
1686.417500 51443.000000 103.928345 51342.593750
1687.953400 51455.000000 103.959793 51281.144531
1689.489100 51526.000000 101.593307 51218.667969
1691.023200 51522.000000 101.489059 51152.242188
1692.557100 51365.000000 102.559860 51098.949219
1694.089200 51237.000000 102.013664 51042.589844
1695.619800 50940.000000 98.673920 50992.562500
1697.151500 51037.000000 97.040443 50933.554688
1698.680200 51004.000000 97.114037 50873.085938
1700.208500 51101.000000 96.961792 50814.136719
1701.736600 50515.000000 95.302338 50765.800781
1703.263100 51111.000000 94.167168 50699.386719
1704.789300 50742.000000 92.410568 50640.484375
1706.314000 50902.000000 88.068893 50566.757812
1707.838100 50921.000000 79.971825 50518.871094
1709.361000 50505.000000 74.225716 50466.964844
1710.883300 50548.000000 71.401222 50413.148438
1712.404100 50608.000000 70.700699 50351.871094
1713.923100 50523.000000 71.742958 50291.980469
1715.443500 50427.000000 72.510086 50234.382812
1716.960700 50047.000000 73.406654 50178.414062
1718.479100 50522.000000 71.978317 50108.425781
1719.994500 50191.000000 68.854309 50047.335938
1721.509600 50142.000000 66.622696 49989.027344
1723.024400 49950.000000 65.271393 49945.410156
1724.537600 49931.000000 63.796471 49884.000000
1726.050700 50112.000000 62.329872 49824.464844
1727.561900 50073.000000 61.876686 49756.449219
1729.073000 49971.000000 61.943756 49709.269531
1730.582400 49629.000000 60.896038 49645.066406
1732.091700 50230.000000 59.094849 49590.453125
1733.599200 49738.000000 59.135475 49523.988281
1735.106600 49898.000000 60.271156 49472.785156
1736.612100 49508.000000 59.943512 49411.410156
1738.117600 49509.000000 59.615856 49358.539062
1739.621300 49475.000000 59.629921 49307.855469
1741.125000 49118.000000 60.296406 49263.945312
1742.626800 49267.000000 59.054405 49209.253906
1744.128400 49145.000000 56.379372 49154.628906
1745.628500 49396.000000 54.310284 49092.949219
1747.128300 49344.000000 53.546520 49035.867188
1748.626300 49169.000000 52.947029 48971.253906
1750.124300 49003.000000 52.229485 48923.011719
1751.620500 49041.000000 52.338554 48881.484375
1753.116600 48876.000000 53.156109 48849.382812
1754.612400 48857.000000 52.445538 48800.437500
1756.105100 49031.000000 50.670799 48757.953125
1757.599100 49078.000000 49.472893 48699.429688
1759.091300 49061.000000 48.875980 48647.964844
1760.582000 48835.000000 48.340275 48590.835938
1762.072400 49091.000000 47.699772 48559.542969
1763.561000 48676.000000 48.140419 48525.351562
1765.049600 48451.000000 49.135841 48505.160156
1766.536500 48623.000000 49.542496 48462.191406
1768.023200 48650.000000 48.883652 48431.710938
1769.508100 48378.000000 48.415390 48399.761719
1770.992900 48442.000000 48.248993 48383.656250
1772.477500 48424.000000 47.931976 48349.750000
1773.959000 48743.000000 46.941402 48319.878906
1775.441700 48401.000000 46.556477 48284.582031
1776.922700 48252.000000 46.705967 48270.878906
1778.402100 48508.000000 46.708256 48242.105469
1779.881300 48331.000000 45.932053 48229.187500
1781.358900 48170.000000 45.428772 48202.277344
1782.836200 48233.000000 45.314968 48187.683594
1784.311900 48471.000000 45.470745 48160.144531
1785.787400 48358.000000 44.391167 48132.675781
1787.262600 48258.000000 44.850632 48088.679688
1788.736200 48276.000000 45.166374 48077.394531
1790.208300 48004.000000 45.400578 48059.710938
1791.679800 48380.000000 44.197586 48053.445312
1793.150000 48136.000000 44.029671 48004.722656
1794.619900 48297.000000 44.106697 47966.882812
1796.089600 48246.000000 44.524967 47929.710938
1797.557600 47938.000000 43.604580 47923.382812
1799.023900 47851.000000 42.928627 47901.105469
1800.490100 48110.000000 42.460274 47876.589844
1801.954600 47907.000000 42.970833 47859.328125
1803.418900 47779.000000 42.028362 47870.699219
1804.883100 47544.000000 42.202480 47840.816406
1806.345500 48138.000000 42.183117 47803.500000
1807.806400 47765.000000 42.685921 47771.015625
1809.266800 47793.000000 41.965508 47759.339844
1810.727400 47573.000000 42.635864 47735.324219
1812.186000 47691.000000 43.582588 47727.066406
1813.643300 47675.000000 43.988594 47714.324219
1815.100100 47847.000000 42.977394 47697.554688
1816.556800 47634.000000 42.356499 47663.515625
1818.010400 47504.000000 41.290588 47665.566406
1819.465300 47780.000000 40.496452 47645.796875
1820.918500 47929.000000 38.670841 47620.265625
1822.370100 47556.000000 39.284843 47578.132812
1823.821400 47984.000000 39.594784 47557.496094
1825.272600 47448.000000 39.795715 47541.214844
1826.722200 47644.000000 38.647903 47543.300781
1828.169900 47532.000000 38.849812 47519.839844
1829.617600 47556.000000 39.592609 47503.628906
1831.065200 47498.000000 39.850105 47492.175781
1832.511000 47498.000000 38.985870 47490.511719
1833.956500 47432.000000 38.330475 47467.199219
1835.400500 47424.000000 38.112797 47453.875000
1836.842900 47919.000000 38.504765 47428.320312
1838.285200 47486.000000 37.604744 47404.605469
1839.727100 47284.000000 37.852398 47381.121094
1841.167400 47524.000000 37.595482 47389.984375
1842.606100 47383.000000 37.399940 47376.062500
1844.044400 47290.000000 36.603916 47362.328125
1845.482800 47441.000000 38.053570 47336.441406
1846.919400 47322.000000 39.441952 47321.148438
1848.356000 47237.000000 40.201134 47309.179688
1849.790800 47409.000000 39.433674 47310.468750
1851.224000 47448.000000 39.960258 47296.015625
1852.656900 47248.000000 40.266838 47294.144531
1854.089700 47346.000000 40.920349 47288.578125
1855.520800 47521.000000 40.181324 47288.132812
1856.951800 47218.000000 40.494511 47292.375000
1858.381100 47234.000000 39.783470 47328.730469
1859.808700 47616.000000 38.877747 47334.945312
1861.236300 47752.000000 36.927250 47307.238281
1862.663500 47453.000000 37.126495 47292.609375
1864.089100 47102.000000 37.068901 47351.578125
1865.514600 47412.000000 36.680260 47374.480469
1866.938500 47421.000000 35.544800 47398.851562
1868.360700 47609.000000 36.171806 47401.375000
1869.784200 47584.000000 37.328449 47415.113281
1871.204500 47600.000000 38.059898 47408.011719
1872.624600 47372.000000 37.035316 47423.109375
1874.044700 47687.000000 35.748905 47426.312500
1875.463000 47719.000000 35.135651 47428.156250
1876.881200 47689.000000 35.799355 47443.144531
1878.297700 47635.000000 36.866589 47467.640625
1879.714100 47567.000000 37.924561 47460.792969
1881.128800 47648.000000 38.050026 47518.765625
1882.541900 47918.000000 36.912498 47522.609375
1883.956200 47968.000000 34.946304 47441.421875
1885.367400 48013.000000 31.927265 47323.140625
1886.778600 47828.000000 35.067024 47250.578125
1888.189500 48067.000000 45.958981 47342.039062
