Raman_Shift Original_Spectrum Predicted_Raman Predicted_Baseline
294.894650	56175.000000	28.635657	55945.514330
297.232540	56023.000000	32.765685	55926.693175
299.568300	55987.000000	39.578920	55914.566537
301.905240	56057.000000	46.998864	55898.669109
304.238400	56215.000000	53.799400	55887.156883
306.571040	55808.000000	57.969170	55879.161718
308.903260	56465.000000	60.772798	55877.590946
311.233340	56413.000000	64.745221	55884.486883
313.562930	56161.000000	69.277676	55893.980215
315.890440	56005.000000	75.238132	55904.245661
318.215790	55836.000000	80.519274	55913.127704
320.540680	55739.000000	85.069953	55919.983045
322.865110	55766.000000	90.742141	55929.316333
325.187410	55525.000000	97.689263	55939.973691
327.509250	55862.000000	98.138636	55950.297689
329.828920	56111.000000	95.968346	55962.335328
332.148160	56093.000000	94.467728	55978.271790
334.465270	56098.000000	92.912991	55998.139086
336.781950	56372.000000	115.609763	56035.625255
339.096470	56193.000000	141.925739	56090.722493
341.408870	56446.000000	170.815201	56158.168869
343.722530	56147.000000	212.739684	56236.646559
346.032350	56714.000000	256.864769	56326.365571
348.341740	56877.000000	311.771881	56431.529205
350.650670	57257.000000	372.788911	56539.451057
352.957460	57207.000000	432.683877	56650.220128
355.263760	57419.000000	473.145984	56771.865934
357.568020	57268.000000	487.800632	56903.685064
359.871800	57561.000000	463.054586	57034.166071
362.173430	57657.000000	416.681055	57162.947490
364.474640	57919.000000	360.920489	57290.055866
366.773710	57798.000000	308.804898	57414.452084
369.072360	57631.000000	270.476010	57540.535398
371.368870	57828.000000	242.478634	57669.416747
373.664920	58119.000000	247.527407	57801.416219
375.958890	58298.000000	262.452544	57936.198111
378.252380	58374.000000	283.670843	58065.838302
380.543790	58622.000000	310.395358	58191.129985
382.834750	58745.000000	340.366006	58310.953633
385.123570	58651.000000	355.690594	58426.486546
387.411960	58900.000000	370.207399	58538.563292
389.698210	59104.000000	379.252486	58646.581951
391.984070	59266.000000	393.659505	58749.351173
394.267790	58897.000000	395.166455	58845.964562
396.551060	59168.000000	393.880151	58936.946750
398.832210	59116.000000	379.681360	59023.749062
401.112950	59273.000000	360.234985	59103.417322
403.391570	59568.000000	325.964354	59176.579995
405.669770	59578.000000	292.623978	59247.077353
407.945860	59827.000000	263.436886	59315.441834
410.221470	59459.000000	234.745174	59374.667421
412.495030	59569.000000	210.853899	59424.854045
414.768100	59773.000000	186.774572	59468.267302
417.039090	59620.000000	153.475415	59506.262489
419.309630	59462.000000	126.884778	59535.957257
421.579740	59386.000000	137.224195	59556.149324
423.846100	59497.000000	147.922699	59573.043707
426.113680	59526.000000	157.549287	59588.804512
428.377470	59643.000000	179.999143	59599.660949
430.642520	59606.000000	203.539615	59606.485843
432.905460	59762.000000	236.158903	59612.441035
435.166320	59705.000000	277.021412	59618.008999
437.426700	59695.000000	335.140111	59620.822647
439.685060	59841.000000	390.419106	59621.222367
441.942900	59739.000000	446.505321	59619.539174
444.198730	59887.000000	492.660304	59616.694297
446.454070	60019.000000	520.440060	59610.233210
448.708980	59780.000000	505.569548	59601.665791
450.961820	59925.000000	468.272210	59588.876336
453.212550	59682.000000	418.379715	59571.358953
455.462890	59934.000000	366.068436	59554.883026
457.711120	59802.000000	332.217799	59538.255642
459.958920	59687.000000	304.162724	59519.643715
462.204590	59955.000000	286.378853	59500.630508
464.449890	59825.000000	261.254069	59480.177686
466.694760	59955.000000	243.395422	59459.451619
468.937500	59516.000000	226.867236	59437.835552
471.178160	59748.000000	217.349434	59417.123538
473.418460	59747.000000	216.262258	59394.570629
475.656620	59553.000000	228.312949	59367.681703
477.894380	59769.000000	247.318813	59334.956252
480.131680	59602.000000	273.953060	59299.092380
482.366910	59521.000000	307.619842	59258.309307
484.600040	59615.000000	344.876705	59213.274533
486.832790	59630.000000	391.180168	59166.180268
489.063450	59788.000000	437.921702	59118.818223
491.293670	59634.000000	486.529015	59066.627538
493.523500	59227.000000	527.025766	59009.820564
495.751190	59416.000000	543.229033	58948.340310
497.976840	59420.000000	519.805642	58882.620065
500.202090	59355.000000	464.889771	58814.120523
502.426910	59028.000000	390.781351	58743.643463
504.649660	59073.000000	317.606431	58673.635605
506.870270	59034.000000	261.534195	58606.297747
509.090550	58638.000000	215.032019	58537.159591
511.310360	58598.000000	179.817435	58469.076162
513.528140	58632.000000	154.152990	58396.276515
515.743770	58341.000000	139.279953	58320.416518
517.959110	58135.000000	131.800283	58242.946714
520.173890	58311.000000	126.062138	58164.323813
522.386660	57959.000000	121.563772	58086.992974
524.597410	57947.000000	118.640178	58011.332836
526.807740	57725.000000	122.516154	57936.647795
529.017580	57755.000000	127.698928	57862.039262
531.225400	57724.000000	137.505919	57788.108379
533.431210	57797.000000	151.623407	57716.765521
535.636470	57644.000000	173.230996	57647.401742
537.841430	57251.000000	200.858685	57579.885883
540.044310	57569.000000	231.854626	57514.164858
542.245120	57883.000000	258.647697	57449.880324
544.445500	57838.000000	279.875950	57385.109413
546.645450	57418.000000	285.570827	57321.931133
548.843380	57148.000000	277.731460	57261.414265
551.040830	57391.000000	260.731731	57203.959308
553.236330	57227.000000	230.142572	57154.530746
555.429690	57382.000000	185.844976	57111.252550
557.622680	57421.000000	143.944829	57071.897381
559.815250	57220.000000	109.392584	57035.874246
562.005800	57252.000000	81.470790	57005.533057
564.195920	56813.000000	80.131442	56978.516877
566.383910	56984.000000	79.759382	56952.667065
568.569950	57383.000000	78.434123	56929.119542
570.755550	56951.000000	76.437637	56905.021625
572.940730	57120.000000	75.552444	56884.180795
575.123900	56897.000000	75.330017	56864.233868
577.306640	56803.000000	75.026848	56845.873327
579.487300	56920.000000	74.101400	56827.706400
581.665950	56654.000000	71.975269	56809.178789
583.844120	56968.000000	70.413939	56789.643291
586.021970	56669.000000	68.347116	56768.644760
588.197750	56721.000000	67.090053	56743.985518
590.373170	56842.000000	64.792021	56717.660258
592.546450	56952.000000	62.771650	56688.608789
594.719420	56480.000000	61.003026	56657.045022
596.890260	56871.000000	59.582338	56624.211834
599.059140	56524.000000	61.711927	56590.706462
601.229190	56313.000000	64.958249	56555.364879
603.395570	56648.000000	69.223003	56519.778937
605.561580	56335.000000	79.056239	56483.031311
607.727170	56746.000000	91.839850	56445.773106
609.890750	56560.000000	106.764316	56409.727331
612.053960	56529.000000	125.163758	56373.282617
614.215030	56576.000000	144.876352	56337.635000
616.375790	56798.000000	171.544583	56302.234865
618.534480	56561.000000	206.415927	56269.028501
620.692750	56703.000000	245.841799	56237.063453
622.849000	56656.000000	297.628959	56206.002458
625.004820	56228.000000	359.735799	56177.524804
627.158750	56533.000000	423.418852	56149.682642
629.310490	56545.000000	481.698521	56122.281576
631.463560	56768.000000	523.894274	56096.489536
633.612920	56494.000000	519.849068	56072.674232
635.763490	56656.000000	476.041216	56048.290578
637.910460	56296.000000	407.147419	56023.112170
640.058650	56369.000000	334.891189	55995.444884
642.203190	56157.000000	274.685699	55965.658775
644.348880	56254.000000	224.455649	55935.039657
646.491030	56079.000000	184.702260	55905.077108
648.634400	55784.000000	155.504409	55874.433008
650.774050	55744.000000	134.930018	55844.494661
652.914980	55897.000000	121.217579	55814.779596
655.052250	55955.000000	109.856089	55786.605635
657.190730	55996.000000	100.554950	55760.098472
659.325620	55566.000000	94.657262	55734.686634
661.461730	55829.000000	89.927326	55710.439602
663.594180	55771.000000	85.960977	55687.846097
665.727910	55508.000000	82.880256	55667.411232
667.857910	55767.000000	79.656958	55650.070287
669.989200	55716.000000	77.610190	55632.563053
672.118470	55717.000000	76.545228	55616.416582
674.245670	55503.000000	76.705589	55601.730803
676.372560	55670.000000	76.555377	55587.474410
678.497380	55893.000000	76.899062	55573.143070
680.621830	55777.000000	77.512121	55558.302713
682.744320	55506.000000	79.431872	55543.847242
684.866390	55502.000000	82.148909	55528.326893
686.986450	55468.000000	85.306310	55513.811307
689.106080	55428.000000	89.052800	55499.309775
691.223750	55385.000000	92.080166	55485.329750
693.341000	55471.000000	96.468679	55472.353708
695.457820	55320.000000	103.339365	55459.542395
697.571110	55538.000000	112.701186	55446.686581
699.685610	55364.000000	123.907499	55436.294661
701.798100	55629.000000	136.290696	55427.367338
703.908570	55829.000000	152.170545	55421.039751
706.018620	55766.000000	171.981642	55417.058954
708.126770	55435.000000	195.295076	55413.553603
710.234380	55582.000000	223.735354	55410.511990
712.340150	55424.000000	261.776334	55408.737455
714.445430	55714.000000	320.614889	55408.613323
716.550350	55803.000000	415.673559	55402.695605
718.653260	55779.000000	567.895350	55390.070879
720.754270	56130.000000	803.088745	55375.343723
722.854800	56353.000000	1147.473412	55354.990831
724.953370	56933.000000	1601.579937	55335.662220
727.051570	57498.000000	2132.841156	55317.987135
729.149350	57878.000000	2620.679945	55301.660322
731.243530	58077.000000	2795.327195	55289.078534
733.338990	57948.000000	2471.050474	55282.446474
735.432370	57225.000000	1874.722653	55279.568027
737.523800	56679.000000	1303.009672	55274.278773
739.614870	56183.000000	884.903544	55270.273774
741.705570	55550.000000	606.207551	55265.329590
743.792600	55594.000000	427.050676	55261.748512
745.880920	55275.000000	312.722337	55252.278601
747.967220	55603.000000	241.226315	55240.517331
750.051570	55240.000000	194.647496	55229.516464
752.135500	55302.000000	167.042789	55217.308633
754.219120	55485.000000	147.008973	55207.299257
756.300720	55214.000000	129.958644	55201.406521
758.380310	55396.000000	116.035672	55194.934504
760.459530	54896.000000	102.137780	55186.390506
762.538390	54910.000000	90.817137	55178.609252
764.615300	55432.000000	81.352398	55170.553973
766.690190	55494.000000	72.917771	55162.591597
768.764710	55297.000000	66.973002	55153.185704
770.838810	55304.000000	61.061267	55142.602512
772.909360	55098.000000	54.674426	55131.817900
774.981140	55148.000000	49.974060	55119.116665
777.050960	55225.000000	47.626630	55105.822097
779.120420	55311.000000	45.365727	55092.597792
781.187870	55097.000000	43.394236	55080.014443
783.253420	55035.000000	41.034132	55066.529383
785.318480	54937.000000	38.459787	55051.354105
787.383240	55139.000000	35.988077	55035.023388
789.445980	54889.000000	33.467956	55018.255478
791.506770	54865.000000	30.924165	54998.177394
793.567260	55183.000000	29.023154	54976.569134
795.627260	55104.000000	27.243633	54953.354190
797.685360	55057.000000	26.018651	54928.084439
799.741520	54970.000000	25.412672	54898.835452
801.797240	54831.000000	25.273927	54865.544773
803.852600	55127.000000	25.229397	54829.520077
805.906010	54469.000000	25.241353	54790.890179
807.959050	54954.000000	24.902138	54752.001869
810.010130	54652.000000	24.217673	54712.926971
812.059200	54647.000000	24.213181	54673.062784
814.107970	54732.000000	24.465326	54631.401422
816.156370	54572.000000	27.814746	54587.262113
818.202760	54686.000000	35.568190	54540.448901
820.247190	54399.000000	51.452904	54493.680189
822.292850	54377.000000	76.585440	54445.890319
824.335020	54581.000000	122.486805	54399.565825
826.376770	54543.000000	173.656442	54352.001578
828.418090	54906.000000	191.065589	54303.282673
830.457520	54225.000000	158.784076	54254.972075
832.496640	54373.000000	108.721400	54206.319530
834.533690	54155.000000	71.211645	54156.947178
836.568910	53865.000000	49.049578	54105.132010
838.603700	54080.000000	34.557746	54051.783544
840.638060	54053.000000	26.326305	53995.442649
842.670530	53921.000000	22.727016	53935.921176
844.702640	53531.000000	19.409586	53875.836816
846.732790	53939.000000	17.322999	53814.432290
848.762570	53783.000000	16.643525	53752.920028
850.790470	53554.000000	16.824258	53691.150914
852.816350	53617.000000	17.355376	53629.836950
854.843440	53398.000000	17.930114	53568.204459
856.867070	53748.000000	17.835839	53505.575793
858.890200	53545.000000	17.283635	53441.686684
860.913150	53421.000000	16.503115	53374.494817
862.934020	53266.000000	15.575118	53304.529898
864.954530	53240.000000	15.118383	53230.860549
866.973140	53110.000000	14.892370	53153.728008
868.991390	52898.000000	14.887155	53076.651677
871.007690	53494.000000	15.201845	52998.549505
873.023620	52963.000000	15.671219	52920.421569
875.037660	52515.000000	15.989401	52841.765879
877.051270	53006.000000	15.849291	52763.395145
879.062990	52853.000000	15.629770	52684.780052
881.074340	52623.000000	15.321765	52606.551015
883.083740	52763.000000	14.853750	52528.248593
885.092770	52553.000000	14.272649	52448.784877
887.099850	52521.000000	14.016101	52367.603617
889.104980	52703.000000	14.263362	52282.406819
891.111450	52029.000000	14.659768	52191.777117
893.114260	52128.000000	15.197800	52097.498416
895.118410	52099.000000	15.979730	52000.265541
897.119020	52269.000000	16.759017	51902.455726
899.120790	51991.000000	17.200891	51806.150324
901.119080	51599.000000	17.900264	51710.078742
903.118650	51818.000000	18.501926	51613.328730
905.114620	51586.000000	18.885920	51512.958605
907.111880	51187.000000	18.724427	51407.708704
909.107180	51303.000000	18.605137	51299.380497
911.100520	51367.000000	18.454420	51187.366597
913.093630	50983.000000	19.224229	51073.739767
915.084660	50876.000000	20.628434	50960.701977
917.075380	51027.000000	21.996471	50848.739994
919.064210	50744.000000	23.410850	50737.760524
921.052730	50578.000000	24.528882	50628.416624
923.039310	50695.000000	24.878195	50519.100438
925.025450	50504.000000	25.450811	50410.826099
927.009770	49958.000000	25.640044	50300.155787
928.993650	50338.000000	26.587255	50193.958505
930.975590	50259.000000	28.686064	50093.341678
932.957280	49901.000000	31.344155	49995.633745
934.937010	50003.000000	33.868017	49903.199061
936.916380	50005.000000	36.221168	49813.518693
938.895390	49894.000000	37.988878	49724.813812
940.870970	49390.000000	40.462012	49639.018605
942.847660	49591.000000	43.955963	49555.284451
944.822510	49381.000000	48.621470	49476.853603
946.795470	49281.000000	54.286601	49403.096816
948.768010	49125.000000	61.628825	49332.699779
950.738710	49068.000000	71.328220	49265.555144
952.708980	49080.000000	81.515046	49198.234461
954.677310	49287.000000	95.385931	49135.906365
956.645390	49105.000000	119.080274	49075.731444
958.613160	49305.000000	152.312084	49019.214501
960.578920	49227.000000	190.419899	48961.713874
962.542720	49246.000000	226.455928	48906.107619
964.506290	49104.000000	243.307788	48852.288780
966.467960	48990.000000	239.162872	48800.465415
968.429260	49158.000000	222.057968	48747.948397
970.390140	49111.000000	202.002157	48695.844370
972.347660	48785.000000	196.638042	48640.819738
974.306270	49002.000000	209.628002	48585.402022
976.263060	48663.000000	248.984318	48537.493193
978.218020	48569.000000	334.112317	48495.166673
980.172490	48880.000000	473.968648	48456.939422
982.125120	49032.000000	707.007453	48420.999627
984.077390	49849.000000	1044.525703	48382.369339
986.029360	49780.000000	1414.078825	48343.043836
987.979370	49793.000000	1568.643502	48304.616140
989.927490	49651.000000	1341.482161	48270.053893
991.875310	49035.000000	940.823543	48233.962837
993.822750	48634.000000	608.469390	48196.911518
995.768370	48637.000000	393.016305	48159.384557
997.711980	48589.000000	269.609797	48127.959949
999.655270	48087.000000	196.620232	48103.714479
1001.596700	48362.000000	153.857288	48087.931425
1003.537700	48094.000000	127.048640	48071.233388
1005.478600	47706.000000	108.599709	48051.250158
1007.417400	48161.000000	95.633139	48029.738705
1009.354300	48309.000000	84.153305	48007.347597
1011.291000	47917.000000	75.532780	47988.874830
1013.227200	47899.000000	69.404473	47972.325321
1015.161600	48168.000000	63.970948	47956.143133
1017.094100	47798.000000	58.211249	47938.369094
1019.026200	47897.000000	52.741714	47920.765443
1020.958000	47927.000000	48.175570	47902.076617
1022.888000	47576.000000	43.970482	47883.773262
1024.816000	47901.000000	40.500916	47867.332271
1026.743800	47497.000000	37.437965	47853.599534
1028.671100	47933.000000	34.455276	47840.815740
1030.596600	47885.000000	32.352578	47826.681625
1032.521700	47760.000000	31.083608	47812.569370
1034.444900	47967.000000	29.551408	47802.509151
1036.366300	47915.000000	28.000605	47793.771831
1038.287400	48149.000000	26.791719	47783.744596
1040.208100	47815.000000	26.500752	47772.614719
1042.127000	47581.000000	26.438071	47759.110142
1044.043800	47652.000000	26.801332	47743.237990
1045.960400	47824.000000	26.814402	47728.533279
1047.876700	47808.000000	26.559271	47716.187361
1049.791000	47535.000000	26.889499	47703.978066
1051.705100	47580.000000	27.264068	47691.722807
1053.617300	47611.000000	27.406921	47678.006074
1055.527600	47483.000000	27.421785	47662.227703
1057.437500	47683.000000	27.513447	47645.328050
1059.347300	47967.000000	27.786537	47627.739721
1061.255000	47705.000000	29.473112	47610.389115
1063.162500	47524.000000	32.125787	47593.559334
1065.068000	47524.000000	35.467541	47574.075656
1066.971700	47525.000000	40.086919	47552.179415
1068.875000	47551.000000	48.470383	47530.452977
1070.778100	47721.000000	61.099461	47509.878268
1072.679200	47858.000000	84.796543	47492.063047
1074.580000	47599.000000	117.257934	47476.338447
1076.479000	47569.000000	154.745677	47461.363126
1078.377600	47453.000000	187.876825	47447.512210
1080.274400	47828.000000	193.897267	47434.082679
1082.169200	47898.000000	170.751451	47419.723136
1084.065300	47599.000000	135.149688	47401.850826
1085.958000	47292.000000	100.862791	47382.076629
1087.850300	47126.000000	77.630129	47362.345079
1089.742400	47518.000000	62.914324	47343.834740
1091.632600	47337.000000	52.850152	47329.889652
1093.522500	47432.000000	47.825413	47320.304588
1095.410400	47405.000000	44.897669	47313.999642
1097.298100	47356.000000	43.200159	47308.952796
1099.183800	47321.000000	42.144452	47304.572962
1101.069300	47519.000000	40.527655	47300.575672
1102.952900	47080.000000	38.718907	47297.261594
1104.834600	47122.000000	37.027023	47294.512548
1106.717700	47393.000000	36.116124	47291.726419
1108.597200	47421.000000	35.558691	47290.081188
1110.477900	47116.000000	34.989178	47289.092917
1112.355300	47287.000000	35.127057	47288.538522
1114.232300	47075.000000	34.828820	47287.595336
1116.109100	47496.000000	33.285907	47286.121665
1117.984000	47347.000000	32.090418	47286.499427
1119.858500	46921.000000	31.396383	47289.986430
1121.731300	47116.000000	31.547674	47295.224255
1123.603600	47400.000000	32.367472	47300.769286
1125.474100	47432.000000	32.738122	47304.566521
1127.344400	47561.000000	33.052093	47307.509962
1129.212600	47111.000000	33.522837	47315.049393
1131.080700	47418.000000	34.023715	47327.494265
1132.946900	47207.000000	35.466132	47338.957795
1134.812700	47502.000000	37.382766	47351.131178
1136.676800	47339.000000	39.506537	47363.873204
1138.540400	47264.000000	41.896027	47375.672534
1140.402300	47723.000000	44.975822	47389.913995
1142.263800	47219.000000	47.538200	47405.569503
1144.123400	47473.000000	50.164511	47422.645009
1145.982800	47383.000000	53.430506	47440.609344
1147.841800	47266.000000	60.200257	47457.996253
1149.697500	47830.000000	69.827565	47474.649399
1151.554400	47520.000000	85.314599	47493.065565
1153.407800	47333.000000	107.603216	47513.737667
1155.262600	47544.000000	145.280475	47535.791122
1157.115500	47867.000000	194.068118	47561.133770
1158.966400	47523.000000	267.812451	47588.213675
1160.817100	47892.000000	344.844964	47614.616321
1162.666000	48211.000000	379.413847	47639.499820
1164.514500	47933.000000	334.174725	47663.761587
1166.361300	47717.000000	254.955076	47688.694465
1168.207600	48029.000000	183.316588	47712.551438
1170.052200	47655.000000	133.651265	47736.530201
1171.896500	47622.000000	106.666911	47760.718875
1173.740400	47876.000000	87.699240	47785.331275
1175.580900	47821.000000	73.231393	47809.875754
1177.422900	47977.000000	62.758964	47834.484055
1179.262700	48006.000000	56.330996	47860.430283
1181.100700	47715.000000	51.958652	47885.442988
1182.938600	47701.000000	49.603089	47910.128188
1184.774500	47723.000000	48.629597	47937.398292
1186.610200	47826.000000	48.436849	47966.528612
1188.444000	47557.000000	48.765445	47995.541632
1190.277500	48097.000000	50.002061	48022.858772
1192.110700	48379.000000	50.435082	48047.454972
1193.942000	48107.000000	50.628190	48073.275508
1195.771600	48138.000000	52.108901	48099.032612
1197.600700	48075.000000	53.937877	48122.885584
1199.428100	48148.000000	55.483398	48145.006960
1201.255200	48256.000000	57.204491	48167.547768
1203.082000	48464.000000	59.709995	48190.791793
1204.907000	48111.000000	61.594541	48215.461379
1206.730100	48269.000000	63.103766	48242.348548
1208.552900	48368.000000	64.660094	48270.561349
1210.373900	48539.000000	67.572288	48298.242492
1212.194600	48302.000000	70.050376	48326.046400
1214.015000	48460.000000	73.578153	48353.247021
1215.833500	48057.000000	77.621614	48381.945028
1217.650300	48468.000000	81.041581	48412.105093
1219.466700	48512.000000	84.027228	48441.921065
1221.281300	48260.000000	87.599329	48473.076525
1223.095600	48619.000000	92.363688	48505.331213
1224.909500	48593.000000	99.045891	48537.745164
1226.721700	48693.000000	106.831053	48569.709139
1228.532000	48546.000000	116.766250	48600.676840
1230.342000	48762.000000	128.469175	48629.557726
1232.151700	48685.000000	140.355626	48657.861283
1233.959700	48948.000000	153.643143	48685.601564
1235.765900	49074.000000	169.229376	48714.799025
1237.571700	48973.000000	187.982891	48746.052073
1239.377100	48987.000000	216.549410	48776.229314
1241.180800	49118.000000	252.820662	48805.712901
1242.982700	48882.000000	302.901720	48836.503774
1244.784200	49245.000000	369.254040	48863.775634
1246.585300	49384.000000	457.856137	48887.292709
1248.384900	49245.000000	569.817730	48914.555591
1250.182500	49363.000000	703.379532	48943.484490
1251.979700	49895.000000	854.846043	48970.722780
1253.776900	50368.000000	1011.641867	48997.933355
1255.572000	50211.000000	1152.645268	49027.664035
1257.365500	50144.000000	1256.458190	49062.406819
1259.160000	50509.000000	1285.954854	49100.324327
1260.951300	50415.000000	1231.477299	49140.354413
1262.742300	50182.000000	1111.982911	49184.752524
1264.533100	50224.000000	958.741036	49229.312632
1266.322000	50351.000000	805.335897	49274.682717
1268.109000	49749.000000	668.550090	49324.765898
1269.895800	50100.000000	554.891447	49378.204925
1271.682400	49787.000000	465.548537	49433.882614
1273.466900	49914.000000	398.446817	49492.557417
1275.251500	49916.000000	348.829373	49556.030021
1277.033900	49899.000000	311.464529	49623.382323
1278.814700	49897.000000	283.713855	49693.333970
1280.595200	50380.000000	264.123367	49764.267740
1282.375400	49872.000000	249.854386	49836.019295
1284.153800	49894.000000	241.032360	49909.400565
1285.931900	50170.000000	236.562330	49981.214576
1287.708100	50258.000000	236.164831	50053.395517
1289.482500	50367.000000	238.629628	50123.439677
1291.256800	50548.000000	244.858042	50191.975522
1293.030600	50289.000000	254.235879	50263.002977
1294.802900	50671.000000	266.331948	50335.701913
1296.574600	50915.000000	276.987037	50407.343389
1298.344600	50654.000000	287.744471	50475.751980
1300.114400	50503.000000	300.398425	50545.594719
1301.882300	50789.000000	316.170257	50616.954753
1303.648300	50811.000000	338.194484	50689.950746
1305.415800	51085.000000	366.091467	50765.283379
1307.179700	51203.000000	399.364995	50840.620697
1308.943500	51363.000000	439.454073	50917.188791
1310.707000	51364.000000	488.138724	50994.157775
1312.468600	51471.000000	542.537234	51069.856167
1314.230000	51958.000000	599.828731	51145.599450
1315.989500	51984.000000	659.046804	51222.197210
1317.748800	51985.000000	717.230204	51301.144882
1319.506200	52198.000000	774.464709	51380.727265
1321.263400	52383.000000	831.938012	51460.496236
1323.018900	52096.000000	893.373278	51539.600829
1324.774000	52507.000000	972.172520	51616.643199
1326.527300	52665.000000	1074.954232	51693.519670
1328.278900	53017.000000	1207.024748	51768.978387
1330.031700	53100.000000	1367.413751	51841.681227
1331.781100	53351.000000	1550.953778	51914.476189
1333.531900	53767.000000	1744.237743	51988.403560
1335.279300	53863.000000	1898.913669	52061.317189
1337.027800	54134.000000	1916.887958	52132.822433
1338.773200	54063.000000	1770.993364	52206.216975
1340.518300	53534.000000	1517.913802	52280.764222
1342.263100	53874.000000	1253.869090	52353.439347
1344.006000	53293.000000	1038.392608	52425.164358
1345.748700	53241.000000	884.270395	52492.410484
1347.489500	53295.000000	775.190225	52556.100905
1349.230200	53283.000000	698.143220	52615.426812
1350.969100	53074.000000	647.297684	52671.171642
1352.707500	53506.000000	612.735583	52722.971195
1354.445900	53282.000000	594.155665	52772.217074
1356.180900	53349.000000	588.074975	52815.762269
1357.917000	53295.000000	596.226037	52852.061773
1359.649900	53295.000000	612.120000	52880.021821
1361.384200	53368.000000	643.999463	52897.626643
1363.115000	53615.000000	681.689494	52914.041676
1364.847000	53721.000000	722.975875	52930.103831
1366.577400	53774.000000	769.652221	52944.815373
1368.305900	53811.000000	816.859443	52960.054669
1370.034300	53802.000000	858.567257	52976.782763
1371.760600	54146.000000	895.063205	52992.902690
1373.486900	53868.000000	925.382533	53003.449188
1375.211300	53759.000000	949.983223	53008.255188
1376.935400	53978.000000	959.708716	53010.363082
1378.657800	53888.000000	955.656874	53011.120363
1380.380000	53928.000000	940.275393	53013.209520
1382.100200	53959.000000	918.892756	53014.820888
1383.820300	53693.000000	887.368707	53017.070090
1385.540200	53670.000000	851.017384	53017.866406
1387.256500	53751.000000	807.659509	53014.663967
1388.974200	53909.000000	759.504026	53006.799960
1390.690300	53540.000000	704.089434	53000.693312
1392.404400	53750.000000	644.905907	52995.012927
1394.118400	53396.000000	617.290001	52988.189594
1395.830400	53470.000000	590.515253	52980.091376
1397.542200	53546.000000	549.174222	52968.665027
1399.252300	53528.000000	502.635183	52953.646670
1400.962200	53072.000000	451.815800	52933.592006
1402.671800	53123.000000	406.392090	52906.526642
1404.379500	53072.000000	363.668901	52878.358146
1406.085600	53264.000000	330.560515	52848.091124
1407.791300	53101.000000	310.868488	52817.548515
1409.495200	53051.000000	314.501214	52786.328256
1411.199000	53141.000000	318.669698	52755.776278
1412.902500	53153.000000	330.967261	52724.207046
1414.604000	53192.000000	338.988068	52698.853760
1416.304000	53369.000000	307.388754	52678.046500
1418.003700	52836.000000	279.330630	52659.469705
1419.701500	53042.000000	258.309824	52642.710383
1421.399000	52992.000000	238.493396	52625.907342
1423.096400	52668.000000	224.303070	52607.590520
1424.792000	52503.000000	211.497002	52590.392053
1426.485700	52484.000000	202.523215	52574.484476
1428.179300	52686.000000	196.282761	52559.610159
1429.871100	52824.000000	190.321812	52545.220266
1431.562500	52901.000000	187.656167	52531.513097
1433.253900	52703.000000	187.757890	52515.572341
1434.943400	52712.000000	186.265481	52496.659843
1436.631000	52959.000000	186.494044	52474.889978
1438.318500	52541.000000	188.833904	52453.814157
1440.005600	52457.000000	195.330464	52433.114634
1441.691000	52340.000000	205.208279	52416.440798
1443.374800	52530.000000	224.842730	52403.676717
1445.058200	52562.000000	254.442447	52392.412754
1446.741300	52700.000000	294.658340	52382.419382
1448.422900	52569.000000	348.953382	52370.492604
1450.102400	52849.000000	418.068118	52357.298356
1451.781700	53038.000000	497.681680	52344.370717
1453.460900	52887.000000	574.297152	52331.447373
1455.138200	52548.000000	617.487421	52321.668694
1456.813800	52997.000000	616.770005	52312.318621
1458.489100	52868.000000	567.560039	52302.331495
1460.164300	52672.000000	489.299969	52290.754471
1461.837600	52883.000000	405.259951	52279.005301
1463.509200	52463.000000	330.528238	52266.885299
1465.180500	52480.000000	270.264098	52258.241761
1466.851600	52278.000000	225.812435	52251.794336
1468.520900	52260.000000	190.916682	52249.474872
1470.189900	52618.000000	162.313116	52250.452310
1471.857200	52645.000000	140.630177	52252.074998
1473.522800	52364.000000	125.884138	52254.501810
1475.188100	52290.000000	113.828385	52256.475033
1476.853100	52332.000000	103.526221	52256.630002
1478.516500	52345.000000	94.686520	52255.956257
1480.178000	52484.000000	87.044835	52254.543187
1481.839200	52243.000000	80.884801	52254.127073
1483.500400	52521.000000	76.645402	52254.332007
1485.159700	52225.000000	73.104017	52254.453796
1486.818600	52131.000000	69.935924	52254.375336
1488.476000	51874.000000	69.601033	52254.454967
1490.131500	52422.000000	69.743627	52254.679810
1491.788300	52121.000000	69.319175	52253.906915
1493.441800	52023.000000	68.793202	52252.963827
1495.095100	52185.000000	67.662258	52253.361985
1496.748000	52224.000000	65.379145	52254.378459
1498.399400	52406.000000	62.776457	52255.658809
1500.050400	52235.000000	60.104243	52256.616340
1501.699700	52326.000000	59.531867	52254.827752
1503.347300	52609.000000	60.323480	52249.239881
1504.996100	52444.000000	61.956006	52241.842342
1506.641600	51959.000000	64.084443	52229.802752
1508.287000	52301.000000	70.352483	52217.562131
1509.932000	52251.000000	76.843413	52206.798597
1511.575300	52007.000000	83.594439	52197.763928
1513.218500	52516.000000	89.526680	52190.867600
1514.859700	52305.000000	110.619603	52182.543759
1516.500900	52401.000000	132.748945	52172.790453
1518.140300	52487.000000	150.827909	52161.712687
1519.777800	52365.000000	171.394286	52148.430220
1521.416700	52425.000000	187.031227	52136.825090
1523.052200	52515.000000	194.893271	52126.506557
1524.689200	52416.000000	206.571287	52118.177641
1526.322800	52033.000000	223.146046	52108.927888
1527.956200	52327.000000	236.857997	52102.739657
1529.589400	52234.000000	252.754668	52098.509815
1531.220800	52204.000000	273.362556	52096.681022
1532.851900	52585.000000	299.793210	52097.383263
1534.481400	52714.000000	335.690115	52098.824048
1536.110600	52379.000000	366.990835	52101.794227
1537.738000	52343.000000	401.983541	52103.838104
1539.365200	52668.000000	438.148057	52104.967389
1540.990700	52500.000000	469.558269	52106.679077
1542.616000	52498.000000	501.817495	52108.509042
1544.239500	52515.000000	534.790332	52109.978322
1545.862700	52796.000000	561.008049	52110.591564
1547.484400	52918.000000	573.656489	52111.163428
1549.105600	52732.000000	595.209075	52110.875739
1550.725100	52929.000000	591.478248	52111.305125
1552.344500	52747.000000	562.500360	52113.875195
1553.962000	52394.000000	507.168180	52121.417163
1555.579300	52537.000000	442.856419	52131.537398
1557.195100	52542.000000	385.315269	52139.431072
1558.810400	52751.000000	337.150296	52146.003019
1560.424100	52664.000000	292.713076	52154.049711
1562.037500	52491.000000	251.059667	52163.089845
1563.649200	52486.000000	214.786195	52173.107418
1565.260600	52128.000000	184.211943	52183.671482
1566.870500	52221.000000	169.521383	52193.676174
1568.479900	52410.000000	159.574427	52202.763151
1570.089100	52469.000000	146.595494	52212.292395
1571.695200	51947.000000	133.832278	52219.895648
1573.302500	52438.000000	122.521156	52225.289516
1574.906500	52209.000000	117.301311	52226.916108
1576.511800	52219.000000	112.249135	52228.443550
1578.115500	52839.000000	107.074144	52230.097076
1579.717400	52426.000000	112.791918	52232.205751
1581.319100	52186.000000	118.446064	52234.788312
1582.919100	52752.000000	120.275663	52237.622259
1584.518700	52282.000000	119.116235	52241.876303
1586.116600	52417.000000	116.416459	52250.575661
1587.714500	52358.000000	122.518911	52261.894273
1589.310500	52586.000000	128.932363	52274.572868
1590.906300	52559.000000	135.787899	52288.347568
1592.501800	52495.000000	145.842202	52305.291135
1594.095700	52493.000000	153.307893	52324.697036
1595.687900	52389.000000	160.506170	52343.661059
1597.279700	52496.000000	167.922860	52362.252688
1598.869900	52483.000000	176.653153	52378.766089
1600.459700	52691.000000	186.369607	52394.163087
1602.048100	52457.000000	197.479260	52408.985488
1603.636000	52535.000000	209.857650	52423.390214
1605.223900	52809.000000	224.955615	52437.182870
1606.809800	52430.000000	242.298048	52449.637403
1608.394200	52474.000000	262.806128	52463.808699
1609.978300	52422.000000	285.475874	52479.138557
1611.560700	52315.000000	308.927810	52494.683888
1613.142900	52851.000000	335.216156	52509.841991
1614.724700	52938.000000	366.068046	52523.737699
1616.304900	52833.000000	402.399558	52537.410127
1617.883500	52984.000000	430.933885	52554.974743
1619.461800	52923.000000	454.565187	52574.354490
1621.038300	53168.000000	477.768957	52594.812776
1622.614700	53251.000000	493.889373	52614.273326
1624.190800	53125.000000	503.841952	52630.813661
1625.765300	53153.000000	507.390241	52646.025632
1627.337900	53211.000000	508.465902	52659.515766
1628.910400	52897.000000	519.001617	52670.578309
1630.482700	53473.000000	551.868277	52681.889895
1632.053200	53275.000000	588.433463	52693.540305
1633.622100	53297.000000	617.258285	52707.979382
1635.190600	53071.000000	639.053230	52721.925055
1636.759000	53625.000000	655.451673	52730.316427
1638.325700	53558.000000	671.442931	52732.231098
1639.890700	53387.000000	683.092073	52730.581865
1641.455400	53479.000000	693.451740	52726.164265
1643.019900	53355.000000	702.778343	52720.636117
1644.582800	53268.000000	709.579669	52714.615736
1646.143900	53269.000000	715.558966	52709.791390
1647.704700	53228.000000	720.545844	52704.020054
1649.265500	53457.000000	718.101613	52696.432024
1650.824500	53318.000000	696.604311	52687.451613
1652.381600	53393.000000	669.549486	52678.441535
1653.938700	53259.000000	637.362523	52670.337462
1655.495500	52985.000000	599.720164	52664.526309
1657.050700	53152.000000	559.927948	52659.015337
1658.604100	53002.000000	515.274742	52650.232443
1660.157200	53184.000000	466.723444	52638.091752
1661.710200	53323.000000	419.708079	52619.950198
1663.261500	52669.000000	385.789033	52594.925978
1664.811200	52964.000000	353.745256	52569.000438
1666.361900	52672.000000	324.484193	52541.629819
1667.909700	52698.000000	295.281487	52513.866507
1669.457200	53067.000000	265.231646	52487.283617
1671.004300	52581.000000	236.192180	52459.307174
1672.549900	52441.000000	208.185485	52428.961301
1674.093600	52056.000000	181.164926	52391.318991
1675.637300	52342.000000	167.359364	52344.170467
1677.180800	52424.000000	154.022125	52295.353194
1678.722400	52387.000000	140.089797	52244.836723
1680.263900	52143.000000	124.699216	52192.022258
1681.803700	52076.000000	108.046996	52136.759902
1683.341800	52213.000000	90.589318	52081.023660
1684.881200	52157.000000	73.380678	52023.554651
1686.417500	51948.000000	55.157248	51962.618546
1687.953400	51846.000000	50.310591	51897.248056
1689.489100	52033.000000	45.529037	51832.679347
1691.023200	51919.000000	39.556292	51768.230865
1692.557100	51738.000000	34.686321	51704.692681
1694.089200	51604.000000	35.228460	51641.958621
1695.619800	51421.000000	36.375866	51579.344007
1697.151500	51431.000000	37.343997	51517.347710
1698.680200	51508.000000	37.394337	51454.718263
1700.208500	51335.000000	36.165265	51390.995053
1701.736600	51084.000000	34.340659	51327.871813
1703.263100	51526.000000	32.352267	51266.411467
1704.789300	51202.000000	30.555705	51204.109134
1706.314000	51092.000000	28.717503	51142.800244
1707.838100	51419.000000	27.021764	51080.660687
1709.361000	50859.000000	24.984319	51017.217359
1710.883300	50966.000000	23.342409	50952.282110
1712.404100	50964.000000	23.222100	50886.533370
1713.923100	50906.000000	23.361951	50820.172950
1715.443500	50759.000000	23.423342	50751.921671
1716.960700	50465.000000	23.595348	50680.837225
1718.479100	50774.000000	23.769445	50608.557135
1719.994500	50814.000000	23.999066	50537.652642
1721.509600	50545.000000	23.706493	50467.541341
1723.024400	50237.000000	23.595669	50401.492421
1724.537600	50429.000000	23.429221	50339.892329
1726.050700	50457.000000	23.660732	50279.451580
1727.561900	50366.000000	23.797416	50219.854768
1729.073000	50405.000000	24.277897	50160.676803
1730.582400	50222.000000	24.482965	50101.613211
1732.091700	50497.000000	24.771080	50043.948637
1733.599200	50068.000000	24.723962	49985.080611
1735.106600	49926.000000	25.032088	49927.291124
1736.612100	49735.000000	25.006567	49869.008624
1738.117600	49830.000000	25.031013	49811.861264
1739.621300	49861.000000	24.725576	49756.437303
1741.125000	49522.000000	24.372942	49703.561162
1742.626800	49393.000000	23.750357	49652.743340
1744.128400	49355.000000	23.656357	49601.519944
1745.628500	49702.000000	23.699699	49550.956241
1747.128300	49600.000000	26.818824	49500.656416
1748.626300	49403.000000	32.531798	49448.819388
1750.124300	49396.000000	43.322085	49398.936067
1751.620500	49307.000000	56.973306	49350.872951
1753.116600	49281.000000	78.905405	49303.655726
1754.612400	49404.000000	107.760393	49255.044948
1756.105100	49289.000000	143.020185	49209.658468
1757.599100	49362.000000	169.855779	49164.598321
1759.091300	49360.000000	165.490498	49120.941095
1760.582000	49223.000000	132.285355	49078.328839
1762.072400	49227.000000	95.113350	49036.582770
1763.561000	48931.000000	67.297500	48994.229707
1765.049600	48782.000000	47.945312	48951.691226
1766.536500	48987.000000	36.062640	48908.624991
1768.023200	48865.000000	27.772970	48866.018590
1769.508100	48810.000000	23.105845	48825.161741
1770.992900	48672.000000	20.054115	48784.853334
1772.477500	48533.000000	19.486656	48746.568897
1773.959000	48653.000000	18.919621	48708.482758
1775.441700	48717.000000	18.327531	48669.777913
1776.922700	48298.000000	18.063197	48631.341629
1778.402100	48689.000000	17.505228	48593.579872
1779.881300	48619.000000	17.402033	48556.587008
1781.358900	48309.000000	17.790630	48523.441149
1782.836200	48465.000000	17.947875	48494.090671
1784.311900	48568.000000	18.038645	48466.532684
1785.787400	48510.000000	18.067842	48437.903184
1787.262600	48271.000000	17.966304	48408.550363
1788.736200	48425.000000	19.561850	48378.917076
1790.208300	48402.000000	22.265867	48347.797919
1791.679800	48434.000000	24.425124	48315.481945
1793.150000	48301.000000	25.964779	48281.671124
1794.619900	48569.000000	27.176794	48249.005787
1796.089600	48439.000000	26.906565	48218.020714
1797.557600	48128.000000	26.807711	48189.215361
1799.023900	48061.000000	27.707305	48161.338848
1800.490100	48185.000000	28.551790	48133.309707
1801.954600	48138.000000	28.412160	48104.477030
1803.418900	48188.000000	27.965699	48075.930089
1804.883100	47741.000000	26.904647	48048.368198
1806.345500	48186.000000	26.356106	48021.490397
1807.806400	47861.000000	25.586115	47993.791103
1809.266800	47778.000000	24.554546	47968.171013
1810.727400	47792.000000	23.199777	47942.873547
1812.186000	47909.000000	21.761770	47916.431183
1813.643300	47930.000000	20.138228	47889.103893
1815.100100	48166.000000	19.030319	47863.450037
1816.556800	47655.000000	18.687044	47839.214814
1818.010400	47537.000000	17.776392	47817.061722
1819.465300	47900.000000	16.032219	47798.857516
1820.918500	47991.000000	14.945671	47780.267254
1822.370100	47675.000000	14.169712	47761.740423
1823.821400	47929.000000	13.543883	47745.432932
1825.272600	47710.000000	13.366039	47730.175875
1826.722200	47522.000000	13.619290	47716.203561
1828.169900	47694.000000	13.913180	47703.498812
1829.617600	47665.000000	13.886493	47692.582945
1831.065200	47622.000000	13.306657	47681.598765
1832.511000	47534.000000	12.161425	47671.192208
1833.956500	47671.000000	10.815523	47661.170536
1835.400500	47673.000000	9.727075	47649.708372
1836.842900	47986.000000	9.092795	47636.469526
1838.285200	47555.000000	8.778664	47622.196251
1839.727100	47429.000000	8.661234	47607.302904
1841.167400	47697.000000	8.710089	47593.670584
1842.606100	47558.000000	8.492700	47580.546990
1844.044400	47539.000000	8.079388	47569.703044
1845.482800	47260.000000	7.319881	47558.196575
1846.919400	47482.000000	6.644393	47549.384211
1848.356000	47222.000000	5.969080	47543.049988
1849.790800	47421.000000	5.669859	47538.612870
1851.224000	47649.000000	5.682958	47536.091887
1852.656900	47255.000000	5.827924	47533.535089
1854.089700	47459.000000	5.977988	47532.526032
1855.520800	47579.000000	5.986198	47532.561164
1856.951800	47330.000000	5.926559	47534.380296
1858.381100	47576.000000	6.008456	47537.935611
1859.808700	47614.000000	6.122004	47542.214832
1861.236300	47848.000000	6.174508	47544.479745
1862.663500	47542.000000	6.211736	47544.847651
1864.089100	47109.000000	6.432026	47546.888795
1865.514600	47528.000000	6.565201	47553.818791
1866.938500	47559.000000	6.539525	47565.133890
1868.360700	47676.000000	6.447222	47578.945088
1869.784200	47718.000000	6.510340	47596.456128
1871.204500	47650.000000	6.657224	47613.753158
1872.624600	47297.000000	6.737540	47628.523448
1874.044700	47640.000000	6.823171	47640.744258
1875.463000	47606.000000	6.829361	47649.868709
1876.881200	47703.000000	6.681226	47657.094981
1878.297700	47784.000000	6.542950	47664.026440
1879.714100	47658.000000	6.490073	47669.440801
1881.128800	47673.000000	6.671825	47676.139221
1882.541900	47983.000000	6.956636	47680.914773
1883.956200	48103.000000	7.261384	47681.678885
1885.367400	47818.000000	7.589756	47680.958883
1886.778600	47778.000000	7.577678	47676.536598
1888.189500	48128.000000	8.262031	47671.783101
