Raman_Shift Original_Spectrum Predicted_Raman Predicted_Baseline
294.894650	55289.000000	12.645651	55606.238904
297.232540	55239.000000	12.720435	55630.701222
299.568300	55442.000000	12.783702	55648.892682
301.905240	55679.000000	12.356943	55654.234805
304.238400	56126.000000	12.427299	55662.109310
306.571040	55955.000000	13.126020	55667.326201
308.903260	56832.000000	13.760054	55677.773431
311.233340	56870.000000	14.387430	55688.893049
313.562930	56522.000000	15.021819	55697.882037
315.890440	56748.000000	15.529182	55710.332983
318.215790	56302.000000	16.346770	55728.493344
320.540680	56217.000000	17.365180	55746.574700
322.865110	56263.000000	18.618659	55767.283412
325.187410	55735.000000	19.861521	55793.911661
327.509250	55956.000000	20.179903	55833.743931
329.828920	56006.000000	19.742371	55888.367898
332.148160	55696.000000	19.116380	55949.978817
334.465270	55952.000000	18.412425	56020.102170
336.781950	55857.000000	17.212327	56098.836292
339.096470	55865.000000	16.135843	56188.904356
341.408870	55740.000000	15.354407	56284.345641
343.722530	55987.000000	14.957320	56386.746143
346.032350	56378.000000	14.724366	56494.191236
348.341740	56187.000000	14.713695	56607.805490
350.650670	56763.000000	14.927303	56722.536748
352.957460	56731.000000	15.342968	56838.943094
355.263760	57157.000000	16.410389	56951.907652
357.568020	57325.000000	18.221914	57063.792188
359.871800	57234.000000	19.967889	57169.611783
362.173430	57561.000000	21.253071	57277.393911
364.474640	58103.000000	23.439982	57384.361608
366.773710	57900.000000	25.812978	57488.438878
369.072360	57810.000000	28.437209	57589.961073
371.368870	57851.000000	30.798220	57691.846357
373.664920	58131.000000	32.953687	57791.651441
375.958890	58258.000000	34.806816	57889.678058
378.252380	58384.000000	36.489697	57984.569666
380.543790	58226.000000	38.165847	58080.079030
382.834750	58462.000000	39.626781	58168.018986
385.123570	58463.000000	40.751350	58248.911474
387.411960	58399.000000	42.008033	58322.490901
389.698210	58288.000000	42.911347	58393.704363
391.984070	58559.000000	42.823051	58460.908710
394.267790	58276.000000	41.735959	58520.923549
396.551060	58255.000000	40.928272	58572.538579
398.832210	58307.000000	40.220836	58620.663915
401.112950	58534.000000	39.355304	58664.258196
403.391570	58694.000000	39.450437	58702.835621
405.669770	58726.000000	40.042808	58734.711859
407.945860	59045.000000	40.416364	58761.019883
410.221470	58895.000000	44.087682	58781.551253
412.495030	58821.000000	49.633675	58797.639819
414.768100	59084.000000	55.649917	58814.028438
417.039090	58938.000000	62.603237	58829.987569
419.309630	59143.000000	70.203632	58841.171063
421.579740	58936.000000	79.264738	58849.960016
423.846100	58942.000000	89.872664	58858.111881
426.113680	59272.000000	100.956706	58863.662444
428.377470	59448.000000	125.007121	58861.978953
430.642520	59230.000000	151.698420	58859.293603
432.905460	59698.000000	180.943768	58855.672793
435.166320	59777.000000	214.147972	58849.085071
437.426700	59744.000000	248.367207	58837.054367
439.685060	59738.000000	284.841213	58821.118770
441.942900	59626.000000	326.543037	58800.711792
444.198730	59690.000000	371.965636	58779.577794
446.454070	59801.000000	419.391898	58756.472859
448.708980	59446.000000	466.314842	58733.649486
450.961820	59633.000000	494.100018	58708.297094
453.212550	59260.000000	507.426172	58677.547106
455.462890	59301.000000	500.325701	58645.440575
457.711120	59376.000000	453.190457	58611.742166
459.958920	59047.000000	410.935515	58576.879684
462.204590	59034.000000	374.516035	58546.392769
464.449890	59005.000000	330.156834	58517.409480
466.694760	59093.000000	292.245651	58495.001307
468.937500	58686.000000	267.766128	58462.815771
471.178160	58673.000000	254.249237	58433.117230
473.418460	58562.000000	251.505053	58402.997606
475.656620	58546.000000	267.227692	58374.380770
477.894380	58803.000000	291.390168	58339.235045
480.131680	58452.000000	322.797625	58304.517968
482.366910	58432.000000	358.870116	58257.376840
484.600040	58502.000000	403.111860	58200.107026
486.832790	58644.000000	454.275681	58138.791957
489.063450	58835.000000	513.416572	58077.144897
491.293670	58803.000000	572.937940	58009.393393
493.523500	58292.000000	621.352193	57938.577481
495.751190	58379.000000	619.795510	57867.650624
497.976840	58719.000000	570.854325	57793.603887
500.202090	58410.000000	486.074279	57709.931915
502.426910	58287.000000	389.946133	57619.124224
504.649660	58022.000000	309.580551	57524.399873
506.870270	58302.000000	247.060095	57429.224181
509.090550	57822.000000	204.748368	57334.759540
511.310360	57944.000000	181.762361	57240.030986
513.528140	57722.000000	165.923183	57141.977473
515.743770	57692.000000	155.189151	57038.305318
517.959110	57522.000000	145.893123	56938.468296
520.173890	57506.000000	136.855019	56840.882933
522.386660	57170.000000	129.879413	56739.508664
524.597410	57333.000000	125.058745	56640.188540
526.807740	56848.000000	122.022296	56540.801177
529.017580	56892.000000	120.195186	56450.464999
531.225400	56871.000000	122.211852	56364.016904
533.431210	56564.000000	128.193584	56280.129768
535.636470	56559.000000	144.897477	56196.463679
537.841430	56251.000000	169.894764	56116.441093
540.044310	56444.000000	204.634522	56042.702814
542.245120	56526.000000	238.631316	55969.071277
544.445500	56461.000000	248.573704	55894.949737
546.645450	56046.000000	225.815941	55821.012263
548.843380	55936.000000	190.229828	55753.634775
551.040830	55840.000000	158.419621	55685.602549
553.236330	55655.000000	137.461942	55614.707632
555.429690	55645.000000	118.661538	55542.776396
557.622680	55451.000000	105.875468	55474.646674
559.815250	55405.000000	102.938478	55405.985765
562.005800	55629.000000	101.403562	55341.548294
564.195920	55097.000000	105.849885	55283.127016
566.383910	55201.000000	111.254736	55229.319160
568.569950	55340.000000	116.809621	55179.810385
570.755550	55235.000000	116.715723	55136.374116
572.940730	55377.000000	118.174030	55102.237813
575.123900	55009.000000	121.964447	55070.449827
577.306640	55059.000000	126.407277	55042.719702
579.487300	55036.000000	135.094413	55018.191825
581.665950	55142.000000	145.681728	55000.893802
583.844120	55196.000000	156.895375	54984.564017
586.021970	55069.000000	169.123987	54968.467887
588.197750	55236.000000	180.651595	54955.773200
590.373170	55187.000000	193.169320	54946.480796
592.546450	55272.000000	209.013121	54938.540734
594.719420	55074.000000	227.982291	54928.872634
596.890260	55420.000000	248.384752	54914.628092
599.059140	55046.000000	270.550787	54898.155425
601.229190	54992.000000	293.134989	54877.823250
603.395570	55301.000000	318.179869	54859.567914
605.561580	55262.000000	342.116806	54835.882203
607.727170	55352.000000	366.833923	54809.338843
609.890750	55377.000000	395.719294	54782.030642
612.053960	55291.000000	429.031054	54756.712710
614.215030	55286.000000	463.668942	54728.453920
616.375790	55347.000000	500.888564	54699.521061
618.534480	55335.000000	529.655112	54670.239400
620.692750	55423.000000	547.792938	54641.695686
622.849000	55418.000000	557.871510	54608.942822
625.004820	55042.000000	550.709211	54573.881987
627.158750	55280.000000	536.623994	54537.544454
629.310490	55304.000000	514.503214	54501.422926
631.463560	55238.000000	485.417177	54466.778971
633.612920	55152.000000	453.824445	54432.655276
635.763490	55011.000000	414.552017	54396.951469
637.910460	54711.000000	369.263476	54358.216032
640.058650	54503.000000	331.690457	54317.086054
642.203190	54699.000000	307.999729	54276.050209
644.348880	54502.000000	289.032502	54234.631944
646.491030	54532.000000	276.052681	54193.195189
648.634400	54201.000000	258.381009	54153.942854
650.774050	54007.000000	232.089427	54117.951601
652.914980	54237.000000	208.518114	54082.700816
655.052250	54265.000000	185.919322	54046.001034
657.190730	54173.000000	166.189184	54009.641649
659.325620	53743.000000	148.381865	53974.258067
661.461730	53902.000000	132.699740	53939.494762
663.594180	54024.000000	118.840889	53906.796530
665.727910	53958.000000	108.458764	53878.170448
667.857910	53935.000000	106.641136	53852.032202
669.989200	53656.000000	104.968302	53824.670210
672.118470	54010.000000	103.940146	53795.377624
674.245670	53635.000000	102.432913	53767.749197
676.372560	53823.000000	102.591134	53742.341333
678.497380	54184.000000	103.123050	53721.497303
680.621830	53970.000000	104.653698	53703.430235
682.744320	53609.000000	106.223468	53689.700911
684.866390	53758.000000	106.610537	53679.806720
686.986450	53735.000000	108.221905	53670.283184
689.106080	53662.000000	110.685991	53659.318215
691.223750	53571.000000	115.066087	53650.210719
693.341000	53741.000000	121.387047	53641.513379
695.457820	53724.000000	128.521268	53632.571458
697.571110	53883.000000	137.257375	53622.934456
699.685610	53682.000000	148.075390	53611.227339
701.798100	54201.000000	160.210537	53597.038270
703.908570	54286.000000	176.594875	53583.061002
706.018620	54026.000000	198.971294	53570.966422
708.126770	53799.000000	223.548549	53559.498003
710.234380	53906.000000	256.141116	53548.302741
712.340150	54034.000000	299.623560	53535.387847
714.445430	54286.000000	360.842708	53519.332061
716.550350	54144.000000	456.257860	53503.875540
718.653260	54192.000000	603.519989	53484.110692
720.754270	54679.000000	820.376753	53467.125329
722.854800	54660.000000	1130.208608	53449.815538
724.953370	55128.000000	1513.150008	53442.436079
727.051570	55608.000000	1930.338758	53439.629699
729.149350	56005.000000	2273.798790	53434.544765
731.243530	55941.000000	2345.150932	53423.028438
733.338990	55786.000000	2068.443067	53412.461019
735.432370	55134.000000	1587.412119	53398.313974
737.523800	54527.000000	1137.676739	53378.776897
739.614870	54319.000000	793.399440	53359.028019
741.705570	53648.000000	562.606172	53337.108168
743.792600	53778.000000	417.961865	53317.680355
745.880920	53684.000000	326.256011	53296.865741
747.967220	53621.000000	267.858634	53267.444561
750.051570	53342.000000	228.345880	53237.740136
752.135500	53352.000000	197.648186	53202.965066
754.219120	53548.000000	174.104478	53170.558482
756.300720	53369.000000	154.522174	53136.968495
758.380310	53127.000000	136.978741	53105.168741
760.459530	53104.000000	120.259694	53075.323956
762.538390	52795.000000	107.329284	53046.785285
764.615300	53284.000000	97.935313	53019.042553
766.690190	53280.000000	90.184524	52995.842642
768.764710	53035.000000	83.608273	52973.347059
770.838810	53106.000000	78.124541	52950.933002
772.909360	52829.000000	72.127430	52926.823687
774.981140	52963.000000	66.954382	52904.544108
777.050960	53138.000000	62.704292	52882.705784
779.120420	53209.000000	58.734379	52860.094214
781.187870	53068.000000	55.326002	52838.283625
783.253420	52983.000000	52.228338	52819.571065
785.318480	52665.000000	49.467676	52802.653781
787.383240	52955.000000	47.296040	52786.007133
789.445980	52660.000000	45.425557	52769.122628
791.506770	52669.000000	43.708186	52755.879945
793.567260	52955.000000	42.473734	52743.514728
795.627260	52845.000000	41.570524	52729.326499
797.685360	52874.000000	40.515220	52712.050328
799.741520	52681.000000	39.245371	52696.456808
801.797240	52834.000000	37.345025	52677.921591
803.852600	52823.000000	35.412040	52657.644888
805.906010	52379.000000	33.610470	52633.170802
807.959050	52755.000000	31.738401	52610.040652
810.010130	52383.000000	30.122119	52585.906123
812.059200	52650.000000	28.536475	52561.017678
814.107970	52722.000000	27.291224	52533.420350
816.156370	52586.000000	26.077180	52502.445953
818.202760	52552.000000	25.094057	52469.515747
820.247190	52245.000000	24.259455	52434.918859
822.292850	52247.000000	23.576406	52397.492898
824.335020	52577.000000	23.191963	52355.572023
826.376770	52489.000000	23.115087	52309.924437
828.418090	52462.000000	23.034610	52262.213460
830.457520	52286.000000	22.920536	52211.131297
832.496640	52440.000000	22.514179	52160.889619
834.533690	52159.000000	22.041625	52107.785250
836.568910	51754.000000	21.605825	52053.556311
838.603700	51837.000000	21.320741	51999.661044
840.638060	52160.000000	21.104092	51943.408217
842.670530	51947.000000	21.109885	51884.288496
844.702640	51588.000000	21.111846	51826.266448
846.732790	51832.000000	21.215195	51771.230223
848.762570	52047.000000	21.075333	51715.058923
850.790470	51479.000000	20.632512	51657.917283
852.816350	51579.000000	20.295095	51598.444137
854.843440	51446.000000	20.079990	51538.980237
856.867070	51724.000000	19.538788	51479.470530
858.890200	51432.000000	18.977891	51416.378256
860.913150	51357.000000	18.303464	51349.518087
862.934020	51094.000000	17.616935	51283.317698
864.954530	51066.000000	17.045300	51216.159157
866.973140	50993.000000	16.803807	51147.499929
868.991390	50668.000000	16.674507	51080.526715
871.007690	51231.000000	16.698855	51014.459544
873.023620	50911.000000	17.043455	50947.593491
875.037660	50523.000000	17.397981	50877.132684
877.051270	50737.000000	17.733216	50806.037310
879.062990	50761.000000	17.967239	50732.288945
881.074340	50602.000000	18.067967	50656.444411
883.083740	50694.000000	18.177399	50578.911762
885.092770	50644.000000	18.349356	50499.050549
887.099850	50593.000000	18.562619	50419.764228
889.104980	50564.000000	21.576718	50337.152108
891.111450	50137.000000	24.893053	50251.884054
893.114260	49898.000000	27.857258	50162.365667
895.118410	50253.000000	30.829673	50071.249098
897.119020	50167.000000	32.747210	49974.805535
899.120790	50139.000000	33.727462	49879.254987
901.119080	49737.000000	34.525470	49784.895826
903.118650	49864.000000	35.024360	49694.681938
905.114620	49659.000000	34.968665	49607.187860
907.111880	49691.000000	34.427973	49522.159345
909.107180	49466.000000	33.483531	49437.921726
911.100520	49580.000000	32.100184	49352.886067
913.093630	49189.000000	30.783390	49272.873987
915.084660	49183.000000	31.846121	49194.601711
917.075380	49352.000000	33.032794	49116.930382
919.064210	49209.000000	34.602486	49041.131654
921.052730	48876.000000	35.639700	48965.316536
923.039310	49660.000000	36.245470	48891.148349
925.025450	48916.000000	36.655443	48820.045411
927.009770	48679.000000	36.931066	48747.591394
928.993650	48731.000000	41.096622	48669.220781
930.975590	48804.000000	46.242282	48590.642149
932.957280	48577.000000	51.044390	48516.399999
934.937010	48405.000000	55.546892	48443.526159
936.916380	48716.000000	63.716597	48370.952792
938.895390	48503.000000	74.349706	48302.749948
940.870970	48242.000000	85.865343	48238.759615
942.847660	48229.000000	99.760853	48175.833337
944.822510	48063.000000	110.930296	48110.771385
946.795470	47971.000000	116.624780	48046.442337
948.768010	48103.000000	123.051063	47984.147683
950.738710	47902.000000	132.280929	47920.824695
952.708980	47858.000000	140.001822	47856.789817
954.677310	48001.000000	151.616774	47788.954265
956.645390	47925.000000	162.354956	47723.564104
958.613160	48166.000000	172.756839	47661.800216
960.578920	47873.000000	186.485362	47605.010740
962.542720	47979.000000	207.231266	47550.028306
964.506290	47930.000000	227.363747	47498.682231
966.467960	47759.000000	246.498309	47450.416219
968.429260	47877.000000	259.929524	47406.632618
970.390140	47776.000000	270.733513	47367.965051
972.347660	47642.000000	286.536157	47329.766474
974.306270	47774.000000	315.226535	47288.065596
976.263060	47607.000000	362.718960	47250.492970
978.218020	47486.000000	448.186734	47210.690958
980.172490	47628.000000	577.772516	47170.696055
982.125120	47915.000000	771.463357	47126.733431
984.077390	48313.000000	1024.615944	47080.613703
986.029360	48206.000000	1241.928724	47034.796339
987.979370	48467.000000	1251.611217	46992.482957
989.927490	47997.000000	1020.598846	46955.502873
991.875310	47618.000000	723.653991	46925.428636
993.822750	47222.000000	497.003894	46897.352651
995.768370	47376.000000	348.634032	46874.277133
997.711980	47281.000000	256.668048	46855.133404
999.655270	46739.000000	200.049518	46837.083356
1001.596700	47189.000000	163.373375	46822.826418
1003.537700	46902.000000	137.191699	46810.152323
1005.478600	46768.000000	115.893479	46794.817672
1007.417400	47065.000000	96.401835	46774.886829
1009.354300	47173.000000	85.417377	46748.970471
1011.291000	46682.000000	77.771261	46722.948212
1013.227200	46553.000000	74.293065	46696.516426
1015.161600	46940.000000	72.875856	46668.933807
1017.094100	46576.000000	72.309100	46645.161106
1019.026200	46798.000000	72.510685	46621.594534
1020.958000	46706.000000	73.531953	46601.464916
1022.888000	46361.000000	76.365327	46584.667401
1024.816000	46469.000000	79.597767	46566.093941
1026.743800	46267.000000	85.222208	46545.415066
1028.671100	46478.000000	93.441574	46524.268461
1030.596600	46606.000000	104.038935	46507.467479
1032.521700	46539.000000	122.825905	46490.760212
1034.444900	46782.000000	157.537046	46474.951843
1036.366300	46768.000000	204.206084	46461.176607
1038.287400	47085.000000	224.085960	46451.747625
1040.208100	46788.000000	197.029799	46442.313495
1042.127000	46342.000000	157.577889	46433.758723
1044.043800	46715.000000	127.978052	46424.188539
1045.960400	46697.000000	111.320399	46413.345861
1047.876700	46536.000000	107.163110	46401.495441
1049.791000	46400.000000	109.602139	46390.892932
1051.705100	46589.000000	117.133273	46381.779972
1053.617300	46654.000000	132.190918	46371.980231
1055.527600	46517.000000	153.486735	46357.862393
1057.437500	46496.000000	182.484548	46341.451922
1059.347300	46811.000000	221.528837	46325.191056
1061.255000	46704.000000	279.614105	46305.984501
1063.162500	46728.000000	357.929587	46286.161870
1065.068000	46757.000000	450.400151	46267.490074
1066.971700	46666.000000	551.814869	46250.001260
1068.875000	46880.000000	646.619749	46232.234771
1070.778100	47166.000000	711.804306	46217.528803
1072.679200	47186.000000	725.864729	46203.767330
1074.580000	46828.000000	681.773091	46192.000959
1076.479000	46806.000000	593.712473	46179.687012
1078.377600	46631.000000	493.430992	46165.885196
1080.274400	46814.000000	402.096028	46152.689160
1082.169200	46874.000000	324.321661	46145.138557
1084.065300	46438.000000	262.677621	46137.871828
1085.958000	46323.000000	214.842003	46127.706581
1087.850300	46040.000000	176.723955	46118.106980
1089.742400	46397.000000	146.212166	46110.378825
1091.632600	46287.000000	122.530895	46104.656172
1093.522500	46225.000000	103.542189	46099.436129
1095.410400	46279.000000	88.573156	46091.275019
1097.298100	46141.000000	77.834876	46077.768949
1099.183800	46031.000000	68.828756	46060.385616
1101.069300	46228.000000	63.471905	46042.026270
1102.952900	46015.000000	59.938032	46023.686780
1104.834600	46024.000000	57.614268	46004.542105
1106.717700	46276.000000	55.846209	45988.291221
1108.597200	46150.000000	54.476327	45977.372689
1110.477900	45955.000000	53.326580	45974.475222
1112.355300	45805.000000	51.405050	45974.126525
1114.232300	45700.000000	50.502254	45978.696663
1116.109100	46019.000000	49.169987	45986.908938
1117.984000	46139.000000	47.845261	45992.267241
1119.858500	45759.000000	46.220524	45996.515052
1121.731300	45892.000000	44.493295	45994.030158
1123.603600	46117.000000	42.114220	45986.737689
1125.474100	46148.000000	39.376717	45979.374830
1127.344400	46264.000000	36.544564	45978.121561
1129.212600	45847.000000	33.791700	45978.409532
1131.080700	45893.000000	31.544814	45977.252395
1132.946900	45950.000000	29.787248	45976.719527
1134.812700	45931.000000	28.585052	45973.872489
1136.676800	45856.000000	27.518808	45969.258015
1138.540400	45801.000000	26.296756	45969.205170
1140.402300	46376.000000	25.452752	45969.653569
1142.263800	45931.000000	25.123308	45974.319837
1144.123400	46084.000000	25.251789	45985.307604
1145.982800	45795.000000	26.378387	45997.370141
1147.841800	45729.000000	27.585867	46010.119984
1149.697500	46395.000000	28.960720	46024.297182
1151.554400	46049.000000	31.762572	46039.633093
1153.407800	46029.000000	35.482480	46056.423884
1155.262600	46153.000000	42.636463	46071.982104
1157.115500	46284.000000	54.409233	46086.517768
1158.966400	45960.000000	74.301588	46104.553948
1160.817100	46316.000000	105.392281	46122.026688
1162.666000	46440.000000	140.414920	46139.963270
1164.514500	46478.000000	163.199775	46157.370242
1166.361300	46295.000000	156.492061	46176.011571
1168.207600	46521.000000	124.649587	46197.947286
1170.052200	46132.000000	92.308390	46221.929058
1171.896500	46084.000000	68.185588	46245.683688
1173.740400	46425.000000	51.652353	46265.232741
1175.580900	46182.000000	40.728765	46281.798177
1177.422900	46432.000000	33.555928	46303.116241
1179.262700	46562.000000	30.237702	46327.461942
1181.100700	46183.000000	28.087436	46351.097329
1182.938600	46278.000000	26.930078	46372.500071
1184.774500	46231.000000	25.795937	46394.752019
1186.610200	46444.000000	24.365010	46414.394051
1188.444000	46268.000000	23.937050	46433.536414
1190.277500	46675.000000	24.676729	46452.873140
1192.110700	46679.000000	25.641956	46474.387982
1193.942000	46707.000000	27.082206	46498.773817
1195.771600	46684.000000	28.688659	46525.087514
1197.600700	46542.000000	30.184049	46553.068734
1199.428100	46379.000000	31.648690	46580.879125
1201.255200	46703.000000	33.021395	46608.626690
1203.082000	46967.000000	34.301343	46635.770786
1204.907000	46547.000000	35.521655	46662.803519
1206.730100	46625.000000	37.129673	46686.898965
1208.552900	46756.000000	39.311586	46710.873383
1210.373900	46811.000000	41.244216	46736.394292
1212.194600	46721.000000	43.030870	46761.412172
1214.015000	46983.000000	44.505577	46788.290465
1215.833500	46876.000000	45.751681	46817.122466
1217.650300	46864.000000	47.892371	46845.260856
1219.466700	46992.000000	50.864960	46874.784996
1221.281300	46678.000000	54.419755	46900.630543
1223.095600	47154.000000	58.497283	46924.864040
1224.909500	47045.000000	62.033926	46948.944778
1226.721700	47138.000000	65.034819	46975.504317
1228.532000	46857.000000	68.316855	47003.407582
1230.342000	47142.000000	71.747157	47031.091901
1232.151700	47059.000000	76.289972	47059.787743
1233.959700	47217.000000	81.522878	47091.053788
1235.765900	47422.000000	88.870839	47124.314725
1237.571700	47232.000000	98.610912	47158.308355
1239.377100	47439.000000	118.252090	47191.949611
1241.180800	47424.000000	144.376612	47226.147479
1242.982700	47387.000000	176.974052	47260.596652
1244.784200	47350.000000	218.066064	47297.119301
1246.585300	47721.000000	275.925242	47333.101099
1248.384900	47506.000000	354.347019	47363.770190
1250.182500	47651.000000	453.167606	47389.989332
1251.979700	47915.000000	569.962833	47413.481311
1253.776900	48483.000000	692.976022	47434.716377
1255.572000	48392.000000	796.409165	47453.815561
1257.365500	48162.000000	833.263490	47475.349944
1259.160000	48319.000000	789.287787	47499.006238
1260.951300	48374.000000	686.187003	47526.846046
1262.742300	47894.000000	563.182850	47557.045936
1264.533100	48247.000000	451.829606	47586.414166
1266.322000	48226.000000	360.876906	47617.357886
1268.109000	47702.000000	289.243832	47649.874153
1269.895800	47934.000000	234.883278	47681.467568
1271.682400	47938.000000	195.186208	47715.580756
1273.466900	48124.000000	166.396337	47752.762136
1275.251500	47873.000000	146.333025	47795.762194
1277.033900	47912.000000	133.258400	47845.223902
1278.814700	47988.000000	123.707009	47896.835150
1280.595200	48178.000000	116.741594	47952.771534
1282.375400	48093.000000	112.351451	48006.394903
1284.153800	47745.000000	110.707791	48059.198379
1285.931900	48113.000000	110.498878	48109.023176
1287.708100	48253.000000	110.446045	48158.084813
1289.482500	48315.000000	112.091649	48208.359690
1291.256800	48501.000000	112.293523	48258.772406
1293.030600	48405.000000	114.129300	48310.510567
1294.802900	48574.000000	116.916979	48364.966437
1296.574600	48734.000000	121.416149	48420.612854
1298.344600	48365.000000	127.411500	48476.950150
1300.114400	48394.000000	135.694795	48533.666925
1301.882300	48414.000000	146.166084	48592.074755
1303.648300	48790.000000	157.007935	48652.521183
1305.415800	48951.000000	170.276161	48710.749150
1307.179700	48955.000000	186.926932	48767.476010
1308.943500	49172.000000	207.510819	48823.971317
1310.707000	49129.000000	227.864413	48886.592080
1312.468600	49102.000000	252.299600	48952.594954
1314.230000	49670.000000	285.652439	49024.098383
1315.989500	49511.000000	327.894222	49099.338609
1317.748800	49647.000000	371.682103	49176.335028
1319.506200	49938.000000	421.470287	49255.945776
1321.263400	50005.000000	474.070996	49331.138935
1323.018900	49548.000000	533.551968	49405.228117
1324.774000	49919.000000	612.439059	49477.537151
1326.527300	50166.000000	711.949290	49548.782130
1328.278900	50550.000000	825.854089	49619.355142
1330.031700	50427.000000	948.618862	49690.833357
1331.781100	50732.000000	1057.001726	49760.446535
1333.531900	51029.000000	1134.015691	49828.211907
1335.279300	51130.000000	1139.660073	49897.320794
1337.027800	51034.000000	1063.527357	49963.620359
1338.773200	51142.000000	926.348948	50027.677090
1340.518300	50824.000000	774.407366	50088.914414
1342.263100	51058.000000	632.946107	50147.500848
1344.006000	50564.000000	515.677582	50207.229921
1345.748700	50697.000000	421.545694	50266.678273
1347.489500	50786.000000	349.830410	50319.473764
1349.230200	50623.000000	296.844076	50365.325168
1350.969100	50486.000000	257.918164	50404.832590
1352.707500	50940.000000	234.056740	50439.978735
1354.445900	50579.000000	219.367477	50477.430331
1356.180900	50734.000000	212.398949	50512.796683
1357.917000	50561.000000	211.402423	50547.437276
1359.649900	50717.000000	209.506039	50578.110780
1361.384200	50775.000000	210.888624	50600.400444
1363.115000	50947.000000	220.079473	50620.230850
1364.847000	51003.000000	235.832370	50640.564285
1366.577400	51011.000000	263.881695	50653.489686
1368.305900	50953.000000	300.378999	50662.866558
1370.034300	51040.000000	342.054058	50664.453393
1371.760600	51439.000000	385.449065	50661.043966
1373.486900	51231.000000	420.889722	50653.124915
1375.211300	51121.000000	441.629374	50642.839899
1376.935400	51233.000000	441.293810	50629.619068
1378.657800	51258.000000	423.531865	50616.129703
1380.380000	51081.000000	390.462822	50599.307814
1382.100200	50991.000000	350.392327	50581.183173
1383.820300	51088.000000	304.961770	50562.081468
1385.540200	51055.000000	257.591636	50548.182366
1387.256500	50984.000000	215.533932	50535.292687
1388.974200	51005.000000	186.209985	50525.803610
1390.690300	50760.000000	162.441001	50514.762578
1392.404400	51001.000000	145.425210	50504.099343
1394.118400	50733.000000	152.445860	50493.327266
1395.830400	50871.000000	170.059618	50480.977178
1397.542200	50731.000000	187.806907	50467.423935
1399.252300	50824.000000	211.590297	50453.290338
1400.962200	50515.000000	227.733981	50438.753308
1402.671800	50693.000000	217.471211	50422.333171
1404.379500	50586.000000	212.168341	50404.326198
1406.085600	50606.000000	211.111011	50388.354880
1407.791300	50399.000000	209.990959	50372.687817
1409.495200	50423.000000	207.402686	50356.823241
1411.199000	50845.000000	205.932572	50339.156244
1412.902500	50646.000000	207.700047	50324.456580
1414.604000	50607.000000	211.020304	50313.134405
1416.304000	50735.000000	194.966802	50303.618433
1418.003700	50228.000000	180.211128	50294.731984
1419.701500	50448.000000	166.697546	50284.810898
1421.399000	50380.000000	154.732229	50269.955744
1423.096400	50153.000000	147.326347	50255.027889
1424.792000	50127.000000	139.129845	50240.599281
1426.485700	49983.000000	130.687645	50228.211371
1428.179300	50029.000000	124.342967	50218.479814
1429.871100	50353.000000	116.312605	50211.305434
1431.562500	50498.000000	110.684283	50205.029531
1433.253900	50508.000000	105.880760	50199.965188
1434.943400	50367.000000	104.603065	50193.939751
1436.631000	50508.000000	108.326427	50187.673094
1438.318500	50179.000000	113.598271	50181.953593
1440.005600	50076.000000	119.875487	50178.755127
1441.691000	49829.000000	130.239062	50177.066172
1443.374800	50073.000000	150.381905	50176.395045
1445.058200	50234.000000	173.839975	50177.098110
1446.741300	50238.000000	202.088640	50177.321259
1448.422900	50271.000000	233.530334	50174.741811
1450.102400	50397.000000	266.015687	50171.142013
1451.781700	50581.000000	297.100161	50164.349633
1453.460900	50362.000000	321.247508	50159.824041
1455.138200	50107.000000	332.425041	50156.497401
1456.813800	50497.000000	330.847424	50152.688322
1458.489100	50452.000000	311.288837	50145.696747
1460.164300	50234.000000	279.534784	50139.384283
1461.837600	50298.000000	250.968928	50136.010156
1463.509200	50323.000000	227.248154	50135.763894
1465.180500	50093.000000	204.738873	50136.865350
1466.851600	50039.000000	183.988531	50140.510954
1468.520900	50157.000000	162.253008	50144.664631
1470.189900	50501.000000	142.392293	50150.932969
1471.857200	50364.000000	125.152105	50155.511932
1473.522800	50210.000000	109.924229	50157.445047
1475.188100	50063.000000	95.883938	50162.356422
1476.853100	49903.000000	85.789496	50168.215444
1478.516500	50064.000000	76.317577	50173.932423
1480.178000	50369.000000	68.749816	50179.962904
1481.839200	50062.000000	62.097554	50187.239824
1483.500400	50409.000000	56.467413	50193.701053
1485.159700	50111.000000	51.250618	50199.375588
1486.818600	50178.000000	45.823783	50202.346703
1488.476000	50018.000000	42.312111	50203.170378
1490.131500	50089.000000	39.755336	50204.016327
1491.788300	50100.000000	37.354795	50205.698978
1493.441800	50020.000000	35.385627	50209.850974
1495.095100	50099.000000	33.543475	50215.025841
1496.748000	50170.000000	33.742138	50221.993883
1498.399400	50375.000000	33.659475	50228.334082
1500.050400	50266.000000	33.368509	50236.328776
1501.699700	50362.000000	34.720160	50245.445518
1503.347300	50424.000000	36.701939	50255.959987
1504.996100	50194.000000	39.117394	50266.605571
1506.641600	50163.000000	41.577468	50279.908769
1508.287000	50361.000000	49.367028	50291.828949
1509.932000	50420.000000	59.033775	50304.519433
1511.575300	49836.000000	68.852782	50318.893409
1513.218500	50457.000000	77.347768	50333.772097
1514.859700	50434.000000	118.986306	50341.661310
1516.500900	50230.000000	164.234189	50346.075958
1518.140300	50548.000000	203.542232	50347.469062
1519.777800	50407.000000	240.630673	50345.941901
1521.416700	50565.000000	272.304301	50343.935243
1523.052200	50649.000000	298.191899	50340.259801
1524.689200	50619.000000	319.632674	50336.036784
1526.322800	50262.000000	340.707942	50332.558436
1527.956200	50400.000000	378.092930	50329.192714
1529.589400	50259.000000	410.601842	50331.222065
1531.220800	50396.000000	433.511470	50335.835908
1532.851900	50701.000000	449.864027	50343.857918
1534.481400	50940.000000	457.657372	50347.789287
1536.110600	50644.000000	468.263822	50350.830162
1537.738000	50509.000000	471.955652	50353.846663
1539.365200	50683.000000	474.926767	50358.198695
1540.990700	50522.000000	472.531805	50368.081539
1542.616000	50472.000000	466.609432	50383.193461
1544.239500	50613.000000	458.898454	50396.837055
1545.862700	50691.000000	450.363800	50412.051096
1547.484400	50930.000000	439.289805	50424.234348
1549.105600	50699.000000	426.547578	50437.658996
1550.725100	50893.000000	407.472401	50448.837028
1552.344500	50622.000000	383.842320	50458.136575
1553.962000	50424.000000	357.547376	50467.253737
1555.579300	50769.000000	327.112886	50476.231379
1557.195100	50687.000000	295.115408	50484.334916
1558.810400	50853.000000	261.286093	50491.821537
1560.424100	50683.000000	228.107786	50500.506690
1562.037500	50497.000000	207.297126	50509.046438
1563.649200	50547.000000	188.108996	50515.647608
1565.260600	50308.000000	171.173602	50521.110341
1566.870500	50553.000000	153.430423	50528.242278
1568.479900	50626.000000	139.225621	50536.699239
1570.089100	50670.000000	126.477248	50544.390518
1571.695200	50264.000000	113.464950	50554.273782
1573.302500	50653.000000	99.910505	50568.010670
1574.906500	50584.000000	88.877353	50583.990813
1576.511800	50338.000000	77.957521	50599.890690
1578.115500	50984.000000	67.080048	50614.777362
1579.717400	50730.000000	57.891681	50627.954488
1581.319100	50574.000000	52.045470	50641.310636
1582.919100	51262.000000	46.463142	50652.816457
1584.518700	50539.000000	41.761994	50667.600590
1586.116600	50643.000000	37.117470	50682.188049
1587.714500	50672.000000	34.702681	50696.928477
1589.310500	50924.000000	32.234649	50710.661163
1590.906300	50857.000000	30.079238	50724.537151
1592.501800	50830.000000	28.755582	50741.769617
1594.095700	50769.000000	28.332723	50761.140277
1595.687900	50826.000000	28.691367	50782.254103
1597.279700	50768.000000	29.469390	50805.215736
1598.869900	50950.000000	31.142373	50832.291543
1600.459700	50944.000000	33.666113	50862.544384
1602.048100	50995.000000	35.665210	50894.672347
1603.636000	50772.000000	37.066404	50926.560772
1605.223900	51077.000000	39.784011	50961.316932
1606.809800	50825.000000	42.833176	50994.885066
1608.394200	50841.000000	45.898786	51027.395870
1609.978300	51092.000000	48.481199	51059.509545
1611.560700	50946.000000	52.187486	51092.457401
1613.142900	51341.000000	55.757584	51125.668749
1614.724700	51498.000000	59.504368	51156.478411
1616.304900	51203.000000	64.018377	51185.067932
1617.883500	51353.000000	67.502017	51214.310510
1619.461800	51402.000000	72.281213	51242.883221
1621.038300	51363.000000	77.092405	51273.329373
1622.614700	51696.000000	82.403812	51304.782007
1624.190800	51564.000000	87.884096	51335.583264
1625.765300	51603.000000	93.546812	51367.817969
1627.337900	51730.000000	99.176749	51398.974751
1628.910400	51461.000000	104.963962	51427.461312
1630.482700	51896.000000	136.746071	51453.146957
1632.053200	51883.000000	166.797524	51470.955155
1633.622100	51645.000000	194.410467	51486.520519
1635.190600	51668.000000	216.369230	51501.773643
1636.759000	52039.000000	239.503845	51516.862031
1638.325700	52156.000000	265.520299	51533.309904
1639.890700	52065.000000	289.826971	51546.280690
1641.455400	52090.000000	315.289467	51555.523085
1643.019900	51823.000000	335.353632	51561.766628
1644.582800	51818.000000	354.663987	51563.330351
1646.143900	51733.000000	367.149183	51558.712726
1647.704700	52163.000000	374.008724	51552.849922
1649.265500	51965.000000	369.506744	51546.165124
1650.824500	51826.000000	353.589191	51538.286837
1652.381600	52021.000000	332.833070	51528.593942
1653.938700	52027.000000	307.807547	51517.264624
1655.495500	51851.000000	281.765038	51505.365876
1657.050700	51787.000000	256.432370	51488.852865
1658.604100	51750.000000	230.914823	51471.976345
1660.157200	51784.000000	205.995608	51453.678564
1661.710200	51938.000000	183.793144	51431.415795
1663.261500	51225.000000	165.934477	51408.869362
1664.811200	51730.000000	149.381977	51382.541587
1666.361900	51301.000000	132.570489	51354.409710
1667.909700	51653.000000	117.629304	51323.020533
1669.457200	51658.000000	104.765502	51284.678864
1671.004300	51253.000000	91.908404	51243.072330
1672.549900	51116.000000	79.867983	51196.262353
1674.093600	50941.000000	68.068636	51147.418823
1675.637300	51160.000000	63.111087	51098.377778
1677.180800	51141.000000	57.781216	51049.627121
1678.722400	51287.000000	51.517961	50998.817696
1680.263900	50899.000000	43.958405	50945.766697
1681.803700	50876.000000	37.461908	50889.370147
1683.341800	51044.000000	30.812180	50831.146382
1684.881200	50813.000000	24.982676	50772.169963
1686.417500	50849.000000	20.647734	50714.211792
1687.953400	50640.000000	18.693208	50656.981901
1689.489100	50841.000000	17.054840	50598.190809
1691.023200	50684.000000	16.484996	50538.270946
1692.557100	50403.000000	15.973623	50480.165269
1694.089200	50385.000000	15.908241	50426.875993
1695.619800	50290.000000	15.801909	50372.565107
1697.151500	50101.000000	15.641339	50319.284235
1698.680200	50205.000000	15.105610	50266.967400
1700.208500	50123.000000	14.487066	50214.660230
1701.736600	49918.000000	14.009036	50163.452415
1703.263100	50384.000000	13.810831	50110.961179
1704.789300	49983.000000	13.762714	50055.817792
1706.314000	50097.000000	13.728558	49998.779952
1707.838100	50264.000000	13.643975	49939.301343
1709.361000	49627.000000	13.511025	49879.369713
1710.883300	49730.000000	13.100590	49817.278877
1712.404100	49898.000000	12.577391	49756.853882
1713.923100	49861.000000	11.955097	49699.656770
1715.443500	49816.000000	11.328701	49646.890275
1716.960700	49298.000000	10.840634	49591.222425
1718.479100	49847.000000	10.424275	49536.621572
1719.994500	49605.000000	10.314304	49481.697132
1721.509600	49238.000000	10.324808	49428.372975
1723.024400	49315.000000	10.571088	49373.637644
1724.537600	49403.000000	11.160994	49317.477270
1726.050700	49428.000000	11.659500	49261.669480
1727.561900	49340.000000	12.064627	49205.705780
1729.073000	49415.000000	12.244443	49150.057262
1730.582400	49265.000000	12.135569	49097.721095
1732.091700	49549.000000	11.880305	49042.918525
1733.599200	48934.000000	11.847296	48985.148202
1735.106600	49123.000000	11.710513	48923.519633
1736.612100	48612.000000	11.322808	48862.925700
1738.117600	48702.000000	10.977564	48805.968967
1739.621300	48989.000000	10.725673	48753.043620
1741.125000	48516.000000	10.576500	48701.036924
1742.626800	48519.000000	10.552317	48649.524013
1744.128400	48322.000000	10.534799	48599.439086
1745.628500	48816.000000	10.506039	48551.756685
1747.128300	48752.000000	10.444080	48507.934633
1748.626300	48434.000000	10.320209	48467.422831
1750.124300	48534.000000	10.313861	48427.556101
1751.620500	48295.000000	10.373503	48388.610964
1753.116600	48408.000000	10.411093	48349.995296
1754.612400	48532.000000	10.456623	48312.627749
1756.105100	48294.000000	10.409696	48273.841043
1757.599100	48470.000000	10.271733	48234.710158
1759.091300	48230.000000	10.139132	48194.089934
1760.582000	48242.000000	9.754613	48153.005341
1762.072400	48383.000000	9.551653	48114.077854
1763.561000	48027.000000	9.559042	48074.708271
1765.049600	47819.000000	9.330369	48038.392171
1766.536500	47939.000000	9.043352	48003.741072
1768.023200	47954.000000	8.707600	47969.831280
1769.508100	47699.000000	8.441433	47937.817203
1770.992900	47690.000000	8.148982	47905.671590
1772.477500	47823.000000	7.922716	47871.563444
1773.959000	48004.000000	7.688207	47834.703129
1775.441700	47878.000000	7.529733	47798.127319
1776.922700	47649.000000	7.364192	47762.818120
1778.402100	48047.000000	7.307508	47729.879089
1779.881300	47790.000000	7.369791	47696.916524
1781.358900	47585.000000	7.419614	47663.473202
1782.836200	47553.000000	7.357608	47630.969962
1784.311900	47850.000000	7.348874	47598.122964
1785.787400	47764.000000	7.337535	47567.503252
1787.262600	47480.000000	7.286226	47537.121396
1788.736200	47657.000000	7.196870	47508.313770
1790.208300	47594.000000	7.155078	47481.326634
1791.679800	47720.000000	7.163401	47454.795776
1793.150000	47487.000000	7.223731	47429.644050
1794.619900	47613.000000	7.275832	47406.332775
1796.089600	47502.000000	7.383040	47383.297390
1797.557600	47242.000000	7.420569	47359.355962
1799.023900	47240.000000	7.262994	47335.869657
1800.490100	47369.000000	7.184812	47312.972531
1801.954600	47232.000000	7.182663	47293.052614
1803.418900	47434.000000	7.268841	47276.704549
1804.883100	46898.000000	7.493114	47261.092538
1806.345500	47544.000000	7.559090	47243.650581
1807.806400	47074.000000	7.734773	47225.454499
1809.266800	47011.000000	7.912838	47206.746352
1810.727400	46769.000000	8.150768	47187.893220
1812.186000	47167.000000	8.376922	47167.756038
1813.643300	47304.000000	8.613110	47145.233139
1815.100100	47439.000000	8.757775	47125.627563
1816.556800	47033.000000	8.858588	47109.199021
1818.010400	46907.000000	8.793059	47090.074413
1819.465300	47115.000000	8.544174	47067.976589
1820.918500	47396.000000	8.200288	47050.277234
1822.370100	46868.000000	8.032619	47037.025095
1823.821400	47239.000000	7.580229	47027.176921
1825.272600	46943.000000	7.152822	47018.130780
1826.722200	46956.000000	6.669581	47008.845941
1828.169900	46957.000000	6.189027	47001.433703
1829.617600	46991.000000	5.826034	46994.457046
1831.065200	46885.000000	5.546628	46989.778276
1832.511000	46820.000000	5.235185	46984.136310
1833.956500	47043.000000	4.923086	46977.427768
1835.400500	46692.000000	4.760159	46968.030724
1836.842900	47073.000000	4.818813	46960.808015
1838.285200	47109.000000	4.865062	46956.909005
1839.727100	46637.000000	4.986014	46953.641199
1841.167400	47140.000000	5.060503	46951.479681
1842.606100	46947.000000	5.136882	46947.809703
1844.044400	46784.000000	5.181704	46944.898683
1845.482800	46705.000000	5.251463	46942.624541
1846.919400	46870.000000	5.260033	46938.942375
1848.356000	46485.000000	5.247936	46933.091338
1849.790800	46837.000000	5.251999	46931.430960
1851.224000	46951.000000	5.211900	46931.043076
1852.656900	46564.000000	5.374611	46930.039117
1854.089700	46988.000000	5.630739	46933.970696
1855.520800	46946.000000	5.849206	46939.521680
1856.951800	46582.000000	6.087004	46946.878236
1858.381100	46772.000000	6.280150	46954.506899
1859.808700	46951.000000	6.257116	46962.172123
1861.236300	47164.000000	6.159053	46970.565837
1862.663500	46887.000000	6.107020	46981.331611
1864.089100	46739.000000	6.110350	46993.660897
1865.514600	46765.000000	6.045736	47006.326797
1866.938500	47013.000000	5.860238	47018.860741
1868.360700	47159.000000	5.732477	47034.593361
1869.784200	47022.000000	5.493806	47050.323881
1871.204500	46841.000000	5.231348	47066.440392
1872.624600	46978.000000	4.941048	47079.051031
1874.044700	47200.000000	4.756425	47090.030288
1875.463000	47070.000000	4.536643	47101.339645
1876.881200	47174.000000	4.398588	47114.148848
1878.297700	46965.000000	4.187198	47126.033097
1879.714100	47033.000000	4.011389	47134.490898
1881.128800	47081.000000	3.858174	47136.034449
1882.541900	47299.000000	3.815690	47132.005584
1883.956200	47439.000000	3.754792	47127.262727
1885.367400	47530.000000	3.918065	47125.166977
1886.778600	47139.000000	4.089448	47121.141474
1888.189500	47555.000000	4.082970	47112.671905
