Raman_Shift Original_Spectrum Predicted_Raman Predicted_Baseline
294.894650	56305.000000	8.200409	56307.639838
297.232540	56283.000000	8.668012	56297.974914
299.568300	56119.000000	9.493324	56286.620395
301.905240	56369.000000	10.334999	56279.246554
304.238400	56358.000000	11.400713	56272.755928
306.571040	56111.000000	13.169000	56265.674682
308.903260	56641.000000	15.174778	56254.442788
311.233340	56528.000000	17.760314	56245.185323
313.562930	56165.000000	20.796326	56241.871324
315.890440	56196.000000	24.081921	56239.874388
318.215790	55932.000000	27.399536	56244.635059
320.540680	56298.000000	30.282781	56252.581671
322.865110	56063.000000	33.625517	56265.778681
325.187410	55938.000000	37.457070	56289.173027
327.509250	56081.000000	41.548851	56320.674640
329.828920	56529.000000	45.918356	56361.693716
332.148160	56415.000000	50.868138	56405.916582
334.465270	56585.000000	56.959393	56451.937700
336.781950	56502.000000	62.198465	56507.047867
339.096470	56424.000000	67.859129	56571.100397
341.408870	56503.000000	76.051623	56639.721123
343.722530	56561.000000	87.007736	56713.601560
346.032350	56936.000000	108.619177	56798.151986
348.341740	56741.000000	137.154624	56891.961429
350.650670	57234.000000	172.198243	56992.433018
352.957460	57309.000000	218.399855	57094.825485
355.263760	57567.000000	278.498191	57202.375992
357.568020	57382.000000	358.352678	57313.150470
359.871800	57743.000000	444.685349	57427.996431
362.173430	57804.000000	499.345855	57542.985196
364.474640	58117.000000	468.254757	57659.173831
366.773710	57839.000000	397.511874	57774.554534
369.072360	57922.000000	335.603451	57895.075426
371.368870	57872.000000	304.406680	58016.114762
373.664920	58100.000000	300.431264	58136.582879
375.958890	58411.000000	319.278685	58255.995483
378.252380	58655.000000	353.364145	58373.113124
380.543790	58936.000000	390.648763	58486.622621
382.834750	59001.000000	424.004290	58594.495215
385.123570	59021.000000	438.985194	58700.009980
387.411960	59170.000000	425.752968	58805.593044
389.698210	59339.000000	385.838688	58908.519475
391.984070	59299.000000	333.738356	59002.254412
394.267790	59204.000000	287.617266	59090.205761
396.551060	59268.000000	243.584086	59177.250611
398.832210	59422.000000	202.244100	59259.642670
401.112950	59638.000000	160.347424	59328.968105
403.391570	59614.000000	126.888068	59387.342599
405.669770	59704.000000	98.673386	59441.957606
407.945860	60084.000000	74.903783	59491.268663
410.221470	59697.000000	54.663168	59533.742173
412.495030	59891.000000	43.487912	59572.349092
414.768100	59604.000000	33.803437	59606.889184
417.039090	59924.000000	26.882227	59640.511912
419.309630	59629.000000	22.493098	59666.691724
421.579740	59525.000000	22.205705	59689.239332
423.846100	59786.000000	22.267430	59711.262289
426.113680	59633.000000	22.386519	59732.850622
428.377470	59758.000000	22.931152	59749.929745
430.642520	59614.000000	23.505973	59763.550512
432.905460	59823.000000	24.160978	59775.490220
435.166320	60037.000000	24.792990	59782.422453
437.426700	59835.000000	25.230829	59789.011645
439.685060	59953.000000	25.224551	59790.816881
441.942900	59768.000000	25.282351	59788.856422
444.198730	59963.000000	25.325463	59785.062786
446.454070	59905.000000	25.847949	59779.713822
448.708980	59824.000000	26.902352	59768.846701
450.961820	60077.000000	28.455834	59758.775870
453.212550	59804.000000	30.229478	59748.337163
455.462890	59720.000000	32.779379	59740.288881
457.711120	60112.000000	36.413808	59731.858751
459.958920	59943.000000	40.580036	59722.262901
462.204590	59827.000000	45.279103	59710.850949
464.449890	60013.000000	50.847198	59699.622160
466.694760	59995.000000	57.158805	59688.419758
468.937500	59762.000000	65.056207	59672.344925
471.178160	59799.000000	75.151363	59653.975904
473.418460	59812.000000	89.366214	59631.178388
475.656620	59810.000000	107.547755	59606.131699
477.894380	59948.000000	132.362750	59574.688294
480.131680	59715.000000	165.149920	59537.441123
482.366910	59634.000000	195.559616	59494.095263
484.600040	59803.000000	230.517560	59443.973945
486.832790	59774.000000	270.779490	59389.734576
489.063450	59911.000000	307.660991	59333.776896
491.293670	59824.000000	337.066228	59271.854017
493.523500	59523.000000	352.884944	59205.261272
495.751190	59433.000000	349.676691	59136.868724
497.976840	59498.000000	327.315156	59065.091550
500.202090	59473.000000	283.861562	58990.351181
502.426910	59348.000000	232.890668	58913.712441
504.649660	59212.000000	185.766525	58835.865295
506.870270	59096.000000	146.651628	58756.754639
509.090550	58546.000000	119.566032	58678.299021
511.310360	58836.000000	102.219430	58602.366543
513.528140	58612.000000	89.881267	58527.342893
515.743770	58314.000000	82.078066	58454.421730
517.959110	58319.000000	74.714921	58381.035677
520.173890	58490.000000	66.224862	58306.805989
522.386660	58259.000000	59.675130	58231.304254
524.597410	57992.000000	54.501446	58155.503715
526.807740	57951.000000	51.041981	58080.926329
529.017580	57790.000000	49.664300	58008.966770
531.225400	58009.000000	49.160021	57937.106552
533.431210	57776.000000	49.271069	57866.356175
535.636470	57926.000000	49.958025	57797.936462
537.841430	57511.000000	49.968627	57730.881155
540.044310	57881.000000	49.565449	57667.967957
542.245120	58036.000000	48.923720	57607.530557
544.445500	57846.000000	50.683536	57551.281834
546.645450	57531.000000	55.201311	57497.846518
548.843380	57457.000000	58.244962	57445.049941
551.040830	57773.000000	59.484910	57393.828096
553.236330	57338.000000	63.564271	57345.609029
555.429690	57371.000000	63.785080	57298.796277
557.622680	57459.000000	64.126400	57253.545838
559.815250	57361.000000	66.948853	57207.439348
562.005800	57287.000000	67.663573	57161.832673
564.195920	56918.000000	68.085936	57120.120530
566.383910	57074.000000	67.483976	57079.401810
568.569950	57292.000000	65.992319	57036.596900
570.755550	57302.000000	62.423137	57001.116936
572.940730	57312.000000	59.027635	56971.668140
575.123900	57134.000000	56.745125	56943.987326
577.306640	57154.000000	54.874053	56919.141650
579.487300	56688.000000	55.063030	56895.510589
581.665950	56884.000000	54.497541	56876.279308
583.844120	56941.000000	53.542384	56858.554461
586.021970	56801.000000	51.817754	56842.118735
588.197750	56928.000000	51.262312	56827.539470
590.373170	56952.000000	53.738576	56813.091367
592.546450	57194.000000	56.727069	56795.583831
594.719420	56673.000000	60.598437	56774.328449
596.890260	56982.000000	67.214950	56750.230945
599.059140	56680.000000	76.422956	56720.707642
601.229190	56546.000000	86.961048	56689.877366
603.395570	56913.000000	98.588808	56660.164691
605.561580	56445.000000	111.266617	56625.890029
607.727170	56806.000000	125.321546	56590.051502
609.890750	56676.000000	141.847531	56553.058119
612.053960	56871.000000	163.207627	56517.067474
614.215030	56658.000000	187.918005	56481.296468
616.375790	56903.000000	214.888239	56446.470767
618.534480	56567.000000	250.462088	56410.972953
620.692750	56662.000000	295.867434	56375.392870
622.849000	56901.000000	357.282784	56336.548461
625.004820	56541.000000	431.719669	56295.051300
627.158750	56778.000000	513.082312	56254.833948
629.310490	56800.000000	590.347082	56214.728357
631.463560	57021.000000	637.654461	56176.178870
633.612920	56671.000000	646.990701	56137.037985
635.763490	56907.000000	598.188385	56099.183119
637.910460	56700.000000	512.786855	56062.112901
640.058650	56476.000000	421.816333	56027.433109
642.203190	56294.000000	340.047735	55992.927942
644.348880	56276.000000	273.604150	55957.732811
646.491030	56131.000000	223.334473	55923.621909
648.634400	56024.000000	186.239529	55892.984109
650.774050	55896.000000	157.802540	55865.360728
652.914980	56010.000000	137.314418	55838.435071
655.052250	56057.000000	123.139786	55810.314202
657.190730	55890.000000	110.947150	55783.815408
659.325620	55432.000000	100.064124	55757.486582
661.461730	56063.000000	91.658170	55733.302153
663.594180	55666.000000	84.829068	55711.543075
665.727910	55631.000000	79.591664	55691.903559
667.857910	55850.000000	76.554240	55673.607492
669.989200	55669.000000	74.207162	55652.955150
672.118470	56033.000000	72.650730	55632.168540
674.245670	55605.000000	71.880724	55612.988482
676.372560	55630.000000	72.379564	55595.843390
678.497380	55981.000000	73.246893	55578.637762
680.621830	55705.000000	74.382072	55562.820598
682.744320	55674.000000	76.159345	55547.863366
684.866390	55463.000000	78.340887	55534.053227
686.986450	55509.000000	82.430379	55517.834037
689.106080	55630.000000	87.978119	55502.133290
691.223750	55499.000000	94.720253	55487.166744
693.341000	55506.000000	102.980978	55471.184268
695.457820	55416.000000	112.728582	55455.856831
697.571110	55573.000000	124.006691	55440.693153
699.685610	55354.000000	137.624002	55424.336591
701.798100	55728.000000	153.662176	55405.168951
703.908570	56022.000000	170.997246	55386.238025
706.018620	55597.000000	193.160642	55368.157718
708.126770	55539.000000	219.627883	55350.427437
710.234380	55889.000000	255.248978	55333.143421
712.340150	55702.000000	303.055275	55311.898906
714.445430	56012.000000	373.426012	55291.555456
716.550350	55764.000000	485.732655	55272.350562
718.653260	55908.000000	662.262355	55259.744950
720.754270	56414.000000	933.148949	55253.687395
722.854800	56721.000000	1343.637829	55257.099184
724.953370	57325.000000	1895.439742	55276.051841
727.051570	57913.000000	2565.375226	55302.380667
729.149350	58730.000000	3212.758834	55325.989220
731.243530	58928.000000	3486.391311	55333.432911
733.338990	58381.000000	3130.560803	55333.520612
735.432370	57790.000000	2394.405108	55326.198771
737.523800	56985.000000	1662.317404	55317.416286
739.614870	56453.000000	1110.537805	55305.740456
741.705570	55998.000000	748.512467	55294.430951
743.792600	55690.000000	529.826251	55287.744745
745.880920	55462.000000	391.705440	55281.528088
747.967220	55491.000000	305.825000	55270.838696
750.051570	55408.000000	246.710193	55257.841147
752.135500	55491.000000	204.798370	55243.466775
754.219120	55512.000000	174.050446	55230.950416
756.300720	55497.000000	148.071198	55216.880280
758.380310	55369.000000	127.985235	55205.433403
760.459530	55325.000000	110.537399	55195.434751
762.538390	54891.000000	97.155244	55187.114053
764.615300	55540.000000	87.455505	55179.509707
766.690190	55436.000000	79.528241	55172.790905
768.764710	55202.000000	73.675295	55166.238190
770.838810	55459.000000	68.658707	55158.082029
772.909360	55152.000000	63.526744	55146.651450
774.981140	55253.000000	58.510793	55136.466531
777.050960	55286.000000	54.387212	55125.851646
779.120420	55311.000000	51.159441	55113.332182
781.187870	55320.000000	48.968225	55099.568611
783.253420	55135.000000	46.729536	55086.755776
785.318480	55191.000000	44.259632	55074.715950
787.383240	55290.000000	41.911383	55061.858877
789.445980	55102.000000	39.631878	55047.624981
791.506770	54941.000000	37.150027	55033.363146
793.567260	55154.000000	34.378530	55018.104006
795.627260	55199.000000	31.795384	55000.774199
797.685360	55074.000000	29.635934	54981.362084
799.741520	54943.000000	27.660850	54961.908835
801.797240	55044.000000	25.900449	54939.550598
803.852600	55233.000000	24.262184	54915.592018
805.906010	54700.000000	23.289268	54888.544512
807.959050	55105.000000	22.583993	54859.512488
810.010130	54800.000000	22.311729	54828.162216
812.059200	54798.000000	22.310521	54792.705536
814.107970	54927.000000	22.625436	54752.728779
816.156370	54785.000000	22.373721	54707.378998
818.202760	54615.000000	21.632332	54658.750919
820.247190	54427.000000	20.638207	54609.133298
822.292850	54414.000000	19.362991	54557.568411
824.335020	54640.000000	20.011227	54501.848221
826.376770	54557.000000	21.446927	54443.952588
828.418090	54506.000000	22.801165	54384.798877
830.457520	54227.000000	24.227086	54323.510859
832.496640	54427.000000	25.920612	54261.765710
834.533690	54218.000000	27.834993	54199.820324
836.568910	54048.000000	30.128516	54136.529937
838.603700	54042.000000	32.570320	54073.713753
840.638060	54047.000000	32.631353	54013.226682
842.670530	53972.000000	31.466252	53955.716777
844.702640	53667.000000	30.029705	53900.847205
846.732790	53987.000000	28.616489	53848.122807
848.762570	53829.000000	27.194710	53792.667271
850.790470	53748.000000	25.867828	53737.302539
852.816350	53642.000000	24.736907	53680.252869
854.843440	53596.000000	23.805414	53621.491871
856.867070	53875.000000	25.433575	53561.040501
858.890200	53549.000000	28.143607	53497.629040
860.913150	53433.000000	31.250217	53432.032047
862.934020	53202.000000	34.706122	53363.868451
864.954530	53267.000000	38.597203	53295.535663
866.973140	53220.000000	42.307291	53226.887774
868.991390	53022.000000	46.417742	53159.383097
871.007690	53600.000000	51.390207	53092.992142
873.023620	53137.000000	60.055886	53023.702407
875.037660	52623.000000	67.959551	52949.846806
877.051270	53030.000000	74.011279	52872.597266
879.062990	52909.000000	80.216386	52790.142343
881.074340	52785.000000	88.730529	52704.353242
883.083740	52821.000000	100.857553	52616.311475
885.092770	52721.000000	112.910034	52528.452872
887.099850	52655.000000	126.045865	52439.671858
889.104980	52667.000000	147.947614	52346.560916
891.111450	52234.000000	171.238459	52248.214322
893.114260	52150.000000	191.235338	52144.905267
895.118410	52152.000000	207.262065	52037.564698
897.119020	52394.000000	222.403163	51924.024933
899.120790	52069.000000	229.200570	51807.433884
901.119080	51847.000000	232.055741	51688.109756
903.118650	51888.000000	229.284172	51570.644805
905.114620	51794.000000	209.296158	51456.278481
907.111880	51539.000000	181.655726	51342.879581
909.107180	51287.000000	156.694494	51228.294005
911.100520	51496.000000	134.558905	51113.854339
913.093630	51108.000000	115.095190	51002.604881
915.084660	50990.000000	103.244335	50892.724873
917.075380	51061.000000	90.897537	50785.298932
919.064210	50881.000000	78.609852	50680.372847
921.052730	50497.000000	68.076156	50576.515081
923.039310	50726.000000	59.077870	50472.598718
925.025450	50401.000000	51.576225	50372.411962
927.009770	50263.000000	45.050475	50273.185257
928.993650	50201.000000	40.598735	50173.367154
930.975590	50323.000000	43.524666	50072.419420
932.957280	49899.000000	46.548629	49972.184545
934.937010	49933.000000	49.197754	49873.465028
936.916380	50027.000000	51.044261	49781.821714
938.895390	49866.000000	51.869850	49695.395813
940.870970	49625.000000	53.313582	49615.586268
942.847660	49661.000000	55.521918	49540.968136
944.822510	49540.000000	57.890352	49470.505696
946.795470	49283.000000	61.639131	49403.980473
948.768010	49382.000000	66.872321	49340.375372
950.738710	49291.000000	74.015426	49278.627119
952.708980	49118.000000	83.421638	49220.062865
954.677310	49163.000000	96.385953	49160.360056
956.645390	49357.000000	117.248016	49100.762409
958.613160	49434.000000	147.406955	49041.969979
960.578920	49112.000000	196.024362	48986.366981
962.542720	49229.000000	265.141715	48929.573039
964.506290	49345.000000	348.077609	48875.797398
966.467960	49221.000000	431.856895	48823.789739
968.429260	49314.000000	471.544551	48776.176039
970.390140	49286.000000	455.748535	48733.511994
972.347660	49076.000000	410.956973	48690.799151
974.306270	49135.000000	372.991777	48647.402068
976.263060	49005.000000	365.423302	48609.780811
978.218020	48685.000000	407.195934	48571.445143
980.172490	48807.000000	522.018806	48531.624966
982.125120	49199.000000	762.480932	48495.374323
984.077390	49980.000000	1175.802719	48457.265862
986.029360	50058.000000	1694.261013	48421.354962
987.979370	50376.000000	1958.625742	48387.986993
989.927490	49901.000000	1596.577412	48361.052023
991.875310	49188.000000	1019.055630	48332.428622
993.822750	48844.000000	605.134346	48296.981449
995.768370	48657.000000	366.343577	48261.532724
997.711980	48617.000000	241.426155	48228.120322
999.655270	48130.000000	173.259188	48193.467112
1001.596700	48315.000000	136.343186	48159.513179
1003.537700	48129.000000	112.094438	48135.955849
1005.478600	47812.000000	94.603988	48118.946576
1007.417400	48426.000000	81.034196	48105.946311
1009.354300	48492.000000	71.365040	48088.829547
1011.291000	48196.000000	63.837783	48070.472168
1013.227200	47958.000000	57.922354	48049.418964
1015.161600	48147.000000	53.287940	48029.303691
1017.094100	47953.000000	49.377739	48010.734045
1019.026200	48130.000000	45.385658	47994.078680
1020.958000	48034.000000	41.728069	47977.595224
1022.888000	47664.000000	38.589157	47961.660479
1024.816000	47900.000000	35.686431	47945.335737
1026.743800	47741.000000	33.089893	47929.454932
1028.671100	47847.000000	31.102910	47914.439103
1030.596600	48028.000000	29.537334	47900.045329
1032.521700	47727.000000	28.291538	47885.248364
1034.444900	48113.000000	27.060882	47870.060626
1036.366300	48092.000000	26.178624	47855.603599
1038.287400	48156.000000	25.238986	47843.102082
1040.208100	47886.000000	24.303675	47832.438690
1042.127000	47809.000000	23.105357	47824.167373
1044.043800	47732.000000	21.916644	47815.412247
1045.960400	47891.000000	20.956077	47803.946840
1047.876700	47954.000000	20.573890	47791.707261
1049.791000	47711.000000	20.422345	47778.674011
1051.705100	47653.000000	20.428566	47764.353385
1053.617300	47912.000000	19.718969	47749.425548
1055.527600	47650.000000	18.783465	47734.690284
1057.437500	47686.000000	17.733838	47721.537319
1059.347300	47912.000000	16.735499	47707.940805
1061.255000	47674.000000	16.165495	47691.743831
1063.162500	47586.000000	16.277097	47674.419652
1065.068000	47783.000000	16.368951	47657.066174
1066.971700	47632.000000	16.595958	47639.043202
1068.875000	47582.000000	17.056003	47621.257817
1070.778100	47771.000000	17.858724	47603.183525
1072.679200	47781.000000	18.687972	47583.983483
1074.580000	47634.000000	19.593815	47565.259973
1076.479000	47692.000000	20.329587	47546.727677
1078.377600	47620.000000	21.101813	47526.188356
1080.274400	47860.000000	21.635178	47505.054824
1082.169200	47987.000000	22.396174	47489.350196
1084.065300	47595.000000	22.741563	47478.467068
1085.958000	47210.000000	22.269104	47470.728648
1087.850300	47164.000000	21.384851	47464.470177
1089.742400	47613.000000	19.650458	47459.676715
1091.632600	47428.000000	18.184985	47452.615162
1093.522500	47409.000000	17.517729	47445.180397
1095.410400	47333.000000	17.249729	47436.239780
1097.298100	47330.000000	17.444836	47424.584419
1099.183800	47213.000000	17.784295	47415.188225
1101.069300	47490.000000	18.413368	47404.298111
1102.952900	47193.000000	19.160728	47393.909560
1104.834600	47208.000000	19.572433	47383.280511
1106.717700	47528.000000	19.823593	47376.786878
1108.597200	47631.000000	20.099028	47371.607882
1110.477900	47093.000000	20.721154	47370.708465
1112.355300	47251.000000	21.103688	47369.879674
1114.232300	47146.000000	21.031071	47371.634658
1116.109100	47322.000000	20.311438	47374.152948
1117.984000	47589.000000	19.475334	47375.581285
1119.858500	47091.000000	18.957903	47376.738759
1121.731300	47162.000000	18.452735	47376.509127
1123.603600	47408.000000	18.034465	47376.855564
1125.474100	47562.000000	17.461653	47379.173811
1127.344400	47579.000000	17.129050	47386.998282
1129.212600	47248.000000	17.122433	47395.678222
1131.080700	47410.000000	17.175112	47405.549495
1132.946900	47368.000000	17.073862	47415.983739
1134.812700	47435.000000	16.984194	47426.713586
1136.676800	47440.000000	16.836478	47438.910866
1138.540400	47439.000000	16.783240	47452.689572
1140.402300	47804.000000	16.722091	47464.000339
1142.263800	47493.000000	16.766142	47475.570326
1144.123400	47619.000000	16.901349	47489.183817
1145.982800	47233.000000	17.503630	47504.777655
1147.841800	47137.000000	17.936121	47523.235638
1149.697500	47971.000000	18.616676	47545.048559
1151.554400	47651.000000	19.525297	47567.777680
1153.407800	47490.000000	20.581935	47593.230761
1155.262600	47727.000000	22.067901	47617.495711
1157.115500	47892.000000	23.575804	47639.066000
1158.966400	47615.000000	24.516144	47662.701329
1160.817100	47802.000000	24.714031	47688.200007
1162.666000	48085.000000	24.515496	47712.283541
1164.514500	47900.000000	24.025709	47735.506172
1166.361300	47723.000000	23.873535	47758.995883
1168.207600	48138.000000	24.044365	47783.581077
1170.052200	47811.000000	24.310995	47807.862325
1171.896500	47782.000000	24.631731	47831.936352
1173.740400	47789.000000	24.933316	47854.492594
1175.580900	47662.000000	24.956016	47876.023107
1177.422900	48127.000000	25.265512	47896.765673
1179.262700	48068.000000	26.013861	47917.728654
1181.100700	47679.000000	27.235947	47936.341374
1182.938600	47808.000000	28.268067	47953.912940
1184.774500	47812.000000	29.431195	47974.969442
1186.610200	48162.000000	30.447877	47999.349645
1188.444000	47651.000000	31.731173	48025.631517
1190.277500	48248.000000	32.915932	48054.405290
1192.110700	48357.000000	33.915376	48084.200427
1193.942000	48197.000000	34.892738	48114.605588
1195.771600	48316.000000	35.473315	48145.091464
1197.600700	48081.000000	35.684263	48178.672282
1199.428100	48022.000000	35.873271	48209.833958
1201.255200	48512.000000	36.206577	48241.230796
1203.082000	48492.000000	37.266692	48271.279139
1204.907000	48296.000000	39.086811	48301.214170
1206.730100	48382.000000	40.966864	48328.693970
1208.552900	48405.000000	42.904388	48355.835386
1210.373900	48575.000000	45.017335	48382.915877
1212.194600	48360.000000	47.392605	48411.261818
1214.015000	48499.000000	49.822463	48440.999717
1215.833500	48410.000000	53.225542	48472.171094
1217.650300	48446.000000	56.595221	48503.385934
1219.466700	48570.000000	60.300004	48536.144073
1221.281300	48382.000000	64.696697	48567.691670
1223.095600	48741.000000	69.895556	48600.186125
1224.909500	48652.000000	75.278949	48632.733743
1226.721700	48833.000000	80.764867	48667.765890
1228.532000	48644.000000	87.411775	48704.576110
1230.342000	48994.000000	94.789673	48740.729448
1232.151700	48770.000000	105.609075	48777.752323
1233.959700	48760.000000	119.053641	48815.590891
1235.765900	49168.000000	135.521890	48854.667358
1237.571700	48810.000000	156.052650	48896.794334
1239.377100	49278.000000	184.916294	48936.894493
1241.180800	49168.000000	221.749579	48974.214618
1242.982700	49247.000000	266.044236	49012.101305
1244.784200	49455.000000	324.575577	49048.817228
1246.585300	49506.000000	405.217479	49087.878172
1248.384900	49569.000000	513.119662	49126.781179
1250.182500	49601.000000	653.442860	49165.702035
1251.979700	49866.000000	830.868436	49206.932213
1253.776900	50453.000000	1037.117990	49244.487113
1255.572000	50676.000000	1238.767527	49280.946142
1257.365500	50473.000000	1354.736717	49316.112168
1259.160000	50859.000000	1337.804571	49350.093847
1260.951300	50775.000000	1201.166643	49385.572647
1262.742300	50145.000000	1006.411018	49424.980126
1264.533100	50393.000000	813.588058	49465.840099
1266.322000	50578.000000	643.097626	49512.996280
1268.109000	49774.000000	505.983311	49563.182404
1269.895800	50163.000000	401.607029	49613.912582
1271.682400	49988.000000	325.482585	49669.660325
1273.466900	50137.000000	267.866668	49728.804722
1275.251500	50152.000000	227.689723	49793.552648
1277.033900	49950.000000	199.251630	49860.177213
1278.814700	50081.000000	179.165146	49926.807988
1280.595200	50386.000000	165.401999	49993.370464
1282.375400	50052.000000	155.873089	50061.787848
1284.153800	49915.000000	148.985531	50128.614979
1285.931900	50342.000000	145.432186	50198.670736
1287.708100	50320.000000	143.847632	50267.918948
1289.482500	50297.000000	143.241780	50338.400790
1291.256800	50799.000000	143.129171	50407.655212
1293.030600	50415.000000	145.126835	50476.842499
1294.802900	50827.000000	148.792061	50545.907937
1296.574600	50950.000000	154.555554	50616.049454
1298.344600	50868.000000	162.595420	50685.124593
1300.114400	50625.000000	173.861075	50754.084868
1301.882300	50776.000000	188.401135	50824.558561
1303.648300	50997.000000	205.474800	50896.037320
1305.415800	51078.000000	225.912426	50970.774585
1307.179700	51167.000000	250.461191	51047.519263
1308.943500	51615.000000	279.909284	51126.564338
1310.707000	51601.000000	312.973114	51209.723584
1312.468600	51369.000000	351.561746	51296.267842
1314.230000	51928.000000	398.587808	51383.296782
1315.989500	52156.000000	457.722140	51472.370001
1317.748800	52233.000000	523.792076	51555.651872
1319.506200	52352.000000	601.429526	51636.206097
1321.263400	52509.000000	687.129277	51714.464194
1323.018900	52279.000000	786.191302	51790.900368
1324.774000	52871.000000	922.636704	51858.517193
1326.527300	52928.000000	1086.493561	51920.822695
1328.278900	53378.000000	1276.476291	51982.993541
1330.031700	53329.000000	1496.488640	52048.163672
1331.781100	53715.000000	1714.038483	52116.778189
1333.531900	54175.000000	1903.139938	52187.970174
1335.279300	54411.000000	1971.532680	52262.539799
1337.027800	54379.000000	1871.343402	52338.476157
1338.773200	54229.000000	1639.018131	52410.450463
1340.518300	53834.000000	1367.498619	52482.919152
1342.263100	54007.000000	1121.647558	52550.169264
1344.006000	53411.000000	923.411070	52614.452687
1345.748700	53463.000000	768.531405	52677.492391
1347.489500	53565.000000	654.827881	52739.239480
1349.230200	53303.000000	570.344928	52798.459936
1350.969100	53119.000000	505.489025	52851.769522
1352.707500	53751.000000	461.683561	52905.053497
1354.445900	53479.000000	433.643505	52956.908650
1356.180900	53609.000000	421.857322	53007.359039
1357.917000	53347.000000	419.081072	53052.850849
1359.649900	53555.000000	425.922403	53094.745379
1361.384200	53622.000000	448.171014	53124.495307
1363.115000	53789.000000	479.540688	53151.528843
1364.847000	53835.000000	520.394888	53177.225914
1366.577400	53794.000000	564.130356	53201.936546
1368.305900	53999.000000	612.333465	53227.776422
1370.034300	54007.000000	664.785011	53249.592933
1371.760600	54321.000000	718.945944	53270.141276
1373.486900	54145.000000	760.827716	53285.727159
1375.211300	54160.000000	783.063424	53294.840267
1376.935400	54078.000000	784.940209	53298.642440
1378.657800	54033.000000	767.455714	53298.063460
1380.380000	54046.000000	727.630541	53290.319414
1382.100200	54031.000000	673.915048	53278.121260
1383.820300	53813.000000	616.502157	53264.490404
1385.540200	53859.000000	560.986229	53250.110599
1387.256500	53983.000000	502.637686	53233.085805
1388.974200	54052.000000	448.130995	53215.976414
1390.690300	53713.000000	397.220226	53199.491793
1392.404400	53789.000000	352.448066	53182.733205
1394.118400	53645.000000	327.631640	53163.360672
1395.830400	53514.000000	309.651063	53140.487096
1397.542200	53538.000000	289.808521	53114.956890
1399.252300	53604.000000	269.192777	53086.409159
1400.962200	53300.000000	247.927524	53056.562993
1402.671800	53259.000000	228.980155	53026.228652
1404.379500	53045.000000	218.195592	52995.836879
1406.085600	53229.000000	215.763500	52966.714050
1407.791300	53058.000000	216.595613	52934.545756
1409.495200	53107.000000	216.074817	52903.078292
1411.199000	53456.000000	214.887002	52872.477745
1412.902500	53237.000000	213.879900	52844.429830
1414.604000	53310.000000	214.177514	52819.057174
1416.304000	53139.000000	205.208254	52794.475376
1418.003700	53002.000000	202.439025	52770.235844
1419.701500	53153.000000	200.736284	52742.974907
1421.399000	52976.000000	204.219245	52715.330571
1423.096400	53008.000000	208.613300	52689.365741
1424.792000	52710.000000	217.403715	52664.747466
1426.485700	52620.000000	233.602727	52641.728758
1428.179300	52657.000000	249.045199	52618.247875
1429.871100	52928.000000	241.919641	52596.725511
1431.562500	53003.000000	232.119504	52578.654129
1433.253900	52930.000000	220.498244	52560.805492
1434.943400	52965.000000	205.143182	52543.548251
1436.631000	52900.000000	196.132545	52522.897849
1438.318500	52718.000000	193.429407	52502.035180
1440.005600	52527.000000	197.010522	52480.653293
1441.691000	52391.000000	208.382310	52464.574967
1443.374800	52586.000000	229.357151	52451.655029
1445.058200	52599.000000	255.596045	52438.759927
1446.741300	52962.000000	287.068530	52428.301040
1448.422900	52677.000000	326.839351	52420.066491
1450.102400	52778.000000	371.744759	52413.006976
1451.781700	53088.000000	416.178218	52403.783660
1453.460900	52943.000000	456.083185	52394.005812
1455.138200	52654.000000	488.796309	52387.479873
1456.813800	53000.000000	512.661950	52379.642694
1458.489100	52930.000000	515.284627	52369.863293
1460.164300	52869.000000	498.389685	52361.771549
1461.837600	52997.000000	446.516343	52358.368297
1463.509200	52577.000000	380.031671	52358.821159
1465.180500	52462.000000	311.931232	52359.585241
1466.851600	52533.000000	250.837969	52359.433511
1468.520900	52571.000000	201.626375	52357.308128
1470.189900	52638.000000	168.612678	52353.240913
1471.857200	52796.000000	141.748540	52347.078195
1473.522800	52687.000000	119.911160	52340.970581
1475.188100	52463.000000	101.864698	52338.123414
1476.853100	52352.000000	87.825795	52336.715158
1478.516500	52418.000000	75.863131	52336.356983
1480.178000	52476.000000	66.486411	52333.915722
1481.839200	52185.000000	59.809944	52335.668571
1483.500400	52472.000000	56.169438	52336.229700
1485.159700	52270.000000	53.912025	52336.754740
1486.818600	52205.000000	53.021588	52337.055095
1488.476000	52087.000000	53.285697	52335.367828
1490.131500	52341.000000	52.697665	52333.254475
1491.788300	52182.000000	52.479923	52330.804677
1493.441800	52145.000000	52.503758	52326.044393
1495.095100	52136.000000	52.224357	52322.326816
1496.748000	52201.000000	51.688149	52320.816114
1498.399400	52317.000000	51.206450	52319.268935
1500.050400	52271.000000	50.923212	52317.322446
1501.699700	52419.000000	51.984102	52319.060549
1503.347300	52506.000000	53.822039	52322.276369
1504.996100	52505.000000	56.696903	52323.548417
1506.641600	52077.000000	59.781330	52324.172799
1508.287000	52397.000000	62.793882	52322.962064
1509.932000	52213.000000	65.387497	52320.216180
1511.575300	52030.000000	67.874961	52316.849405
1513.218500	52631.000000	70.284486	52311.949810
1514.859700	52330.000000	72.843303	52304.298509
1516.500900	52315.000000	76.048476	52296.632074
1518.140300	52746.000000	80.093275	52289.522499
1519.777800	52407.000000	85.382255	52285.290748
1521.416700	52412.000000	89.494084	52282.347731
1523.052200	52629.000000	92.734122	52281.365561
1524.689200	52597.000000	96.424523	52279.526952
1526.322800	52074.000000	101.339410	52277.147004
1527.956200	52541.000000	109.715302	52276.300654
1529.589400	52214.000000	122.703368	52279.272387
1531.220800	52371.000000	141.162151	52285.132809
1532.851900	52692.000000	164.338907	52291.588121
1534.481400	52833.000000	194.246786	52294.853225
1536.110600	52485.000000	226.896463	52296.585119
1537.738000	52575.000000	265.166259	52297.170696
1539.365200	52712.000000	311.172825	52296.931653
1540.990700	52500.000000	364.658637	52302.286826
1542.616000	52452.000000	426.389913	52309.730517
1544.239500	52821.000000	490.780925	52315.762461
1545.862700	53033.000000	549.744973	52320.327164
1547.484400	53023.000000	593.612623	52326.696716
1549.105600	53064.000000	605.574499	52334.022437
1550.725100	53056.000000	585.087468	52341.338458
1552.344500	52776.000000	543.862529	52346.798795
1553.962000	52511.000000	490.936826	52351.644062
1555.579300	52919.000000	434.442561	52357.790094
1557.195100	52680.000000	377.037237	52365.963718
1558.810400	52713.000000	322.915037	52372.675923
1560.424100	52778.000000	272.128833	52377.421461
1562.037500	52552.000000	235.126623	52379.873975
1563.649200	52465.000000	204.153978	52382.290400
1565.260600	52319.000000	180.597461	52381.976463
1566.870500	52350.000000	162.383178	52383.009080
1568.479900	52292.000000	146.934861	52383.457673
1570.089100	52482.000000	135.028392	52385.282312
1571.695200	52182.000000	125.290380	52389.880000
1573.302500	52619.000000	117.547522	52397.491331
1574.906500	52179.000000	108.838259	52407.529953
1576.511800	52243.000000	101.012073	52418.860801
1578.115500	52808.000000	94.426307	52428.996825
1579.717400	52584.000000	90.906632	52436.339233
1581.319100	52327.000000	88.882150	52441.865539
1582.919100	52866.000000	87.429493	52445.017718
1584.518700	52256.000000	86.797137	52448.430283
1586.116600	52436.000000	87.256984	52451.842460
1587.714500	52346.000000	88.005059	52455.977973
1589.310500	52609.000000	88.112423	52459.813131
1590.906300	52387.000000	87.793041	52463.722796
1592.501800	52444.000000	87.342101	52470.824221
1594.095700	52467.000000	86.523564	52481.389047
1595.687900	52715.000000	86.234444	52493.561977
1597.279700	52464.000000	87.048167	52506.097351
1598.869900	52608.000000	88.349507	52521.499683
1600.459700	52724.000000	91.665816	52538.701043
1602.048100	52717.000000	94.393304	52557.909429
1603.636000	52503.000000	97.464737	52575.123595
1605.223900	52784.000000	85.836025	52596.695242
1606.809800	52374.000000	71.810740	52620.711255
1608.394200	52577.000000	58.944742	52645.601557
1609.978300	52625.000000	48.800309	52671.500029
1611.560700	52674.000000	42.679016	52702.622124
1613.142900	52889.000000	39.458417	52736.335268
1614.724700	53185.000000	37.034271	52770.065099
1616.304900	52937.000000	34.565425	52803.085564
1617.883500	52958.000000	32.515213	52837.909713
1619.461800	53007.000000	30.831492	52870.057827
1621.038300	53026.000000	29.335269	52902.256389
1622.614700	53340.000000	27.774268	52935.242705
1624.190800	53261.000000	26.857868	52968.836716
1625.765300	53226.000000	26.722882	53001.632108
1627.337900	53329.000000	26.119055	53029.997452
1628.910400	52946.000000	25.240434	53054.599429
1630.482700	53350.000000	24.920381	53075.695708
1632.053200	53269.000000	25.026872	53092.763965
1633.622100	53413.000000	25.069183	53110.341351
1635.190600	53120.000000	25.174403	53127.255162
1636.759000	53509.000000	25.499314	53144.807712
1638.325700	53403.000000	25.668534	53160.270969
1639.890700	53644.000000	26.273543	53170.447351
1641.455400	53424.000000	27.492470	53179.450251
1643.019900	53332.000000	28.531350	53184.495756
1644.582800	53412.000000	28.968314	53184.080536
1646.143900	53212.000000	29.171118	53177.842147
1647.704700	53359.000000	28.930575	53165.986259
1649.265500	53353.000000	28.491171	53150.072857
1650.824500	53369.000000	28.054351	53130.702651
1652.381600	53564.000000	27.270887	53107.344782
1653.938700	53349.000000	26.448784	53081.360550
1655.495500	53018.000000	23.794687	53052.739089
1657.050700	53366.000000	20.045033	53019.349195
1658.604100	52977.000000	16.591917	52983.433832
1660.157200	53172.000000	13.891459	52944.427215
1661.710200	53276.000000	12.345590	52900.635091
1663.261500	52741.000000	12.033484	52855.669485
1664.811200	53029.000000	11.856350	52807.495432
1666.361900	52746.000000	11.869452	52755.485834
1667.909700	52996.000000	11.566810	52701.317091
1669.457200	52892.000000	11.354643	52644.265868
1671.004300	52575.000000	11.167533	52583.849423
1672.549900	52478.000000	11.031022	52521.419744
1674.093600	52120.000000	10.910677	52458.243056
1675.637300	52392.000000	10.853525	52399.544536
1677.180800	52307.000000	10.782380	52342.801817
1678.722400	52409.000000	10.692501	52286.681153
1680.263900	52319.000000	10.598028	52228.624477
1681.803700	52110.000000	10.485838	52169.950016
1683.341800	52259.000000	10.410719	52110.851409
1684.881200	51981.000000	10.386280	52050.634037
1686.417500	52057.000000	10.496596	51987.510901
1687.953400	51972.000000	10.902901	51922.598827
1689.489100	52120.000000	11.169008	51857.181116
1691.023200	51851.000000	11.459073	51792.964438
1692.557100	51540.000000	11.819690	51733.005900
1694.089200	51767.000000	12.344650	51674.982596
1695.619800	51459.000000	12.942500	51616.168435
1697.151500	51449.000000	13.486510	51556.140822
1698.680200	51491.000000	13.745851	51497.094215
1700.208500	51318.000000	13.627567	51438.540439
1701.736600	51064.000000	13.553365	51380.662269
1703.263100	51549.000000	13.670090	51319.654039
1704.789300	51185.000000	13.594081	51257.927129
1706.314000	51297.000000	13.074574	51196.115622
1707.838100	51374.000000	12.531438	51132.009153
1709.361000	50770.000000	12.086346	51067.020632
1710.883300	51013.000000	11.725213	50999.279629
1712.404100	51126.000000	11.632461	50930.202550
1713.923100	51052.000000	11.471606	50863.701774
1715.443500	50920.000000	11.475232	50800.423028
1716.960700	50463.000000	11.636729	50733.395272
1718.479100	50810.000000	11.955117	50664.603414
1719.994500	50676.000000	12.343464	50596.523250
1721.509600	50503.000000	12.693420	50530.019370
1723.024400	50476.000000	13.045454	50466.586178
1724.537600	50450.000000	13.209514	50403.615548
1726.050700	50521.000000	13.381021	50340.464084
1727.561900	50388.000000	13.605084	50276.545434
1729.073000	50445.000000	13.747613	50216.239585
1730.582400	50376.000000	13.833266	50158.707173
1732.091700	50551.000000	14.022890	50099.069168
1733.599200	49991.000000	14.297741	50037.465660
1735.106600	50209.000000	14.485897	49974.214466
1736.612100	49804.000000	14.441860	49910.663692
1738.117600	49768.000000	14.404851	49849.598806
1739.621300	49805.000000	14.445891	49792.306600
1741.125000	49379.000000	14.562875	49737.175479
1742.626800	49680.000000	14.558580	49682.783992
1744.128400	49412.000000	14.574474	49629.495360
1745.628500	49708.000000	14.448829	49577.654954
1747.128300	49637.000000	14.280979	49527.266265
1748.626300	49508.000000	13.869291	49477.848105
1750.124300	49574.000000	13.619713	49428.596032
1751.620500	49281.000000	13.564218	49379.892283
1753.116600	49328.000000	13.524340	49330.401944
1754.612400	49298.000000	13.555292	49281.099812
1756.105100	49349.000000	13.539040	49230.957927
1757.599100	49309.000000	13.422135	49181.100099
1759.091300	49337.000000	13.361514	49132.810017
1760.582000	49155.000000	13.105118	49086.758243
1762.072400	49193.000000	12.946638	49041.598609
1763.561000	49003.000000	12.951044	49000.312551
1765.049600	48737.000000	13.068374	48961.020325
1766.536500	49051.000000	13.293743	48922.626060
1768.023200	48891.000000	13.754142	48885.863959
1769.508100	48551.000000	14.320952	48850.536502
1770.992900	48588.000000	15.066658	48815.059254
1772.477500	48539.000000	15.873813	48779.110131
1773.959000	48740.000000	16.802310	48742.914204
1775.441700	48721.000000	17.773925	48705.283730
1776.922700	48631.000000	19.352847	48666.594155
1778.402100	48909.000000	21.370957	48630.331676
1779.881300	48603.000000	24.596568	48596.294699
1781.358900	48465.000000	28.951072	48564.007854
1782.836200	48556.000000	37.491364	48531.618757
1784.311900	48589.000000	50.964085	48498.761858
1785.787400	48543.000000	73.040332	48466.100345
1787.262600	48400.000000	105.572186	48433.900619
1788.736200	48507.000000	147.990943	48400.753067
1790.208300	48472.000000	197.016076	48365.556578
1791.679800	48768.000000	227.256677	48330.409566
1793.150000	48535.000000	209.186483	48298.459748
1794.619900	48489.000000	162.349587	48269.250770
1796.089600	48277.000000	111.974225	48240.648712
1797.557600	48152.000000	72.911504	48211.400928
1799.023900	48057.000000	45.448320	48183.835173
1800.490100	48137.000000	27.696769	48155.667931
1801.954600	48045.000000	18.746460	48129.783817
1803.418900	48192.000000	13.304591	48107.770563
1804.883100	47671.000000	10.895469	48087.098817
1806.345500	48254.000000	9.198957	48065.188591
1807.806400	47914.000000	8.672508	48038.769736
1809.266800	47980.000000	8.150098	48011.401890
1810.727400	47880.000000	7.817722	47985.094601
1812.186000	47909.000000	7.742308	47963.351239
1813.643300	47986.000000	7.922061	47944.024496
1815.100100	48120.000000	8.181448	47925.608132
1816.556800	47846.000000	8.454673	47908.694516
1818.010400	47819.000000	8.568589	47892.679637
1819.465300	47999.000000	8.639637	47876.190360
1820.918500	48211.000000	8.616897	47859.133744
1822.370100	47615.000000	8.600475	47840.685851
1823.821400	48173.000000	8.325335	47825.033805
1825.272600	47859.000000	7.907016	47811.694185
1826.722200	47698.000000	7.392392	47800.310561
1828.169900	47630.000000	7.041748	47790.893702
1829.617600	47649.000000	6.486386	47782.674093
1831.065200	47727.000000	5.854844	47773.579320
1832.511000	47687.000000	5.157386	47764.821090
1833.956500	47643.000000	4.505719	47756.196835
1835.400500	47684.000000	4.086870	47747.753803
1836.842900	47959.000000	3.855568	47739.631596
1838.285200	47747.000000	3.730853	47731.580306
1839.727100	47490.000000	3.729177	47721.758705
1841.167400	47810.000000	3.634707	47710.894494
1842.606100	47485.000000	3.597490	47699.067225
1844.044400	47492.000000	3.551684	47688.619592
1845.482800	47558.000000	3.613878	47680.099725
1846.919400	47604.000000	3.849740	47671.823266
1848.356000	47319.000000	4.317208	47662.116335
1849.790800	47427.000000	4.848456	47658.018269
1851.224000	47586.000000	5.213014	47657.049487
1852.656900	47430.000000	5.525400	47655.174400
1854.089700	47512.000000	5.732161	47652.555022
1855.520800	47632.000000	5.904162	47649.442328
1856.951800	47335.000000	6.067178	47647.150469
1858.381100	47616.000000	6.186273	47646.912978
1859.808700	47739.000000	6.163912	47650.328065
1861.236300	47852.000000	6.042351	47653.748100
1862.663500	47796.000000	5.953734	47658.332400
1864.089100	47280.000000	5.837077	47662.211603
1865.514600	47592.000000	5.740519	47664.197188
1866.938500	47533.000000	5.599889	47663.789632
1868.360700	47705.000000	5.562261	47664.034205
1869.784200	47640.000000	5.485450	47666.242729
1871.204500	47602.000000	5.418342	47672.764399
1872.624600	47475.000000	5.410119	47683.148875
1874.044700	47764.000000	5.422353	47693.514725
1875.463000	47544.000000	5.281744	47704.219833
1876.881200	47726.000000	5.098739	47716.357838
1878.297700	47864.000000	4.839095	47727.270265
1879.714100	47666.000000	4.659148	47737.587220
1881.128800	47724.000000	4.602089	47747.455000
1882.541900	47968.000000	4.658133	47755.191867
1883.956200	48093.000000	4.506792	47762.655931
1885.367400	47960.000000	4.505621	47767.877225
1886.778600	47639.000000	4.890714	47761.071401
1888.189500	48199.000000	5.057806	47739.704648
