Raman_Shift Original_Spectrum Predicted_Raman Predicted_Baseline
294.894650	49417.000000	30.402720	49752.466775
297.232540	49488.000000	33.834527	49754.679537
299.568300	49404.000000	35.693253	49758.202480
301.905240	49791.000000	38.810024	49759.909741
304.238400	49962.000000	41.818922	49765.675638
306.571040	49751.000000	43.865698	49777.004318
308.903260	50522.000000	45.231283	49789.958372
311.233340	50616.000000	47.285118	49805.004875
313.562930	50239.000000	49.858020	49822.061482
315.890440	50421.000000	52.009298	49839.796968
318.215790	50181.000000	54.777680	49859.167436
320.540680	50150.000000	58.059128	49882.432766
322.865110	50143.000000	62.054751	49905.871933
325.187410	49633.000000	65.783868	49932.003744
327.509250	50051.000000	69.477245	49960.185458
329.828920	50108.000000	73.431907	49989.875436
332.148160	50129.000000	78.941209	50021.352732
334.465270	50176.000000	86.057451	50053.011642
336.781950	50080.000000	106.320749	50082.474260
339.096470	49789.000000	129.236319	50110.306470
341.408870	49979.000000	156.982268	50138.939245
343.722530	50009.000000	192.575654	50168.995653
346.032350	50402.000000	235.394082	50203.655080
348.341740	50232.000000	286.033685	50242.757414
350.650670	50619.000000	344.177254	50284.470047
352.957460	50644.000000	406.830692	50329.015307
355.263760	50913.000000	467.386935	50374.274213
357.568020	50856.000000	502.521612	50419.249491
359.871800	50807.000000	504.852171	50463.448450
362.173430	50896.000000	484.611946	50506.279586
364.474640	51218.000000	456.298025	50546.947367
366.773710	51109.000000	429.353470	50585.472379
369.072360	50773.000000	406.912263	50622.015650
371.368870	50923.000000	388.401373	50656.231336
373.664920	50989.000000	363.058434	50686.976687
375.958890	51094.000000	339.771260	50712.553592
378.252380	51171.000000	319.430278	50736.087455
380.543790	51070.000000	304.387521	50757.821190
382.834750	51109.000000	294.752294	50776.639040
385.123570	51062.000000	296.333410	50791.852975
387.411960	51044.000000	300.674187	50805.558188
389.698210	51092.000000	309.741042	50818.071703
391.984070	51249.000000	330.058463	50827.059988
394.267790	50925.000000	358.839972	50832.498798
396.551060	50787.000000	397.545426	50837.762855
398.832210	50840.000000	443.751114	50845.274441
401.112950	51067.000000	498.169512	50857.104045
403.391570	51241.000000	536.947503	50873.717825
405.669770	51178.000000	524.605995	50890.666927
407.945860	51310.000000	444.774036	50908.038270
410.221470	51017.000000	350.908032	50921.747143
412.495030	51101.000000	274.651196	50932.932178
414.768100	51077.000000	220.900712	50940.672497
417.039090	50829.000000	186.921536	50946.119083
419.309630	50797.000000	157.176291	50946.566485
421.579740	51015.000000	150.225600	50941.705912
423.846100	51011.000000	145.707527	50936.305530
426.113680	51056.000000	142.361866	50929.687832
428.377470	51157.000000	142.306069	50922.359232
430.642520	50971.000000	149.045439	50914.485334
432.905460	51240.000000	159.892407	50905.843808
435.166320	51420.000000	178.335821	50896.418185
437.426700	51114.000000	201.803580	50886.697955
439.685060	51365.000000	232.276082	50876.215587
441.942900	51196.000000	264.244682	50866.348053
444.198730	51180.000000	286.741784	50856.575672
446.454070	51294.000000	287.016035	50847.465701
448.708980	51019.000000	267.127716	50838.454543
450.961820	51128.000000	241.184639	50828.066413
453.212550	51052.000000	217.492922	50816.073493
455.462890	50880.000000	198.755143	50801.844024
457.711120	51189.000000	183.457320	50784.907731
459.958920	50867.000000	174.873821	50765.968196
462.204590	50885.000000	172.478774	50744.648467
464.449890	50808.000000	167.555886	50719.703780
466.694760	51104.000000	166.943897	50690.212799
468.937500	50432.000000	169.474125	50659.160946
471.178160	50659.000000	176.780352	50627.066529
473.418460	50763.000000	186.114981	50593.113428
475.656620	50715.000000	197.137430	50558.222981
477.894380	50808.000000	213.046427	50522.549809
480.131680	50570.000000	234.149561	50485.810743
482.366910	50637.000000	262.026488	50441.979129
484.600040	50510.000000	299.389909	50393.308902
486.832790	50747.000000	353.269070	50340.672447
489.063450	50895.000000	422.051460	50284.220271
491.293670	50776.000000	501.206398	50223.262973
493.523500	50723.000000	586.896405	50159.284115
495.751190	50681.000000	646.007657	50093.559567
497.976840	50748.000000	653.993006	50028.466780
500.202090	50680.000000	605.668164	49962.591269
502.426910	50522.000000	522.266287	49895.778869
504.649660	50343.000000	433.631917	49827.420692
506.870270	50449.000000	354.962550	49757.476939
509.090550	49928.000000	286.704644	49687.134276
511.310360	50026.000000	230.826001	49618.825963
513.528140	50149.000000	189.560112	49549.469596
515.743770	49801.000000	159.329824	49480.427508
517.959110	49680.000000	136.984872	49411.785245
520.173890	49751.000000	123.625331	49344.360755
522.386660	49534.000000	112.055239	49278.690189
524.597410	49384.000000	101.305532	49215.677956
526.807740	49328.000000	92.101052	49157.334617
529.017580	49273.000000	85.644081	49105.042176
531.225400	49241.000000	80.793194	49054.425889
533.431210	49113.000000	77.813177	49006.204892
535.636470	49143.000000	75.140927	48958.435414
537.841430	48723.000000	71.067088	48910.834284
540.044310	48880.000000	67.450222	48864.345710
542.245120	49033.000000	64.320528	48819.349389
544.445500	48930.000000	62.147366	48776.810573
546.645450	48633.000000	60.391634	48737.558190
548.843380	48641.000000	58.528248	48700.423874
551.040830	48730.000000	56.716334	48666.655132
553.236330	48748.000000	55.495454	48638.574975
555.429690	48655.000000	53.292003	48615.529229
557.622680	48658.000000	51.597790	48595.497723
559.815250	48720.000000	50.814891	48578.199117
562.005800	48624.000000	50.094833	48564.838832
564.195920	48232.000000	49.799964	48555.259959
566.383910	48428.000000	51.266127	48547.291365
568.569950	48707.000000	53.623930	48540.737712
570.755550	48638.000000	70.509974	48536.041827
572.940730	48593.000000	85.880212	48534.277840
575.123900	48435.000000	99.888782	48534.534020
577.306640	48407.000000	111.932888	48537.485589
579.487300	48491.000000	122.961620	48541.242297
581.665950	48422.000000	131.860256	48544.705769
583.844120	48666.000000	142.418749	48547.610219
586.021970	48593.000000	155.580722	48549.541181
588.197750	48542.000000	171.083018	48547.470234
590.373170	48645.000000	187.383448	48542.961453
592.546450	48773.000000	203.765135	48537.826858
594.719420	48468.000000	220.606662	48532.861526
596.890260	48844.000000	235.854192	48526.919047
599.059140	48602.000000	254.049059	48520.003997
601.229190	48430.000000	270.615320	48514.236270
603.395570	48830.000000	286.944842	48508.716947
605.561580	48613.000000	301.641612	48503.626726
607.727170	48912.000000	316.517823	48498.022315
609.890750	48831.000000	324.371508	48493.770171
612.053960	48689.000000	324.651505	48489.430652
614.215030	48834.000000	315.080924	48487.399047
616.375790	48951.000000	296.477854	48486.985041
618.534480	48780.000000	275.697706	48487.112216
620.692750	48699.000000	254.872097	48487.982316
622.849000	48966.000000	235.630177	48488.437952
625.004820	48454.000000	219.205716	48489.279689
627.158750	48750.000000	205.310011	48490.126000
629.310490	48630.000000	195.393757	48489.631937
631.463560	48716.000000	187.057361	48488.285158
633.612920	48259.000000	177.793152	48485.837717
635.763490	48617.000000	170.413517	48482.553114
637.910460	48361.000000	163.610345	48478.356781
640.058650	48534.000000	159.483947	48474.356244
642.203190	48815.000000	155.344741	48470.045545
644.348880	48659.000000	147.650212	48465.530360
646.491030	48567.000000	137.161868	48461.109411
648.634400	48449.000000	125.388704	48457.209059
650.774050	48426.000000	113.458207	48455.095568
652.914980	48596.000000	102.999306	48455.541140
655.052250	48772.000000	93.572869	48457.706325
657.190730	48634.000000	86.729962	48463.465817
659.325620	48155.000000	86.154599	48472.153090
661.461730	48647.000000	85.979089	48480.517392
663.594180	48370.000000	85.953071	48489.062392
665.727910	48504.000000	86.602050	48497.551583
667.857910	48441.000000	87.752219	48506.337668
669.989200	48307.000000	89.838855	48515.014419
672.118470	48607.000000	92.814655	48523.608368
674.245670	48352.000000	95.400301	48531.938818
676.372560	48492.000000	97.070987	48539.648029
678.497380	48626.000000	99.520072	48548.007299
680.621830	48804.000000	102.892981	48556.766851
682.744320	48536.000000	106.414115	48563.706605
684.866390	48544.000000	111.326088	48569.575432
686.986450	48450.000000	118.237215	48576.160192
689.106080	48479.000000	126.863187	48583.410565
691.223750	48624.000000	136.922314	48590.839807
693.341000	48722.000000	150.249031	48597.497305
695.457820	48721.000000	166.226176	48604.256360
697.571110	48834.000000	185.495158	48611.218987
699.685610	48609.000000	205.282092	48617.231458
701.798100	48823.000000	226.361308	48621.585159
703.908570	49061.000000	248.226694	48625.562365
706.018620	49026.000000	271.408823	48629.614138
708.126770	48730.000000	294.949976	48634.654495
710.234380	48866.000000	316.533148	48641.213637
712.340150	48993.000000	335.394343	48648.942062
714.445430	49195.000000	351.487755	48656.788970
716.550350	48914.000000	365.434968	48663.077293
718.653260	48828.000000	378.937381	48668.981802
720.754270	49113.000000	391.099878	48675.350639
722.854800	48906.000000	400.351949	48681.176464
724.953370	49178.000000	404.261850	48686.810611
727.051570	49097.000000	402.217151	48692.184460
729.149350	49016.000000	395.499725	48698.035446
731.243530	49009.000000	384.564438	48704.771627
733.338990	49082.000000	367.528360	48713.607576
735.432370	49136.000000	341.918947	48725.266088
737.523800	49114.000000	313.064958	48737.811626
739.614870	49301.000000	284.747177	48751.067151
741.705570	48865.000000	252.232206	48769.261017
743.792600	48914.000000	219.950542	48791.775647
745.880920	48896.000000	189.683714	48815.768805
747.967220	49158.000000	164.430538	48840.412479
750.051570	48846.000000	143.063432	48864.590911
752.135500	48856.000000	125.824554	48889.351240
754.219120	49187.000000	110.664965	48911.765684
756.300720	49243.000000	98.679851	48932.517698
758.380310	48970.000000	86.867066	48953.222593
760.459530	48910.000000	77.129502	48975.053312
762.538390	48591.000000	68.689689	48995.298454
764.615300	49203.000000	62.892177	49013.983181
766.690190	49220.000000	57.984314	49028.731416
768.764710	49196.000000	53.855311	49039.866130
770.838810	49316.000000	50.821564	49049.870904
772.909360	48815.000000	47.669561	49060.248969
774.981140	49032.000000	46.235213	49070.263807
777.050960	49199.000000	44.008960	49078.565894
779.120420	49361.000000	40.831793	49086.093491
781.187870	48991.000000	37.265216	49092.728573
783.253420	49053.000000	35.745251	49097.941851
785.318480	48969.000000	35.838606	49101.846778
787.383240	49400.000000	35.928280	49106.944318
789.445980	49118.000000	36.110712	49113.461374
791.506770	48957.000000	38.315918	49119.818316
793.567260	49256.000000	39.191672	49125.979464
795.627260	49338.000000	40.382108	49130.188605
797.685360	49269.000000	41.696386	49130.916890
799.741520	49102.000000	43.008404	49131.154315
801.797240	49258.000000	45.993439	49129.759960
803.852600	49434.000000	52.144519	49128.904956
805.906010	48708.000000	58.552740	49128.669362
807.959050	49444.000000	67.508399	49125.895747
810.010130	49085.000000	76.802743	49119.948694
812.059200	49058.000000	85.401796	49111.099478
814.107970	49383.000000	92.335588	49098.375071
816.156370	49139.000000	98.729414	49083.306153
818.202760	49290.000000	105.642485	49065.528123
820.247190	49061.000000	111.470076	49046.604141
822.292850	49006.000000	113.738233	49026.305018
824.335020	49169.000000	115.504108	49005.408902
826.376770	49280.000000	114.022791	48983.661900
828.418090	49103.000000	110.067829	48963.290955
830.457520	49029.000000	103.030606	48943.884347
832.496640	49357.000000	93.724812	48924.024848
834.533690	49046.000000	84.463448	48904.590793
836.568910	48817.000000	75.606298	48882.004341
838.603700	48837.000000	67.666417	48858.991532
840.638060	48947.000000	59.319360	48835.808088
842.670530	48800.000000	52.199815	48812.459041
844.702640	48678.000000	46.755963	48789.591706
846.732790	48877.000000	42.110231	48765.951711
848.762570	48803.000000	37.693772	48737.561850
850.790470	48593.000000	38.516049	48705.728188
852.816350	48713.000000	39.348661	48672.305290
854.843440	48745.000000	40.216373	48637.590052
856.867070	48989.000000	40.402519	48603.633749
858.890200	48780.000000	40.375743	48569.330230
860.913150	48639.000000	40.549401	48533.927878
862.934020	48251.000000	41.454747	48498.083158
864.954530	48481.000000	42.395618	48460.662925
866.973140	48510.000000	44.260559	48421.894084
868.991390	48105.000000	47.217281	48380.665450
871.007690	48651.000000	51.611886	48337.363581
873.023620	48281.000000	58.134774	48292.101015
875.037660	48144.000000	68.437812	48244.375454
877.051270	48183.000000	84.932872	48194.104096
879.062990	48142.000000	110.151931	48142.641498
881.074340	48289.000000	148.333051	48089.042078
883.083740	48195.000000	197.636297	48032.784553
885.092770	48188.000000	250.967227	47976.162658
887.099850	48286.000000	296.668160	47920.174352
889.104980	48388.000000	314.749890	47861.387271
891.111450	47742.000000	300.053921	47798.180157
893.114260	47568.000000	264.243510	47731.806466
895.118410	47892.000000	221.977501	47664.713640
897.119020	47925.000000	178.876988	47597.254840
899.120790	47752.000000	141.565418	47528.960708
901.119080	47577.000000	109.561479	47460.825775
903.118650	47594.000000	85.768669	47394.117219
905.114620	47345.000000	69.430233	47327.660955
907.111880	47309.000000	60.061287	47260.862965
909.107180	46966.000000	54.272513	47190.915324
911.100520	47174.000000	51.143441	47118.785342
913.093630	46980.000000	48.665088	47045.518330
915.084660	46986.000000	46.794451	46971.244208
917.075380	47097.000000	44.919074	46895.762833
919.064210	46873.000000	43.187027	46819.677375
921.052730	46544.000000	42.536882	46741.448691
923.039310	46635.000000	42.300076	46661.395862
925.025450	46622.000000	43.034566	46582.421737
927.009770	46377.000000	44.211507	46505.307439
928.993650	46627.000000	44.545053	46430.960122
930.975590	46724.000000	43.971559	46360.370427
932.957280	46041.000000	43.274778	46291.216489
934.937010	46349.000000	42.826483	46223.157723
936.916380	46261.000000	41.596990	46155.080201
938.895390	46323.000000	40.832930	46088.321324
940.870970	45871.000000	40.324021	46025.933074
942.847660	46006.000000	40.076232	45968.620405
944.822510	45838.000000	42.704082	45916.918781
946.795470	45716.000000	45.505227	45869.620722
948.768010	45839.000000	48.771010	45824.723899
950.738710	45790.000000	52.872171	45780.153250
952.708980	45680.000000	61.083951	45737.679394
954.677310	45814.000000	67.854843	45697.626904
956.645390	45795.000000	74.446523	45659.392383
958.613160	45884.000000	80.478837	45623.303146
960.578920	45624.000000	82.446168	45588.291013
962.542720	45719.000000	82.095470	45553.525682
964.506290	45649.000000	78.779502	45519.574869
966.467960	45411.000000	73.645794	45486.383907
968.429260	45558.000000	64.465802	45451.403109
970.390140	45408.000000	53.367532	45414.776580
972.347660	45510.000000	43.723169	45379.657399
974.306270	45481.000000	35.973690	45345.869444
976.263060	45486.000000	28.976031	45314.887126
978.218020	45026.000000	27.368746	45286.263500
980.172490	45183.000000	26.148465	45258.353292
982.125120	45188.000000	25.025181	45230.858463
984.077390	45544.000000	25.317959	45204.327514
986.029360	45122.000000	26.134521	45178.644706
987.979370	45254.000000	26.865542	45151.382784
989.927490	45238.000000	27.220777	45122.259835
991.875310	45116.000000	27.003924	45092.854057
993.822750	45147.000000	27.150624	45065.162175
995.768370	45292.000000	27.683589	45037.956235
997.711980	45295.000000	27.917540	45012.028455
999.655270	44713.000000	28.630050	44983.422441
1001.596700	45072.000000	29.363971	44951.104209
1003.537700	45010.000000	30.773078	44919.830256
1005.478600	44963.000000	32.286131	44889.880895
1007.417400	45102.000000	34.775895	44863.564154
1009.354300	45070.000000	37.761223	44841.674308
1011.291000	44754.000000	40.682799	44819.547381
1013.227200	44689.000000	43.485752	44798.206723
1015.161600	44913.000000	55.538542	44778.521862
1017.094100	44719.000000	67.965257	44759.098900
1019.026200	44764.000000	78.733705	44740.778430
1020.958000	44961.000000	89.680808	44724.829347
1022.888000	44530.000000	97.281707	44710.955329
1024.816000	44661.000000	103.262634	44697.407027
1026.743800	44310.000000	111.685435	44685.011537
1028.671100	44756.000000	125.399626	44672.607871
1030.596600	44663.000000	154.937897	44658.629608
1032.521700	44682.000000	192.594253	44645.704202
1034.444900	44941.000000	242.185631	44635.777426
1036.366300	44874.000000	299.045981	44628.019952
1038.287400	45143.000000	338.534044	44621.331004
1040.208100	44832.000000	344.364901	44614.354424
1042.127000	44583.000000	320.061409	44606.277925
1044.043800	44930.000000	286.875422	44596.885183
1045.960400	44788.000000	253.914221	44587.048242
1047.876700	44827.000000	230.930632	44577.854040
1049.791000	44622.000000	217.348777	44572.716644
1051.705100	44694.000000	212.769332	44569.400704
1053.617300	44785.000000	215.170412	44567.236720
1055.527600	44497.000000	223.717200	44566.129539
1057.437500	44829.000000	234.491159	44564.719344
1059.347300	44972.000000	246.552512	44562.264011
1061.255000	44795.000000	261.061236	44559.757271
1063.162500	44665.000000	279.291899	44558.137214
1065.068000	44833.000000	300.120167	44555.206632
1066.971700	44627.000000	322.316772	44550.599095
1068.875000	44905.000000	345.281777	44546.718185
1070.778100	44865.000000	368.158461	44544.063455
1072.679200	45008.000000	390.022317	44540.719667
1074.580000	44885.000000	408.017586	44536.129056
1076.479000	44801.000000	409.449454	44532.974659
1078.377600	44944.000000	389.875299	44530.306776
1080.274400	45000.000000	347.572650	44529.380237
1082.169200	45039.000000	294.464405	44529.568941
1084.065300	44753.000000	244.448342	44530.463630
1085.958000	44442.000000	204.092495	44532.027934
1087.850300	44486.000000	170.580334	44534.115006
1089.742400	44831.000000	144.647436	44535.460927
1091.632600	44620.000000	123.181647	44534.779361
1093.522500	44476.000000	105.923734	44533.680528
1095.410400	44512.000000	91.829038	44531.149142
1097.298100	44705.000000	80.030077	44526.271358
1099.183800	44478.000000	70.995609	44522.190707
1101.069300	44652.000000	67.270517	44518.803860
1102.952900	44488.000000	64.310349	44516.778602
1104.834600	44296.000000	61.863930	44515.514567
1106.717700	44780.000000	61.563547	44513.043224
1108.597200	44498.000000	62.433475	44510.631808
1110.477900	44206.000000	63.454738	44509.467329
1112.355300	44521.000000	64.519504	44511.496246
1114.232300	44219.000000	64.958299	44514.278038
1116.109100	44560.000000	63.991846	44517.122902
1117.984000	44512.000000	63.679912	44519.850027
1119.858500	44354.000000	63.724079	44523.512096
1121.731300	44421.000000	62.321567	44526.382750
1123.603600	44356.000000	60.853117	44530.757094
1125.474100	44773.000000	59.557735	44537.412304
1127.344400	44842.000000	58.516261	44545.552963
1129.212600	44490.000000	58.317253	44553.699340
1131.080700	44470.000000	59.292226	44561.671708
1132.946900	44439.000000	60.949907	44571.591221
1134.812700	44610.000000	62.594803	44581.502615
1136.676800	44482.000000	61.921228	44593.299167
1138.540400	44526.000000	61.720979	44605.971537
1140.402300	45036.000000	63.245734	44619.290421
1142.263800	44373.000000	64.133696	44634.025504
1144.123400	44945.000000	69.051745	44651.981374
1145.982800	44582.000000	76.470408	44672.252935
1147.841800	44483.000000	87.124354	44698.743398
1149.697500	45224.000000	101.258327	44728.712716
1151.554400	44992.000000	115.561270	44762.627332
1153.407800	44647.000000	132.999660	44798.584475
1155.262600	44891.000000	164.229453	44832.648397
1157.115500	45210.000000	207.342488	44865.948122
1158.966400	44902.000000	264.209600	44896.401839
1160.817100	45135.000000	321.125875	44922.800352
1162.666000	45354.000000	347.060574	44948.616053
1164.514500	45305.000000	320.194675	44975.077124
1166.361300	45117.000000	270.298982	45004.562730
1168.207600	45459.000000	219.200941	45035.256730
1170.052200	45124.000000	180.382937	45067.817877
1171.896500	44969.000000	156.885657	45100.967668
1173.740400	45274.000000	141.256257	45133.737533
1175.580900	45095.000000	130.623712	45168.047514
1177.422900	45411.000000	124.200737	45202.093709
1179.262700	45544.000000	120.988428	45236.141276
1181.100700	44996.000000	119.622292	45269.086580
1182.938600	45168.000000	121.000393	45301.562066
1184.774500	45244.000000	124.537460	45333.790750
1186.610200	45579.000000	129.651097	45366.569765
1188.444000	45200.000000	139.264423	45400.488326
1190.277500	45530.000000	152.060524	45432.941855
1192.110700	45917.000000	165.921533	45462.919807
1193.942000	45685.000000	179.560142	45493.219358
1195.771600	45675.000000	194.217156	45525.367070
1197.600700	45500.000000	205.779585	45558.497648
1199.428100	45436.000000	215.441374	45590.907030
1201.255200	45803.000000	221.057423	45621.567293
1203.082000	45888.000000	223.109113	45653.897305
1204.907000	45690.000000	220.277673	45688.999559
1206.730100	45809.000000	214.759636	45727.057042
1208.552900	45810.000000	207.655624	45766.738984
1210.373900	45872.000000	196.681895	45807.731109
1212.194600	45872.000000	184.866400	45850.613024
1214.015000	46033.000000	173.026889	45894.817472
1215.833500	45821.000000	162.668537	45939.827975
1217.650300	46096.000000	151.444160	45982.233439
1219.466700	46231.000000	142.370243	46022.377193
1221.281300	45880.000000	131.741243	46064.245822
1223.095600	46285.000000	119.127271	46107.697739
1224.909500	46287.000000	105.512386	46152.304757
1226.721700	46292.000000	91.628447	46195.712758
1228.532000	46090.000000	73.446203	46237.807603
1230.342000	46350.000000	55.300288	46278.632295
1232.151700	46259.000000	38.554101	46318.861824
1233.959700	46494.000000	38.436971	46358.206843
1235.765900	46586.000000	38.591799	46397.265489
1237.571700	46425.000000	39.349669	46436.564076
1239.377100	46631.000000	40.219951	46476.191351
1241.180800	46728.000000	40.141185	46516.499107
1242.982700	46379.000000	40.315268	46557.296351
1244.784200	46541.000000	41.035494	46599.375871
1246.585300	46685.000000	41.952920	46642.085322
1248.384900	46406.000000	43.213016	46685.788159
1250.182500	46449.000000	44.969592	46728.789701
1251.979700	46829.000000	46.705838	46772.073042
1253.776900	46935.000000	48.043107	46816.673656
1255.572000	47056.000000	49.822537	46862.695843
1257.365500	46690.000000	52.030027	46911.101427
1259.160000	47152.000000	54.640508	46961.297074
1260.951300	47219.000000	60.560782	47014.290353
1262.742300	47044.000000	68.298671	47070.733379
1264.533100	47236.000000	79.618722	47128.120158
1266.322000	47609.000000	93.216224	47187.285562
1268.109000	47020.000000	111.314201	47247.587541
1269.895800	47395.000000	125.669488	47309.003905
1271.682400	47402.000000	134.185525	47369.866050
1273.466900	47768.000000	136.038661	47431.279898
1275.251500	47605.000000	132.843593	47495.299013
1277.033900	47453.000000	121.426823	47561.312679
1278.814700	47787.000000	108.989525	47628.426092
1280.595200	48002.000000	99.148875	47697.588951
1282.375400	47687.000000	86.314175	47769.734943
1284.153800	47652.000000	73.055277	47843.376849
1285.931900	47972.000000	61.484691	47916.162378
1287.708100	48060.000000	56.154648	47988.221910
1289.482500	47928.000000	51.879932	48060.957804
1291.256800	48373.000000	51.217968	48135.214086
1293.030600	47975.000000	50.707272	48211.758610
1294.802900	48319.000000	50.613495	48289.707097
1296.574600	48504.000000	50.593996	48370.119036
1298.344600	48399.000000	49.922108	48453.294068
1300.114400	48302.000000	49.307256	48539.298525
1301.882300	48594.000000	49.427923	48627.324523
1303.648300	48669.000000	49.262199	48716.123180
1305.415800	48918.000000	49.714861	48805.020649
1307.179700	48832.000000	49.244658	48894.041635
1308.943500	49092.000000	47.776969	48982.481181
1310.707000	49081.000000	46.634659	49073.229100
1312.468600	49076.000000	45.728645	49165.787209
1314.230000	49397.000000	44.471633	49258.808274
1315.989500	49474.000000	43.903625	49352.586902
1317.748800	49423.000000	42.693939	49446.503685
1319.506200	49706.000000	41.713294	49539.640946
1321.263400	49692.000000	40.735726	49631.888894
1323.018900	49514.000000	40.146492	49724.036200
1324.774000	49721.000000	52.727033	49814.790980
1326.527300	49935.000000	64.309720	49902.910758
1328.278900	50241.000000	75.594747	49989.375426
1330.031700	50057.000000	85.453268	50075.287017
1331.781100	50148.000000	93.798506	50159.495921
1333.531900	50259.000000	101.645343	50242.351185
1335.279300	50218.000000	110.506410	50322.567329
1337.027800	50490.000000	123.247793	50399.056042
1338.773200	50651.000000	161.162475	50473.028238
1340.518300	50355.000000	198.596860	50545.289054
1342.263100	50867.000000	229.315707	50615.237839
1344.006000	50785.000000	259.613042	50683.827494
1345.748700	50934.000000	279.076319	50750.330648
1347.489500	50950.000000	278.301715	50811.858405
1349.230200	51016.000000	273.731490	50869.305111
1350.969100	50817.000000	272.032720	50923.358795
1352.707500	51237.000000	278.749745	50972.934805
1354.445900	51331.000000	289.466621	51019.955869
1356.180900	51257.000000	298.665541	51064.535896
1357.917000	51064.000000	309.501444	51106.617246
1359.649900	51215.000000	314.058717	51143.563087
1361.384200	51092.000000	317.159047	51175.657505
1363.115000	51229.000000	318.832514	51204.156242
1364.847000	51361.000000	322.554969	51231.461452
1366.577400	51379.000000	331.178911	51254.265199
1368.305900	51274.000000	346.664609	51272.228503
1370.034300	51421.000000	358.667793	51289.647422
1371.760600	51881.000000	368.773438	51302.765707
1373.486900	51453.000000	376.851824	51309.172056
1375.211300	51544.000000	379.682078	51309.308381
1376.935400	51664.000000	378.816925	51306.207679
1378.657800	51469.000000	374.601322	51300.786711
1380.380000	51659.000000	368.970863	51291.225222
1382.100200	51559.000000	360.641329	51277.784881
1383.820300	51397.000000	344.479067	51262.070478
1385.540200	51449.000000	322.676883	51244.013394
1387.256500	51377.000000	297.364509	51224.011166
1388.974200	51774.000000	277.376691	51201.213823
1390.690300	51143.000000	256.249183	51178.130106
1392.404400	51384.000000	235.347320	51155.270090
1394.118400	51296.000000	216.391459	51133.733065
1395.830400	51467.000000	197.786102	51113.234029
1397.542200	51374.000000	180.155705	51091.594074
1399.252300	51434.000000	164.563918	51068.337436
1400.962200	51093.000000	150.879390	51043.775648
1402.671800	51105.000000	139.399318	51019.417889
1404.379500	51083.000000	131.235587	50996.485136
1406.085600	51176.000000	126.468823	50973.936654
1407.791300	51066.000000	134.328369	50949.088035
1409.495200	51035.000000	162.237533	50922.095732
1411.199000	51338.000000	220.771464	50894.550811
1412.902500	51030.000000	308.057396	50866.846233
1414.604000	51418.000000	383.538742	50841.395589
1416.304000	51367.000000	344.696392	50817.605088
1418.003700	50919.000000	252.329074	50794.123834
1419.701500	50930.000000	178.967895	50770.391431
1421.399000	50979.000000	138.281944	50747.603695
1423.096400	50779.000000	119.866822	50726.950493
1424.792000	50720.000000	111.043189	50708.211785
1426.485700	50559.000000	103.584705	50692.782841
1428.179300	50498.000000	101.893854	50682.517312
1429.871100	50877.000000	101.412150	50678.343396
1431.562500	51035.000000	103.256308	50673.913756
1433.253900	50876.000000	106.989714	50668.810726
1434.943400	50861.000000	108.657355	50661.104260
1436.631000	51040.000000	108.734610	50651.171766
1438.318500	50647.000000	110.478547	50640.242912
1440.005600	50493.000000	114.379014	50629.839685
1441.691000	50513.000000	122.987653	50622.064142
1443.374800	50543.000000	140.700637	50615.950571
1445.058200	50649.000000	173.169604	50611.127053
1446.741300	50790.000000	219.272420	50607.888196
1448.422900	50641.000000	267.549442	50604.512100
1450.102400	50856.000000	289.917511	50600.465816
1451.781700	50788.000000	257.882221	50595.397554
1453.460900	50700.000000	196.287874	50589.241896
1455.138200	50310.000000	140.713760	50582.896848
1456.813800	50728.000000	106.817693	50576.770468
1458.489100	50461.000000	84.846811	50569.873716
1460.164300	50546.000000	71.642537	50562.750061
1461.837600	50658.000000	62.156072	50556.038125
1463.509200	50455.000000	54.453476	50550.382934
1465.180500	50523.000000	48.114253	50545.237361
1466.851600	50466.000000	43.206984	50541.206631
1468.520900	50450.000000	38.490674	50537.111856
1470.189900	50820.000000	39.850916	50532.115416
1471.857200	50751.000000	40.807119	50525.338062
1473.522800	50742.000000	41.239717	50517.982015
1475.188100	50603.000000	41.420580	50511.821325
1476.853100	50382.000000	41.037535	50506.861482
1478.516500	50404.000000	41.018797	50503.408989
1480.178000	50726.000000	41.308065	50501.697610
1481.839200	50469.000000	40.943740	50501.618926
1483.500400	50630.000000	39.376459	50503.366445
1485.159700	50413.000000	38.028794	50506.513808
1486.818600	50503.000000	36.630161	50511.308048
1488.476000	50183.000000	35.452598	50514.941241
1490.131500	50521.000000	34.672712	50518.364914
1491.788300	50407.000000	34.246786	50520.452787
1493.441800	50494.000000	34.083696	50521.113825
1495.095100	50492.000000	35.028963	50522.007255
1496.748000	50532.000000	36.619342	50523.526041
1498.399400	50667.000000	38.773570	50526.188491
1500.050400	50553.000000	41.293998	50530.161580
1501.699700	50674.000000	48.512785	50534.358828
1503.347300	50790.000000	56.748296	50538.449485
1504.996100	50665.000000	66.828855	50542.118360
1506.641600	50434.000000	77.006515	50545.585949
1508.287000	50694.000000	89.199933	50547.105650
1509.932000	50750.000000	101.968914	50548.244282
1511.575300	50152.000000	115.726093	50547.888832
1513.218500	50989.000000	127.570057	50546.518264
1514.859700	50497.000000	141.134185	50543.176935
1516.500900	50494.000000	153.809372	50538.737689
1518.140300	50741.000000	162.301364	50533.974556
1519.777800	50746.000000	166.144604	50528.909497
1521.416700	50742.000000	162.671768	50524.788646
1523.052200	50838.000000	149.346852	50520.929466
1524.689200	50788.000000	133.650119	50515.871726
1526.322800	50423.000000	117.996302	50511.589847
1527.956200	50660.000000	104.757060	50509.459887
1529.589400	50196.000000	99.721500	50509.985058
1531.220800	50520.000000	96.566588	50510.397234
1532.851900	50895.000000	94.710514	50510.714715
1534.481400	50767.000000	91.429835	50510.077466
1536.110600	50701.000000	83.138678	50508.350990
1537.738000	50510.000000	74.871351	50507.028000
1539.365200	50628.000000	65.993801	50506.108951
1540.990700	50544.000000	58.420944	50504.251183
1542.616000	50233.000000	52.089165	50502.226898
1544.239500	50405.000000	45.715014	50501.015071
1545.862700	50614.000000	38.439941	50500.445069
1547.484400	50698.000000	29.910637	50498.402942
1549.105600	50411.000000	29.327068	50494.680087
1550.725100	50775.000000	29.073963	50490.255479
1552.344500	50441.000000	28.498555	50484.060937
1553.962000	50147.000000	30.537948	50476.031042
1555.579300	50439.000000	32.966858	50466.697828
1557.195100	50549.000000	35.472190	50456.700374
1558.810400	50743.000000	38.450188	50447.287561
1560.424100	50649.000000	40.458187	50437.431463
1562.037500	50471.000000	42.240616	50428.604206
1563.649200	50681.000000	43.338333	50420.655283
1565.260600	50315.000000	43.684131	50412.555854
1566.870500	50425.000000	42.794135	50403.723107
1568.479900	50415.000000	40.671559	50393.670299
1570.089100	50545.000000	38.603671	50383.623896
1571.695200	49871.000000	36.577513	50373.469989
1573.302500	50441.000000	36.381686	50363.156883
1574.906500	50210.000000	36.978003	50352.743135
1576.511800	50147.000000	37.022781	50342.607526
1578.115500	50615.000000	37.282728	50332.298080
1579.717400	50486.000000	38.711001	50322.724697
1581.319100	50241.000000	40.596870	50313.821043
1582.919100	50752.000000	41.798990	50304.163943
1584.518700	50026.000000	42.766444	50294.381498
1586.116600	50293.000000	44.204773	50285.840614
1587.714500	50149.000000	46.281639	50278.553186
1589.310500	50508.000000	48.729756	50271.627614
1590.906300	50355.000000	51.680695	50265.114675
1592.501800	50278.000000	55.654317	50258.215636
1594.095700	50113.000000	59.337365	50249.373282
1595.687900	50221.000000	63.517962	50240.488842
1597.279700	50156.000000	67.936072	50231.821240
1598.869900	50290.000000	72.282553	50224.685691
1600.459700	50255.000000	75.342469	50219.197933
1602.048100	50166.000000	78.261851	50215.317252
1603.636000	50222.000000	80.788569	50212.863864
1605.223900	50448.000000	83.211286	50212.189559
1606.809800	50047.000000	85.710214	50211.934294
1608.394200	50009.000000	89.544133	50211.132814
1609.978300	50046.000000	94.225543	50210.471318
1611.560700	50050.000000	99.806939	50209.247598
1613.142900	50308.000000	106.740910	50207.003729
1614.724700	50470.000000	115.578946	50205.225560
1616.304900	50147.000000	126.658729	50203.671092
1617.883500	50085.000000	154.039963	50201.173787
1619.461800	50323.000000	183.087560	50198.448206
1621.038300	50266.000000	213.166669	50195.654006
1622.614700	50533.000000	246.559574	50192.309475
1624.190800	50276.000000	282.013848	50190.310807
1625.765300	50353.000000	310.233761	50188.858354
1627.337900	50542.000000	326.778063	50187.213307
1628.910400	50146.000000	330.585006	50187.357409
1630.482700	50516.000000	340.790722	50187.287417
1632.053200	50388.000000	348.323123	50186.325824
1633.622100	50216.000000	349.960621	50184.951140
1635.190600	50095.000000	350.419430	50182.479910
1636.759000	50489.000000	351.826109	50175.907044
1638.325700	50487.000000	361.565381	50166.011147
1639.890700	50326.000000	371.156034	50154.780823
1641.455400	50442.000000	383.089054	50141.919176
1643.019900	50306.000000	387.705940	50129.929916
1644.582800	50333.000000	386.366109	50118.447529
1646.143900	50206.000000	379.523395	50107.949607
1647.704700	50452.000000	373.166080	50098.765984
1649.265500	50330.000000	365.638741	50091.921840
1650.824500	50188.000000	368.876797	50088.400270
1652.381600	50609.000000	366.532571	50085.552089
1653.938700	50407.000000	360.855480	50082.866765
1655.495500	50439.000000	353.241364	50079.586737
1657.050700	50372.000000	344.054653	50076.161234
1658.604100	50191.000000	332.040205	50072.339566
1660.157200	50393.000000	319.630277	50068.506004
1661.710200	50411.000000	309.784129	50063.074057
1663.261500	50020.000000	296.847601	50056.023596
1664.811200	50389.000000	283.643799	50050.490092
1666.361900	50161.000000	270.802223	50045.453852
1667.909700	50204.000000	248.955151	50042.824797
1669.457200	50423.000000	222.996191	50041.870066
1671.004300	50180.000000	201.649628	50039.463340
1672.549900	49966.000000	186.332606	50035.237272
1674.093600	49795.000000	172.808692	50028.360648
1675.637300	50043.000000	155.874186	50018.722762
1677.180800	50075.000000	141.321889	50008.344696
1678.722400	50320.000000	129.610297	49997.488121
1680.263900	49948.000000	116.121443	49986.565214
1681.803700	49888.000000	103.162678	49976.664285
1683.341800	50197.000000	85.880934	49966.210280
1684.881200	49982.000000	59.116199	49955.308874
1686.417500	50052.000000	33.006983	49941.737698
1687.953400	49944.000000	30.986757	49924.772127
1689.489100	50152.000000	30.022459	49906.926849
1691.023200	50089.000000	29.087201	49888.767750
1692.557100	49750.000000	28.490769	49868.795715
1694.089200	49916.000000	27.772731	49847.479646
1695.619800	49747.000000	27.157538	49825.155322
1697.151500	49666.000000	25.922094	49801.988347
1698.680200	49556.000000	24.214432	49777.268733
1700.208500	49651.000000	24.049012	49751.200510
1701.736600	49529.000000	23.715402	49725.364680
1703.263100	49819.000000	23.178167	49700.716889
1704.789300	49707.000000	24.153237	49674.299162
1706.314000	49605.000000	25.683578	49647.805954
1707.838100	49913.000000	27.229790	49620.458658
1709.361000	49351.000000	28.477412	49593.188216
1710.883300	49562.000000	29.982795	49561.654193
1712.404100	49601.000000	32.014107	49526.161264
1713.923100	49595.000000	35.864163	49488.539289
1715.443500	49626.000000	41.202705	49449.633665
1716.960700	49308.000000	49.927258	49407.542251
1718.479100	49517.000000	63.471443	49363.449882
1719.994500	49522.000000	85.886166	49320.079393
1721.509600	49357.000000	119.199744	49277.116965
1723.024400	49293.000000	174.298744	49236.001324
1724.537600	49259.000000	245.230951	49197.305678
1726.050700	49681.000000	306.798880	49157.852468
1727.561900	49395.000000	333.893741	49118.471080
1729.073000	49502.000000	295.056794	49083.227469
1730.582400	49158.000000	220.166923	49052.038376
1732.091700	49704.000000	153.090808	49021.360272
1733.599200	49036.000000	109.880747	48990.420040
1735.106600	49247.000000	82.547332	48959.281726
1736.612100	48805.000000	66.340703	48928.691913
1738.117600	49027.000000	56.483766	48898.409517
1739.621300	48932.000000	49.834003	48869.212229
1741.125000	48759.000000	44.309615	48841.562548
1742.626800	48934.000000	38.988882	48813.153016
1744.128400	48552.000000	35.166610	48785.151087
1745.628500	48910.000000	32.568506	48756.333038
1747.128300	48864.000000	30.722160	48727.346642
1748.626300	48836.000000	28.709129	48697.701953
1750.124300	48722.000000	27.147053	48666.656504
1751.620500	48614.000000	26.109637	48635.227699
1753.116600	48488.000000	27.336760	48602.648826
1754.612400	48592.000000	27.612439	48569.220896
1756.105100	48575.000000	27.874488	48536.900948
1757.599100	48727.000000	28.503584	48504.782742
1759.091300	48500.000000	29.563787	48472.379535
1760.582000	48498.000000	30.331045	48441.302521
1762.072400	48589.000000	30.644380	48411.237879
1763.561000	48453.000000	30.578537	48382.781228
1765.049600	48189.000000	30.936025	48355.641621
1766.536500	48603.000000	29.788328	48329.712926
1768.023200	48282.000000	27.737904	48304.159809
1769.508100	48037.000000	24.308953	48278.512455
1770.992900	48244.000000	21.080358	48250.301464
1772.477500	48115.000000	22.148380	48220.667754
1773.959000	48274.000000	23.463720	48192.849268
1775.441700	48224.000000	24.561608	48165.679468
1776.922700	48007.000000	29.663143	48137.751648
1778.402100	48268.000000	36.850663	48108.547498
1779.881300	48054.000000	45.697212	48078.102244
1781.358900	48072.000000	56.225348	48047.378394
1782.836200	48106.000000	71.743180	48016.479563
1784.311900	48073.000000	90.888725	47985.276288
1785.787400	48075.000000	111.501419	47953.806769
1787.262600	47820.000000	132.067173	47923.000117
1788.736200	48026.000000	151.973348	47893.905759
1790.208300	47920.000000	164.336629	47866.074464
1791.679800	48147.000000	168.752716	47838.048746
1793.150000	47962.000000	163.571289	47810.128703
1794.619900	48140.000000	151.710691	47782.296035
1796.089600	47918.000000	131.930077	47755.228250
1797.557600	47727.000000	113.532274	47729.746041
1799.023900	47661.000000	97.371906	47705.807779
1800.490100	47922.000000	82.997642	47684.741943
1801.954600	47537.000000	71.261447	47664.431383
1803.418900	47841.000000	61.131492	47643.395740
1804.883100	47346.000000	53.406027	47622.393035
1806.345500	47786.000000	49.689118	47601.019782
1807.806400	47502.000000	47.728724	47580.810322
1809.266800	47470.000000	47.234779	47561.561998
1810.727400	47217.000000	47.706626	47542.277762
1812.186000	47678.000000	50.414945	47523.379627
1813.643300	47592.000000	56.927279	47504.213189
1815.100100	47634.000000	67.517870	47485.653808
1816.556800	47342.000000	81.260881	47466.326342
1818.010400	47235.000000	97.996347	47446.427958
1819.465300	47649.000000	116.794139	47426.396452
1820.918500	47751.000000	137.433288	47407.696629
1822.370100	47219.000000	157.088286	47390.570030
1823.821400	47676.000000	176.568345	47376.386308
1825.272600	47393.000000	186.873674	47364.616174
1826.722200	47463.000000	188.257622	47352.698736
1828.169900	47281.000000	180.088315	47341.004085
1829.617600	47338.000000	169.005580	47328.345324
1831.065200	47339.000000	163.526243	47314.323316
1832.511000	47232.000000	156.901325	47301.204116
1833.956500	47241.000000	150.411389	47289.450908
1835.400500	47281.000000	143.576037	47277.509682
1836.842900	47661.000000	136.053043	47265.856889
1838.285200	47331.000000	128.268307	47254.572812
1839.727100	47008.000000	120.182459	47243.589291
1841.167400	47388.000000	108.994829	47235.085691
1842.606100	47150.000000	92.109865	47228.131069
1844.044400	46951.000000	74.973252	47221.073975
1845.482800	47051.000000	59.634039	47213.744461
1846.919400	47140.000000	45.943557	47207.375166
1848.356000	46986.000000	36.122099	47201.508169
1849.790800	47206.000000	25.560178	47196.098181
1851.224000	47325.000000	16.442148	47191.991054
1852.656900	46855.000000	9.580145	47188.286497
1854.089700	47305.000000	8.713043	47186.940176
1855.520800	47195.000000	7.956653	47186.197709
1856.951800	46863.000000	7.219357	47185.627478
1858.381100	47112.000000	6.587234	47185.561374
1859.808700	47441.000000	5.981398	47186.762450
1861.236300	47412.000000	5.392507	47191.081155
1862.663500	47135.000000	4.906430	47197.248249
1864.089100	46950.000000	4.693682	47207.259428
1865.514600	47095.000000	4.795256	47221.756971
1866.938500	47131.000000	4.713983	47238.181818
1868.360700	47369.000000	4.610186	47256.393526
1869.784200	47371.000000	4.603471	47274.083722
1871.204500	47146.000000	4.690556	47292.366794
1872.624600	47152.000000	4.740429	47312.820541
1874.044700	47360.000000	4.898082	47335.680099
1875.463000	47321.000000	4.977187	47358.207080
1876.881200	47305.000000	4.909585	47379.078493
1878.297700	47265.000000	4.699532	47396.861784
1879.714100	47347.000000	4.507013	47412.704048
1881.128800	47357.000000	4.524117	47423.221641
1882.541900	47589.000000	4.737412	47429.717424
1883.956200	47586.000000	5.074646	47433.459036
1885.367400	47635.000000	5.154586	47435.699931
1886.778600	47320.000000	5.244019	47433.921076
1888.189500	47986.000000	5.029420	47434.397984
