Raman_Shift Original_Spectrum Predicted_Raman Predicted_Baseline
294.894650	49417.000000	30.803274	49817.324883
297.232540	49488.000000	31.207892	49812.787281
299.568300	49404.000000	33.115963	49822.078866
301.905240	49791.000000	34.669717	49828.809558
304.238400	49962.000000	36.152517	49839.065480
306.571040	49751.000000	37.841516	49856.473878
308.903260	50522.000000	39.823528	49874.978363
311.233340	50616.000000	41.558138	49895.144364
313.562930	50239.000000	43.300514	49915.037715
315.890440	50421.000000	45.066267	49935.210120
318.215790	50181.000000	55.150847	49955.768627
320.540680	50150.000000	64.650632	49974.256643
322.865110	50143.000000	73.469612	49992.844388
325.187410	49633.000000	83.245860	50011.546498
327.509250	50051.000000	91.334725	50034.328745
329.828920	50108.000000	99.571072	50059.633000
332.148160	50129.000000	108.356264	50086.547076
334.465270	50176.000000	118.896423	50113.462525
336.781950	50080.000000	132.642622	50139.151509
339.096470	49789.000000	149.941972	50165.118631
341.408870	49979.000000	172.187940	50191.537273
343.722530	50009.000000	198.333732	50219.258776
346.032350	50402.000000	225.835337	50246.225004
348.341740	50232.000000	257.422068	50271.804653
350.650670	50619.000000	291.591206	50299.158354
352.957460	50644.000000	327.799126	50326.889464
355.263760	50913.000000	360.187580	50357.983404
357.568020	50856.000000	378.838311	50393.352818
359.871800	50807.000000	384.488727	50430.450995
362.173430	50896.000000	383.617369	50467.920634
364.474640	51218.000000	381.358318	50505.529342
366.773710	51109.000000	381.859558	50542.326507
369.072360	50773.000000	382.965881	50577.497381
371.368870	50923.000000	385.836278	50611.242792
373.664920	50989.000000	393.737024	50645.615846
375.958890	51094.000000	405.765025	50681.988024
378.252380	51171.000000	419.018835	50717.953059
380.543790	51070.000000	433.695419	50753.944626
382.834750	51109.000000	445.831983	50787.040893
385.123570	51062.000000	454.717424	50816.165901
387.411960	51044.000000	461.518194	50842.566244
389.698210	51092.000000	467.205178	50866.189313
391.984070	51249.000000	473.942875	50884.014004
394.267790	50925.000000	476.921634	50894.511926
396.551060	50787.000000	481.667812	50899.667106
398.832210	50840.000000	492.751918	50901.284247
401.112950	51067.000000	501.300522	50900.420552
403.391570	51241.000000	492.997291	50896.963942
405.669770	51178.000000	459.763699	50895.387973
407.945860	51310.000000	412.703836	50896.453868
410.221470	51017.000000	379.562222	50892.293675
412.495030	51101.000000	356.381952	50885.034153
414.768100	51077.000000	331.972442	50877.134178
417.039090	50829.000000	305.214533	50866.273944
419.309630	50797.000000	277.053291	50851.520677
421.579740	51015.000000	254.035650	50831.539492
423.846100	51011.000000	238.494183	50812.061520
426.113680	51056.000000	232.078385	50792.863974
428.377470	51157.000000	220.379158	50781.947471
430.642520	50971.000000	225.800998	50775.589156
432.905460	51240.000000	235.583630	50770.883207
435.166320	51420.000000	244.731342	50767.066113
437.426700	51114.000000	257.502925	50760.281440
439.685060	51365.000000	282.347741	50749.676929
441.942900	51196.000000	306.678366	50737.193607
444.198730	51180.000000	330.873782	50721.670882
446.454070	51294.000000	340.051486	50702.474251
448.708980	51019.000000	341.539422	50681.263399
450.961820	51128.000000	340.445621	50659.137158
453.212550	51052.000000	335.895153	50635.894243
455.462890	50880.000000	322.289153	50614.115219
457.711120	51189.000000	306.930144	50593.580043
459.958920	50867.000000	293.693004	50575.807503
462.204590	50885.000000	284.273300	50559.592633
464.449890	50808.000000	267.722707	50546.576363
466.694760	51104.000000	255.190693	50538.035479
468.937500	50432.000000	245.566245	50527.602975
471.178160	50659.000000	238.699014	50516.591319
473.418460	50763.000000	233.947275	50503.408074
475.656620	50715.000000	235.009925	50485.447515
477.894380	50808.000000	245.417712	50466.066068
480.131680	50570.000000	267.023271	50445.934377
482.366910	50637.000000	294.861028	50418.316719
484.600040	50510.000000	337.104750	50385.069030
486.832790	50747.000000	384.052019	50346.947503
489.063450	50895.000000	430.865251	50303.575185
491.293670	50776.000000	481.180897	50255.925563
493.523500	50723.000000	535.994831	50203.068152
495.751190	50681.000000	563.937519	50149.712103
497.976840	50748.000000	556.134527	50096.222932
500.202090	50680.000000	503.275058	50038.081793
502.426910	50522.000000	427.562177	49979.345491
504.649660	50343.000000	351.475232	49920.728588
506.870270	50449.000000	284.369196	49859.569090
509.090550	49928.000000	234.767640	49795.804783
511.310360	50026.000000	199.297769	49729.041789
513.528140	50149.000000	173.195394	49662.900033
515.743770	49801.000000	152.913183	49597.832864
517.959110	49680.000000	136.253299	49532.190661
520.173890	49751.000000	122.141799	49464.795449
522.386660	49534.000000	111.885769	49400.877891
524.597410	49384.000000	105.617382	49338.848294
526.807740	49328.000000	100.648983	49279.310055
529.017580	49273.000000	96.830053	49221.657489
531.225400	49241.000000	93.962236	49164.999453
533.431210	49113.000000	91.168408	49106.172116
535.636470	49143.000000	88.498946	49049.968801
537.841430	48723.000000	84.783903	48994.833211
540.044310	48880.000000	81.871426	48941.959332
542.245120	49033.000000	79.822173	48892.705835
544.445500	48930.000000	78.880888	48849.501864
546.645450	48633.000000	78.084147	48812.168093
548.843380	48641.000000	77.069424	48776.985325
551.040830	48730.000000	74.980471	48743.972316
553.236330	48748.000000	72.800562	48715.897192
555.429690	48655.000000	69.654542	48692.006963
557.622680	48658.000000	66.639286	48671.152934
559.815250	48720.000000	63.587968	48653.656703
562.005800	48624.000000	61.020306	48640.478490
564.195920	48232.000000	59.243678	48629.576626
566.383910	48428.000000	57.586812	48619.118961
568.569950	48707.000000	56.333985	48611.026852
570.755550	48638.000000	55.970547	48605.948068
572.940730	48593.000000	55.595389	48602.028045
575.123900	48435.000000	55.518381	48598.378841
577.306640	48407.000000	56.006143	48594.802832
579.487300	48491.000000	57.520755	48591.375500
581.665950	48422.000000	61.532375	48587.915230
583.844120	48666.000000	66.313048	48585.929829
586.021970	48593.000000	72.443438	48584.132446
588.197750	48542.000000	77.293675	48583.992004
590.373170	48645.000000	83.418103	48584.539133
592.546450	48773.000000	89.824760	48583.237186
594.719420	48468.000000	98.094874	48579.954870
596.890260	48844.000000	107.960707	48574.312488
599.059140	48602.000000	121.861987	48567.119756
601.229190	48430.000000	140.325858	48560.426576
603.395570	48830.000000	162.502477	48557.208305
605.561580	48613.000000	190.781803	48554.470373
607.727170	48912.000000	216.794458	48551.380193
609.890750	48831.000000	237.729229	48546.542951
612.053960	48689.000000	250.559025	48539.525886
614.215030	48834.000000	253.335956	48534.067406
616.375790	48951.000000	247.379553	48529.739780
618.534480	48780.000000	234.132063	48526.434591
620.692750	48699.000000	218.447324	48524.273066
622.849000	48966.000000	201.462882	48526.414005
625.004820	48454.000000	184.910646	48530.259919
627.158750	48750.000000	167.843703	48533.732541
629.310490	48630.000000	152.113147	48537.629691
631.463560	48716.000000	136.826460	48538.996598
633.612920	48259.000000	120.796935	48539.951786
635.763490	48617.000000	107.315816	48542.229965
637.910460	48361.000000	96.611649	48545.423533
640.058650	48534.000000	87.675229	48549.048491
642.203190	48815.000000	80.062671	48552.178471
644.348880	48659.000000	74.111844	48554.831771
646.491030	48567.000000	69.112731	48557.281042
648.634400	48449.000000	65.951536	48559.130119
650.774050	48426.000000	62.840984	48557.786084
652.914980	48596.000000	60.199191	48557.123217
655.052250	48772.000000	58.164334	48556.482307
657.190730	48634.000000	58.516890	48555.732064
659.325620	48155.000000	59.644915	48554.415478
661.461730	48647.000000	60.765327	48553.281878
663.594180	48370.000000	61.355321	48552.682140
665.727910	48504.000000	62.529478	48553.920957
667.857910	48441.000000	63.715844	48557.494679
669.989200	48307.000000	64.890251	48563.136145
672.118470	48607.000000	65.303464	48571.412156
674.245670	48352.000000	64.716965	48581.033116
676.372560	48492.000000	64.287934	48591.948247
678.497380	48626.000000	64.424437	48603.603099
680.621830	48804.000000	65.023338	48615.399308
682.744320	48536.000000	66.005974	48627.789765
684.866390	48544.000000	69.772911	48638.641765
686.986450	48450.000000	73.203660	48649.877579
689.106080	48479.000000	77.412301	48659.283988
691.223750	48624.000000	82.262223	48668.690854
693.341000	48722.000000	88.146904	48678.137520
695.457820	48721.000000	95.547655	48688.338546
697.571110	48834.000000	103.992714	48698.347895
699.685610	48609.000000	114.595996	48706.993538
701.798100	48823.000000	124.824563	48714.775944
703.908570	49061.000000	136.741414	48721.142035
706.018620	49026.000000	149.282664	48728.219487
708.126770	48730.000000	156.649719	48739.179449
710.234380	48866.000000	164.172670	48754.092829
712.340150	48993.000000	171.485273	48768.902364
714.445430	49195.000000	176.937834	48784.081989
716.550350	48914.000000	179.006122	48800.830722
718.653260	48828.000000	178.671200	48819.112421
720.754270	49113.000000	175.230573	48838.498443
722.854800	48906.000000	168.065617	48859.332344
724.953370	49178.000000	156.333267	48880.948511
727.051570	49097.000000	142.881604	48903.043644
729.149350	49016.000000	127.394619	48924.709674
731.243530	49009.000000	111.222651	48945.078332
733.338990	49082.000000	97.473900	48964.508728
735.432370	49136.000000	89.234843	48983.046151
737.523800	49114.000000	82.758724	49000.979720
739.614870	49301.000000	77.362380	49019.474599
741.705570	48865.000000	68.179058	49034.222376
743.792600	48914.000000	58.438453	49044.938966
745.880920	48896.000000	49.088991	49053.277193
747.967220	49158.000000	41.127588	49060.519789
750.051570	48846.000000	34.713919	49066.488343
752.135500	48856.000000	31.711190	49071.430345
754.219120	49187.000000	28.835965	49078.734699
756.300720	49243.000000	25.204633	49086.501550
758.380310	48970.000000	21.993203	49095.026880
760.459530	48910.000000	19.655196	49103.500974
762.538390	48591.000000	17.180987	49111.267826
764.615300	49203.000000	15.300753	49118.130725
766.690190	49220.000000	14.029823	49124.140909
768.764710	49196.000000	13.639896	49128.833134
770.838810	49316.000000	13.442166	49132.834586
772.909360	48815.000000	13.599520	49136.395956
774.981140	49032.000000	13.688527	49139.916155
777.050960	49199.000000	13.732185	49144.067655
779.120420	49361.000000	13.685072	49146.915836
781.187870	48991.000000	13.757507	49149.743889
783.253420	49053.000000	13.543645	49153.626400
785.318480	48969.000000	13.158344	49158.488345
787.383240	49400.000000	12.727591	49164.528721
789.445980	49118.000000	12.343627	49173.240697
791.506770	48957.000000	11.986864	49182.382691
793.567260	49256.000000	11.481581	49191.007748
795.627260	49338.000000	11.085367	49198.537633
797.685360	49269.000000	10.942168	49203.534987
799.741520	49102.000000	11.091847	49208.076249
801.797240	49258.000000	11.489323	49210.440889
803.852600	49434.000000	11.621756	49209.249191
805.906010	48708.000000	11.707197	49206.449501
807.959050	49444.000000	12.226866	49200.081579
810.010130	49085.000000	13.078499	49191.886540
812.059200	49058.000000	14.145647	49181.303987
814.107970	49383.000000	15.257007	49168.615262
816.156370	49139.000000	16.183167	49154.761830
818.202760	49290.000000	16.578289	49139.670495
820.247190	49061.000000	17.206046	49124.368727
822.292850	49006.000000	18.039300	49107.193637
824.335020	49169.000000	20.629403	49088.703790
826.376770	49280.000000	23.608054	49068.008959
828.418090	49103.000000	26.444336	49046.630674
830.457520	49029.000000	29.005770	49023.118312
832.496640	49357.000000	30.703940	48998.344260
834.533690	49046.000000	31.927864	48971.808965
836.568910	48817.000000	33.179844	48944.100728
838.603700	48837.000000	34.434040	48914.749732
840.638060	48947.000000	33.606181	48886.690619
842.670530	48800.000000	32.479411	48859.046885
844.702640	48678.000000	31.579915	48831.323552
846.732790	48877.000000	30.984860	48800.933651
848.762570	48803.000000	30.865894	48769.772464
850.790470	48593.000000	31.294006	48738.155640
852.816350	48713.000000	31.717677	48704.545182
854.843440	48745.000000	32.343340	48670.361061
856.867070	48989.000000	34.225146	48634.153570
858.890200	48780.000000	36.443890	48596.703145
860.913150	48639.000000	38.533443	48557.381227
862.934020	48251.000000	40.908172	48514.315869
864.954530	48481.000000	43.447196	48469.906476
866.973140	48510.000000	47.185355	48426.326926
868.991390	48105.000000	53.017485	48380.530497
871.007690	48651.000000	60.850029	48331.390452
873.023620	48281.000000	72.208401	48281.711055
875.037660	48144.000000	88.581311	48230.291916
877.051270	48183.000000	112.200477	48179.201238
879.062990	48142.000000	143.392379	48129.589545
881.074340	48289.000000	184.146164	48077.281093
883.083740	48195.000000	233.867790	48022.899407
885.092770	48188.000000	281.918524	47965.480606
887.099850	48286.000000	314.101061	47903.837567
889.104980	48388.000000	322.841342	47841.051322
891.111450	47742.000000	305.428541	47776.087540
893.114260	47568.000000	280.124344	47706.313507
895.118410	47892.000000	255.060544	47636.274144
897.119020	47925.000000	228.539202	47564.821669
899.120790	47752.000000	201.896974	47492.225073
901.119080	47577.000000	172.967290	47418.837061
903.118650	47594.000000	145.673488	47347.860808
905.114620	47345.000000	124.199908	47276.564101
907.111880	47309.000000	107.635999	47205.577098
909.107180	46966.000000	94.023594	47133.169892
911.100520	47174.000000	83.568595	47062.117929
913.093630	46980.000000	74.470368	46990.320068
915.084660	46986.000000	63.783156	46918.526095
917.075380	47097.000000	54.744235	46846.009555
919.064210	46873.000000	47.853534	46775.148812
921.052730	46544.000000	40.822934	46704.577874
923.039310	46635.000000	34.913818	46634.304746
925.025450	46622.000000	29.879312	46562.991798
927.009770	46377.000000	25.383834	46493.830769
928.993650	46627.000000	21.877653	46426.568680
930.975590	46724.000000	20.574800	46361.569445
932.957280	46041.000000	19.504225	46293.065794
934.937010	46349.000000	18.835751	46223.469715
936.916380	46261.000000	19.285245	46157.308516
938.895390	46323.000000	20.100144	46095.628652
940.870970	45871.000000	21.070123	46037.629784
942.847660	46006.000000	22.164559	45981.609913
944.822510	45838.000000	23.485161	45928.702181
946.795470	45716.000000	24.719448	45878.468107
948.768010	45839.000000	26.775841	45830.755584
950.738710	45790.000000	29.140447	45786.915736
952.708980	45680.000000	31.420703	45743.817668
954.677310	45814.000000	33.401350	45702.383861
956.645390	45795.000000	34.781024	45663.788856
958.613160	45884.000000	35.723382	45626.693882
960.578920	45624.000000	38.750332	45591.695472
962.542720	45719.000000	43.500140	45557.581344
964.506290	45649.000000	48.075047	45523.625041
966.467960	45411.000000	52.514494	45489.226369
968.429260	45558.000000	56.633447	45456.888580
970.390140	45408.000000	59.006661	45426.917718
972.347660	45510.000000	60.385601	45395.392159
974.306270	45481.000000	61.647363	45363.700311
976.263060	45486.000000	64.493464	45331.345367
978.218020	45026.000000	72.715444	45298.416761
980.172490	45183.000000	82.261144	45266.598424
982.125120	45188.000000	92.245904	45234.716957
984.077390	45544.000000	108.073529	45205.322730
986.029360	45122.000000	122.149833	45177.474738
987.979370	45254.000000	136.302419	45149.050853
989.927490	45238.000000	150.094408	45121.905642
991.875310	45116.000000	161.415010	45094.189514
993.822750	45147.000000	171.587230	45068.046953
995.768370	45292.000000	172.659802	45043.796928
997.711980	45295.000000	163.277167	45019.314167
999.655270	44713.000000	146.586447	44996.324345
1001.596700	45072.000000	128.865071	44972.115263
1003.537700	45010.000000	111.373865	44949.809924
1005.478600	44963.000000	94.550273	44929.983592
1007.417400	45102.000000	78.382922	44911.848167
1009.354300	45070.000000	65.591925	44892.625346
1011.291000	44754.000000	54.420139	44875.216605
1013.227200	44689.000000	45.454355	44857.497245
1015.161600	44913.000000	38.975584	44842.829066
1017.094100	44719.000000	34.840648	44830.030435
1019.026200	44764.000000	31.417311	44816.925074
1020.958000	44961.000000	29.658284	44804.387313
1022.888000	44530.000000	28.948721	44791.997771
1024.816000	44661.000000	30.666739	44779.369660
1026.743800	44310.000000	32.854786	44768.123439
1028.671100	44756.000000	35.562811	44758.199293
1030.596600	44663.000000	38.462883	44753.413059
1032.521700	44682.000000	42.420657	44751.648042
1034.444900	44941.000000	46.396652	44748.589198
1036.366300	44874.000000	49.199712	44746.375293
1038.287400	45143.000000	48.034133	44747.467378
1040.208100	44832.000000	44.263093	44749.059359
1042.127000	44583.000000	39.741481	44747.540573
1044.043800	44930.000000	36.324409	44742.636655
1045.960400	44788.000000	35.160420	44736.109650
1047.876700	44827.000000	36.030473	44730.924391
1049.791000	44622.000000	38.590401	44727.872981
1051.705100	44694.000000	42.477119	44725.051561
1053.617300	44785.000000	47.882068	44722.871966
1055.527600	44497.000000	55.174617	44720.005486
1057.437500	44829.000000	65.682217	44716.881682
1059.347300	44972.000000	78.671218	44712.807150
1061.255000	44795.000000	96.016128	44705.621280
1063.162500	44665.000000	119.233882	44694.088685
1065.068000	44833.000000	147.367312	44682.821421
1066.971700	44627.000000	179.783314	44669.241781
1068.875000	44905.000000	216.377964	44655.304061
1070.778100	44865.000000	250.980151	44641.553787
1072.679200	45008.000000	280.989068	44627.595767
1074.580000	44885.000000	301.339113	44613.526354
1076.479000	44801.000000	310.437419	44599.407077
1078.377600	44944.000000	304.398186	44586.472293
1080.274400	45000.000000	282.431029	44574.711366
1082.169200	45039.000000	249.716545	44563.318698
1084.065300	44753.000000	215.156988	44551.994880
1085.958000	44442.000000	182.868634	44538.537613
1087.850300	44486.000000	154.812523	44526.482421
1089.742400	44831.000000	131.308252	44515.795852
1091.632600	44620.000000	112.639765	44507.587088
1093.522500	44476.000000	97.713876	44501.214877
1095.410400	44512.000000	86.244848	44495.324149
1097.298100	44705.000000	77.776530	44489.201143
1099.183800	44478.000000	71.945051	44484.012854
1101.069300	44652.000000	65.437559	44478.619219
1102.952900	44488.000000	60.420369	44472.715682
1104.834600	44296.000000	55.690421	44469.071568
1106.717700	44780.000000	51.885178	44471.060114
1108.597200	44498.000000	48.599817	44475.086956
1110.477900	44206.000000	46.864747	44479.751561
1112.355300	44521.000000	45.836682	44482.932892
1114.232300	44219.000000	45.622971	44488.233375
1116.109100	44560.000000	44.691331	44494.646128
1117.984000	44512.000000	43.628234	44498.005642
1119.858500	44354.000000	41.192033	44500.709664
1121.731300	44421.000000	38.807833	44501.701621
1123.603600	44356.000000	36.455824	44504.816962
1125.474100	44773.000000	33.738846	44510.894736
1127.344400	44842.000000	31.230161	44520.131025
1129.212600	44490.000000	29.401789	44532.574834
1131.080700	44470.000000	28.745449	44545.060387
1132.946900	44439.000000	28.333634	44556.221462
1134.812700	44610.000000	28.177452	44567.379392
1136.676800	44482.000000	27.500324	44581.084091
1138.540400	44526.000000	26.714602	44597.698157
1140.402300	45036.000000	26.737094	44617.297758
1142.263800	44373.000000	27.145744	44637.933176
1144.123400	44945.000000	28.595483	44661.550297
1145.982800	44582.000000	31.542793	44686.439745
1147.841800	44483.000000	35.995795	44713.689258
1149.697500	45224.000000	41.815616	44741.784282
1151.554400	44992.000000	49.423817	44771.198866
1153.407800	44647.000000	59.731268	44803.267208
1155.262600	44891.000000	76.370538	44834.801573
1157.115500	45210.000000	101.822525	44867.014246
1158.966400	44902.000000	140.990927	44899.506315
1160.817100	45135.000000	194.177470	44932.118927
1162.666000	45354.000000	243.886374	44964.792267
1164.514500	45305.000000	264.218435	44997.259634
1166.361300	45117.000000	240.911332	45027.489993
1168.207600	45459.000000	192.630121	45055.611093
1170.052200	45124.000000	148.295581	45085.627358
1171.896500	44969.000000	117.838877	45115.820663
1173.740400	45274.000000	96.170423	45145.631526
1175.580900	45095.000000	79.158648	45174.895775
1177.422900	45411.000000	66.831814	45205.389520
1179.262700	45544.000000	57.727944	45236.378472
1181.100700	44996.000000	48.601133	45268.386200
1182.938600	45168.000000	39.893431	45298.820017
1184.774500	45244.000000	32.606043	45330.715437
1186.610200	45579.000000	26.465426	45362.316249
1188.444000	45200.000000	21.739431	45397.759086
1190.277500	45530.000000	19.583466	45435.104981
1192.110700	45917.000000	17.715459	45471.346553
1193.942000	45685.000000	16.241844	45505.649844
1195.771600	45675.000000	15.059919	45543.792186
1197.600700	45500.000000	14.228913	45582.596481
1199.428100	45436.000000	13.726895	45621.237232
1201.255200	45803.000000	13.587959	45661.592106
1203.082000	45888.000000	13.571535	45699.549861
1204.907000	45690.000000	13.585910	45735.904656
1206.730100	45809.000000	13.776734	45771.064093
1208.552900	45810.000000	13.974708	45806.111680
1210.373900	45872.000000	14.379127	45842.607604
1212.194600	45872.000000	15.033731	45878.547020
1214.015000	46033.000000	15.533069	45914.879171
1215.833500	45821.000000	15.637991	45951.594220
1217.650300	46096.000000	15.258172	45992.849158
1219.466700	46231.000000	14.272640	46038.595723
1221.281300	45880.000000	13.443664	46083.054293
1223.095600	46285.000000	12.804954	46127.537567
1224.909500	46287.000000	12.135580	46171.329381
1226.721700	46292.000000	11.542402	46213.571988
1228.532000	46090.000000	10.913921	46255.785545
1230.342000	46350.000000	10.252455	46296.917426
1232.151700	46259.000000	9.887813	46336.444745
1233.959700	46494.000000	10.080201	46375.289068
1235.765900	46586.000000	10.423167	46413.166538
1237.571700	46425.000000	10.899754	46451.637569
1239.377100	46631.000000	11.380686	46490.988306
1241.180800	46728.000000	11.836454	46531.729511
1242.982700	46379.000000	12.417142	46574.140008
1244.784200	46541.000000	13.119245	46619.153026
1246.585300	46685.000000	14.064557	46664.205158
1248.384900	46406.000000	15.169346	46710.572275
1250.182500	46449.000000	16.132061	46757.787076
1251.979700	46829.000000	16.931090	46807.284173
1253.776900	46935.000000	19.197505	46857.558276
1255.572000	47056.000000	22.555976	46909.669102
1257.365500	46690.000000	27.977421	46962.436621
1259.160000	47152.000000	37.063563	47015.183097
1260.951300	47219.000000	50.279810	47070.249838
1262.742300	47044.000000	66.329088	47127.473987
1264.533100	47236.000000	79.471283	47185.354142
1266.322000	47609.000000	83.795720	47246.079048
1268.109000	47020.000000	76.377593	47306.824310
1269.895800	47395.000000	62.476663	47369.023627
1271.682400	47402.000000	48.928278	47430.440449
1273.466900	47768.000000	39.570596	47491.220936
1275.251500	47605.000000	32.181525	47553.404242
1277.033900	47453.000000	26.911026	47615.597611
1278.814700	47787.000000	22.220206	47677.749809
1280.595200	48002.000000	18.931553	47741.300022
1282.375400	47687.000000	16.663685	47808.724054
1284.153800	47652.000000	16.159908	47879.100112
1285.931900	47972.000000	15.780860	47950.639505
1287.708100	48060.000000	15.562088	48024.594775
1289.482500	47928.000000	15.266008	48103.702022
1291.256800	48373.000000	14.925379	48185.610331
1293.030600	47975.000000	14.755959	48269.482083
1294.802900	48319.000000	14.728816	48351.865700
1296.574600	48504.000000	14.753370	48433.461103
1298.344600	48399.000000	14.610993	48516.115996
1300.114400	48302.000000	14.749342	48600.553633
1301.882300	48594.000000	15.043061	48685.179746
1303.648300	48669.000000	15.450037	48770.889137
1305.415800	48918.000000	15.885391	48858.935721
1307.179700	48832.000000	16.195898	48948.274645
1308.943500	49092.000000	16.330371	49040.308042
1310.707000	49081.000000	15.876344	49133.686845
1312.468600	49076.000000	15.320541	49226.605895
1314.230000	49397.000000	14.923729	49320.030445
1315.989500	49474.000000	14.517102	49412.825979
1317.748800	49423.000000	14.235126	49505.981081
1319.506200	49706.000000	13.782253	49599.942238
1321.263400	49692.000000	13.330763	49693.326074
1323.018900	49514.000000	12.940953	49785.732305
1324.774000	49721.000000	12.681454	49877.698454
1326.527300	49935.000000	12.430166	49970.347142
1328.278900	50241.000000	12.108653	50062.529215
1330.031700	50057.000000	11.872980	50153.179693
1331.781100	50148.000000	11.578626	50241.688774
1333.531900	50259.000000	11.265580	50328.291139
1335.279300	50218.000000	10.962909	50411.731043
1337.027800	50490.000000	10.669649	50492.731283
1338.773200	50651.000000	10.798987	50571.408513
1340.518300	50355.000000	11.333754	50646.643771
1342.263100	50867.000000	11.914430	50717.732560
1344.006000	50785.000000	12.471948	50784.600314
1345.748700	50934.000000	13.513645	50847.598366
1347.489500	50950.000000	14.431630	50905.341968
1349.230200	51016.000000	15.099285	50961.197151
1350.969100	50817.000000	15.756836	51015.136468
1352.707500	51237.000000	17.108860	51063.867081
1354.445900	51331.000000	19.053257	51110.092155
1356.180900	51257.000000	21.733198	51152.114950
1357.917000	51064.000000	24.315884	51189.716339
1359.649900	51215.000000	26.239029	51224.355180
1361.384200	51092.000000	27.404092	51254.252390
1363.115000	51229.000000	28.916852	51281.834367
1364.847000	51361.000000	30.240702	51306.332110
1366.577400	51379.000000	42.349779	51328.031078
1368.305900	51274.000000	58.634398	51345.160879
1370.034300	51421.000000	77.464624	51359.741224
1371.760600	51881.000000	94.831514	51370.675111
1373.486900	51453.000000	114.069596	51377.474880
1375.211300	51544.000000	135.024946	51379.537135
1376.935400	51664.000000	155.931841	51379.103458
1378.657800	51469.000000	173.979376	51379.177567
1380.380000	51659.000000	181.784626	51374.450117
1382.100200	51559.000000	178.259967	51366.820505
1383.820300	51397.000000	168.264543	51357.787846
1385.540200	51449.000000	156.906071	51348.164598
1387.256500	51377.000000	142.206514	51337.711051
1388.974200	51774.000000	118.964035	51326.969757
1390.690300	51143.000000	99.583045	51316.147035
1392.404400	51384.000000	84.178983	51301.295870
1394.118400	51296.000000	73.921038	51283.412166
1395.830400	51467.000000	70.607979	51262.247060
1397.542200	51374.000000	67.516919	51240.635925
1399.252300	51434.000000	65.452605	51221.267745
1400.962200	51093.000000	64.346089	51201.386745
1402.671800	51105.000000	64.405331	51181.336483
1404.379500	51083.000000	66.677234	51157.270130
1406.085600	51176.000000	71.949075	51129.931983
1407.791300	51066.000000	85.097302	51098.586894
1409.495200	51035.000000	108.992427	51066.331449
1411.199000	51338.000000	142.573958	51035.007861
1412.902500	51030.000000	188.705123	51002.694775
1414.604000	51418.000000	222.291637	50975.746388
1416.304000	51367.000000	215.272813	50954.008078
1418.003700	50919.000000	178.330446	50934.903398
1419.701500	50930.000000	131.767162	50916.324803
1421.399000	50979.000000	97.858128	50895.930069
1423.096400	50779.000000	77.434210	50874.237963
1424.792000	50720.000000	63.352695	50855.532650
1426.485700	50559.000000	55.723101	50836.398692
1428.179300	50498.000000	49.575724	50818.431729
1429.871100	50877.000000	45.379674	50803.505540
1431.562500	51035.000000	41.842878	50788.186845
1433.253900	50876.000000	39.150729	50774.101478
1434.943400	50861.000000	37.162626	50761.059589
1436.631000	51040.000000	36.970790	50749.644449
1438.318500	50647.000000	37.637211	50740.807585
1440.005600	50493.000000	38.784888	50733.012828
1441.691000	50513.000000	39.389747	50724.996657
1443.374800	50543.000000	37.117551	50716.574257
1445.058200	50649.000000	35.311162	50709.155994
1446.741300	50790.000000	33.343259	50702.935834
1448.422900	50641.000000	33.136789	50697.955863
1450.102400	50856.000000	33.079237	50693.000138
1451.781700	50788.000000	33.721019	50687.222804
1453.460900	50700.000000	34.754620	50680.973366
1455.138200	50310.000000	35.534981	50675.247726
1456.813800	50728.000000	37.176117	50668.712371
1458.489100	50461.000000	39.317368	50663.351789
1460.164300	50546.000000	41.880812	50658.031006
1461.837600	50658.000000	44.214302	50653.456807
1463.509200	50455.000000	46.441970	50650.023070
1465.180500	50523.000000	48.533828	50646.638739
1466.851600	50466.000000	49.909056	50643.986811
1468.520900	50450.000000	49.710894	50642.255303
1470.189900	50820.000000	49.410168	50640.871469
1471.857200	50751.000000	46.743593	50638.933645
1473.522800	50742.000000	42.387405	50636.631678
1475.188100	50603.000000	36.719731	50634.592296
1476.853100	50382.000000	29.761237	50632.476060
1478.516500	50404.000000	23.554656	50631.395069
1480.178000	50726.000000	18.519287	50629.241320
1481.839200	50469.000000	15.092337	50626.921054
1483.500400	50630.000000	15.449909	50623.483200
1485.159700	50413.000000	15.673122	50620.229247
1486.818600	50503.000000	15.634182	50617.328000
1488.476000	50183.000000	15.467384	50615.460625
1490.131500	50521.000000	15.003617	50616.056245
1491.788300	50407.000000	14.656309	50618.839466
1493.441800	50494.000000	14.276281	50623.679453
1495.095100	50492.000000	13.843067	50628.053282
1496.748000	50532.000000	13.654606	50631.455454
1498.399400	50667.000000	13.497381	50634.446364
1500.050400	50553.000000	13.340727	50636.552994
1501.699700	50674.000000	13.424672	50638.413507
1503.347300	50790.000000	13.746147	50641.632235
1504.996100	50665.000000	14.174506	50644.316643
1506.641600	50434.000000	14.574867	50646.425102
1508.287000	50694.000000	15.615409	50647.218348
1509.932000	50750.000000	16.773923	50646.507904
1511.575300	50152.000000	17.238339	50645.830397
1513.218500	50989.000000	17.105554	50643.566400
1514.859700	50497.000000	16.476621	50640.782264
1516.500900	50494.000000	15.424834	50638.004990
1518.140300	50741.000000	14.647663	50636.004950
1519.777800	50746.000000	14.244665	50635.195693
1521.416700	50742.000000	13.890246	50633.298126
1523.052200	50838.000000	13.739478	50629.834653
1524.689200	50788.000000	13.401887	50625.029891
1526.322800	50423.000000	12.712405	50618.231494
1527.956200	50660.000000	11.768726	50610.455036
1529.589400	50196.000000	11.458455	50603.416927
1531.220800	50520.000000	11.152232	50597.975830
1532.851900	50895.000000	11.060069	50593.828904
1534.481400	50767.000000	10.865113	50589.579049
1536.110600	50701.000000	10.632426	50584.718933
1537.738000	50510.000000	10.248266	50580.792048
1539.365200	50628.000000	9.691521	50577.040830
1540.990700	50544.000000	9.251258	50574.743438
1542.616000	50233.000000	8.829528	50572.834433
1544.239500	50405.000000	8.598152	50569.888812
1545.862700	50614.000000	8.650766	50567.098272
1547.484400	50698.000000	8.884607	50562.711176
1549.105600	50411.000000	9.310034	50556.450301
1550.725100	50775.000000	9.565577	50548.258006
1552.344500	50441.000000	9.594185	50539.687845
1553.962000	50147.000000	10.578428	50529.160645
1555.579300	50439.000000	11.673854	50516.320500
1557.195100	50549.000000	12.626171	50504.465735
1558.810400	50743.000000	13.641247	50493.267891
1560.424100	50649.000000	16.179270	50482.338121
1562.037500	50471.000000	19.125649	50471.316401
1563.649200	50681.000000	21.577332	50458.983585
1565.260600	50315.000000	23.688890	50446.175004
1566.870500	50425.000000	28.072685	50434.120327
1568.479900	50415.000000	33.893977	50422.131525
1570.089100	50545.000000	39.933820	50409.284974
1571.695200	49871.000000	45.859805	50397.551438
1573.302500	50441.000000	50.244471	50383.402025
1574.906500	50210.000000	47.994648	50368.057255
1576.511800	50147.000000	46.683780	50354.984259
1578.115500	50615.000000	47.324189	50341.486278
1579.717400	50486.000000	49.131210	50329.602693
1581.319100	50241.000000	52.515566	50319.239266
1582.919100	50752.000000	55.106266	50311.246426
1584.518700	50026.000000	56.845378	50306.782019
1586.116600	50293.000000	57.643113	50303.435200
1587.714500	50149.000000	54.214997	50301.289229
1589.310500	50508.000000	51.219369	50299.483154
1590.906300	50355.000000	49.441465	50299.445642
1592.501800	50278.000000	48.950350	50299.981792
1594.095700	50113.000000	51.291731	50299.761751
1595.687900	50221.000000	53.611675	50298.232901
1597.279700	50156.000000	55.913578	50294.909870
1598.869900	50290.000000	58.757067	50291.127544
1600.459700	50255.000000	61.544105	50288.327855
1602.048100	50166.000000	64.502649	50286.285271
1603.636000	50222.000000	67.704866	50284.857978
1605.223900	50448.000000	69.744948	50282.055086
1606.809800	50047.000000	71.974293	50278.314847
1608.394200	50009.000000	74.869722	50274.523371
1609.978300	50046.000000	78.310106	50271.730086
1611.560700	50050.000000	80.946767	50270.550740
1613.142900	50308.000000	84.464327	50272.858654
1614.724700	50470.000000	89.540774	50275.526136
1616.304900	50147.000000	95.142097	50279.478182
1617.883500	50085.000000	111.535264	50280.454871
1619.461800	50323.000000	129.300836	50278.529855
1621.038300	50266.000000	147.125770	50275.957069
1622.614700	50533.000000	164.756468	50272.447392
1624.190800	50276.000000	177.662317	50271.046632
1625.765300	50353.000000	186.988069	50272.057174
1627.337900	50542.000000	193.313075	50273.146400
1628.910400	50146.000000	196.242199	50275.017434
1630.482700	50516.000000	197.313783	50275.385237
1632.053200	50388.000000	194.294010	50275.366023
1633.622100	50216.000000	189.254439	50274.835363
1635.190600	50095.000000	183.096566	50274.251637
1636.759000	50489.000000	177.778185	50272.972105
1638.325700	50487.000000	185.480176	50272.933678
1639.890700	50326.000000	193.044399	50272.217744
1641.455400	50442.000000	200.521747	50271.031993
1643.019900	50306.000000	206.777933	50269.182460
1644.582800	50333.000000	219.930342	50265.787150
1646.143900	50206.000000	232.266089	50262.462747
1647.704700	50452.000000	243.774895	50258.510701
1649.265500	50330.000000	253.411952	50254.171182
1650.824500	50188.000000	258.538513	50249.489479
1652.381600	50609.000000	259.100766	50244.641715
1653.938700	50407.000000	253.375727	50239.152127
1655.495500	50439.000000	240.773263	50235.418293
1657.050700	50372.000000	224.682652	50231.303847
1658.604100	50191.000000	205.750250	50227.878801
1660.157200	50393.000000	186.137369	50224.974352
1661.710200	50411.000000	169.543331	50221.593681
1663.261500	50020.000000	153.907899	50219.138005
1664.811200	50389.000000	141.119732	50217.377220
1666.361900	50161.000000	130.103359	50216.900083
1667.909700	50204.000000	113.887596	50215.700608
1669.457200	50423.000000	93.627014	50212.476390
1671.004300	50180.000000	73.155326	50206.552210
1672.549900	49966.000000	50.740982	50197.641694
1674.093600	49795.000000	31.692266	50185.770461
1675.637300	50043.000000	28.477303	50169.406457
1677.180800	50075.000000	25.644593	50151.641236
1678.722400	50320.000000	23.316865	50133.225041
1680.263900	49948.000000	20.795107	50113.648714
1681.803700	49888.000000	17.709519	50092.108029
1683.341800	50197.000000	14.424601	50070.481798
1684.881200	49982.000000	11.199827	50049.151090
1686.417500	50052.000000	9.386012	50027.817636
1687.953400	49944.000000	9.711773	50006.331390
1689.489100	50152.000000	10.183016	49984.009811
1691.023200	50089.000000	10.909750	49962.470956
1692.557100	49750.000000	11.687385	49942.431216
1694.089200	49916.000000	12.426399	49922.598707
1695.619800	49747.000000	12.685279	49900.287193
1697.151500	49666.000000	12.566117	49875.810951
1698.680200	49556.000000	12.723580	49850.146213
1700.208500	49651.000000	13.060365	49821.293397
1701.736600	49529.000000	13.754500	49791.708179
1703.263100	49819.000000	14.817100	49762.480241
1704.789300	49707.000000	18.304575	49731.961792
1706.314000	49605.000000	22.598823	49701.007837
1707.838100	49913.000000	27.692778	49671.399288
1709.361000	49351.000000	33.676623	49642.886369
1710.883300	49562.000000	41.049833	49613.746722
1712.404100	49601.000000	49.066736	49584.786859
1713.923100	49595.000000	57.405495	49556.304590
1715.443500	49626.000000	66.313255	49529.601863
1716.960700	49308.000000	77.458741	49501.815399
1718.479100	49517.000000	89.459809	49472.231553
1719.994500	49522.000000	104.815880	49440.747852
1721.509600	49357.000000	124.503079	49406.090255
1723.024400	49293.000000	151.783099	49369.689713
1724.537600	49259.000000	188.378407	49333.699976
1726.050700	49681.000000	222.843068	49298.226259
1727.561900	49395.000000	241.174718	49264.578289
1729.073000	49502.000000	227.176398	49233.339789
1730.582400	49158.000000	188.150732	49201.687284
1732.091700	49704.000000	144.322221	49169.785002
1733.599200	49036.000000	107.894295	49137.437606
1735.106600	49247.000000	80.794817	49105.914563
1736.612100	48805.000000	62.746203	49073.563507
1738.117600	49027.000000	49.158762	49040.987836
1739.621300	48932.000000	38.590001	49006.495383
1741.125000	48759.000000	31.147403	48970.058244
1742.626800	48934.000000	26.962906	48933.139851
1744.128400	48552.000000	23.857427	48896.029781
1745.628500	48910.000000	21.338578	48857.849240
1747.128300	48864.000000	18.889582	48820.962870
1748.626300	48836.000000	16.781591	48785.673970
1750.124300	48722.000000	15.041571	48751.858109
1751.620500	48614.000000	13.623300	48718.741256
1753.116600	48488.000000	12.297180	48684.783123
1754.612400	48592.000000	11.133455	48650.114089
1756.105100	48575.000000	9.986637	48614.918054
1757.599100	48727.000000	8.737861	48579.163454
1759.091300	48500.000000	7.907081	48543.494400
1760.582000	48498.000000	7.432146	48508.932413
1762.072400	48589.000000	6.959386	48474.899713
1763.561000	48453.000000	6.595461	48441.862002
1765.049600	48189.000000	6.680479	48409.128505
1766.536500	48603.000000	7.066392	48375.778802
1768.023200	48282.000000	7.689447	48344.199033
1769.508100	48037.000000	8.660302	48313.976565
1770.992900	48244.000000	9.718662	48286.809052
1772.477500	48115.000000	10.795999	48262.039117
1773.959000	48274.000000	11.592900	48236.768257
1775.441700	48224.000000	12.244039	48210.411374
1776.922700	48007.000000	15.634040	48182.428658
1778.402100	48268.000000	20.779796	48153.275287
1779.881300	48054.000000	27.092454	48123.488784
1781.358900	48072.000000	34.690013	48092.556329
1782.836200	48106.000000	44.944335	48061.457814
1784.311900	48073.000000	56.358889	48029.901376
1785.787400	48075.000000	70.663639	48000.532081
1787.262600	47820.000000	88.132894	47972.643146
1788.736200	48026.000000	106.528289	47945.519550
1790.208300	47920.000000	121.363892	47919.443550
1791.679800	48147.000000	130.410176	47893.611380
1793.150000	47962.000000	128.440972	47868.103553
1794.619900	48140.000000	112.413656	47842.156102
1796.089600	47918.000000	87.786772	47818.746669
1797.557600	47727.000000	64.668331	47796.020233
1799.023900	47661.000000	46.372914	47772.527542
1800.490100	47922.000000	32.722500	47750.218773
1801.954600	47537.000000	24.331134	47728.404066
1803.418900	47841.000000	17.994531	47706.759536
1804.883100	47346.000000	14.321853	47684.695510
1806.345500	47786.000000	11.929296	47662.306684
1807.806400	47502.000000	11.483668	47639.577503
1809.266800	47470.000000	11.240884	47617.760509
1810.727400	47217.000000	10.936987	47596.095393
1812.186000	47678.000000	10.691926	47574.023591
1813.643300	47592.000000	10.582320	47552.124253
1815.100100	47634.000000	10.321575	47531.312997
1816.556800	47342.000000	9.883858	47508.893749
1818.010400	47235.000000	9.428039	47487.097569
1819.465300	47649.000000	8.742803	47466.894743
1820.918500	47751.000000	8.014800	47447.984485
1822.370100	47219.000000	7.378685	47428.883922
1823.821400	47676.000000	6.889007	47412.677286
1825.272600	47393.000000	6.722175	47397.848080
1826.722200	47463.000000	6.453807	47382.488899
1828.169900	47281.000000	6.153704	47366.232629
1829.617600	47338.000000	5.859613	47348.975881
1831.065200	47339.000000	5.465526	47331.448313
1832.511000	47232.000000	5.045320	47315.833867
1833.956500	47241.000000	4.670451	47301.423242
1835.400500	47281.000000	4.316435	47289.097745
1836.842900	47661.000000	4.059507	47278.276852
1838.285200	47331.000000	3.874088	47269.746948
1839.727100	47008.000000	3.740818	47262.036822
1841.167400	47388.000000	3.565406	47257.407269
1842.606100	47150.000000	3.438180	47254.411098
1844.044400	46951.000000	3.313820	47252.671356
1845.482800	47051.000000	3.197429	47251.153028
1846.919400	47140.000000	3.112460	47246.469952
1848.356000	46986.000000	3.031712	47240.898707
1849.790800	47206.000000	2.908804	47235.101016
1851.224000	47325.000000	2.768468	47229.358449
1852.656900	46855.000000	2.629452	47224.394261
1854.089700	47305.000000	2.487048	47219.478335
1855.520800	47195.000000	2.367325	47217.946054
1856.951800	46863.000000	2.294199	47215.843313
1858.381100	47112.000000	2.279385	47214.169446
1859.808700	47441.000000	2.308661	47214.061027
1861.236300	47412.000000	2.350817	47214.263227
1862.663500	47135.000000	2.423893	47214.846038
1864.089100	46950.000000	2.572154	47218.920913
1865.514600	47095.000000	2.698324	47228.177959
1866.938500	47131.000000	2.773213	47243.170252
1868.360700	47369.000000	2.774904	47262.079824
1869.784200	47371.000000	2.752471	47282.680417
1871.204500	47146.000000	2.634819	47303.934728
1872.624600	47152.000000	2.528783	47323.985905
1874.044700	47360.000000	2.437540	47344.550816
1875.463000	47321.000000	2.406391	47364.175635
1876.881200	47305.000000	2.430794	47383.293353
1878.297700	47265.000000	2.465902	47403.713933
1879.714100	47347.000000	2.503405	47422.764861
1881.128800	47357.000000	2.515076	47438.015851
1882.541900	47589.000000	2.534374	47449.763340
1883.956200	47586.000000	2.459028	47456.841706
1885.367400	47635.000000	2.372955	47460.669550
1886.778600	47320.000000	2.351082	47470.914493
1888.189500	47986.000000	2.239007	47476.045199
