Raman_Shift Original_Spectrum Predicted_Raman Predicted_Baseline
294.894650	49314.000000	12.924646	49563.313249
297.232540	49257.000000	15.480807	49572.024770
299.568300	49393.000000	18.417687	49575.298593
301.905240	49618.000000	21.876492	49574.752373
304.238400	49703.000000	25.393383	49571.567398
306.571040	49657.000000	28.779900	49570.364662
308.903260	50211.000000	31.143143	49572.485206
311.233340	50392.000000	32.769650	49575.954671
313.562930	49991.000000	34.905527	49586.216444
315.890440	50258.000000	37.500215	49599.808500
318.215790	49878.000000	39.515574	49613.135762
320.540680	49600.000000	41.296707	49627.395276
322.865110	49935.000000	43.216184	49642.342380
325.187410	49277.000000	44.613221	49660.752383
327.509250	49819.000000	44.942094	49682.941727
329.828920	49836.000000	45.075654	49708.721772
332.148160	49741.000000	47.592423	49736.477929
334.465270	49884.000000	51.164376	49764.552714
336.781950	49755.000000	57.226539	49793.098877
339.096470	49716.000000	66.808685	49821.301026
341.408870	49782.000000	80.462133	49851.824614
343.722530	49695.000000	98.748684	49885.877628
346.032350	50011.000000	126.262197	49924.189676
348.341740	49991.000000	164.187366	49967.176988
350.650670	50425.000000	216.395778	50010.933299
352.957460	50229.000000	285.802719	50055.488809
355.263760	50551.000000	367.419888	50103.079607
357.568020	50483.000000	439.382944	50153.629539
359.871800	50758.000000	464.573794	50204.647348
362.173430	50627.000000	423.460778	50254.955682
364.474640	50953.000000	347.591428	50303.257705
366.773710	50584.000000	272.720064	50350.274709
369.072360	50531.000000	215.873876	50394.959333
371.368870	50568.000000	175.615192	50437.965904
373.664920	50643.000000	148.756752	50478.658476
375.958890	50766.000000	128.876386	50516.208091
378.252380	50621.000000	120.952082	50551.808293
380.543790	50787.000000	118.111121	50585.708120
382.834750	50814.000000	116.953506	50615.603204
385.123570	50870.000000	117.886620	50641.097446
387.411960	50665.000000	119.207242	50664.463703
389.698210	50811.000000	123.389915	50685.087039
391.984070	50763.000000	132.020548	50701.545441
394.267790	50520.000000	147.214269	50713.767131
396.551060	50637.000000	174.779119	50725.567776
398.832210	50560.000000	218.404674	50738.281852
401.112950	50758.000000	280.813695	50748.186918
403.391570	51023.000000	342.483711	50756.009518
405.669770	50846.000000	368.517144	50761.193363
407.945860	51083.000000	341.029338	50763.170350
410.221470	50810.000000	285.901060	50765.972357
412.495030	50975.000000	222.030568	50768.748979
414.768100	51015.000000	169.011440	50769.202413
417.039090	50884.000000	126.784017	50768.734098
419.309630	50704.000000	86.085556	50765.462901
421.579740	50737.000000	75.762379	50760.133747
423.846100	50684.000000	68.634653	50757.252082
426.113680	50823.000000	63.475290	50755.290415
428.377470	51034.000000	67.762609	50751.675203
430.642520	50842.000000	76.817953	50747.612686
432.905460	50946.000000	89.170125	50742.065569
435.166320	50989.000000	105.228744	50735.966104
437.426700	50979.000000	124.502872	50727.479549
439.685060	51158.000000	147.024057	50717.450620
441.942900	51129.000000	169.322560	50705.785217
444.198730	50906.000000	187.084146	50693.628741
446.454070	50932.000000	185.459161	50683.421678
448.708980	50697.000000	175.951738	50675.166654
450.961820	50946.000000	162.196811	50666.697606
453.212550	50656.000000	146.232259	50658.072307
455.462890	50782.000000	134.878701	50646.511509
457.711120	50806.000000	126.617905	50631.607297
459.958920	50599.000000	121.090141	50616.575284
462.204590	50704.000000	118.668530	50599.814447
464.449890	50666.000000	118.822318	50582.184384
466.694760	50770.000000	122.182460	50563.127493
468.937500	50471.000000	128.459034	50542.183778
471.178160	50459.000000	138.407868	50518.866541
473.418460	50446.000000	149.036195	50492.977952
475.656620	50504.000000	162.594947	50463.791030
477.894380	50627.000000	179.474763	50431.923336
480.131680	50482.000000	201.230739	50397.520181
482.366910	50267.000000	226.656676	50357.894227
484.600040	50295.000000	261.020112	50314.720901
486.832790	50532.000000	301.109101	50269.008612
489.063450	50718.000000	351.067376	50221.689611
491.293670	50638.000000	413.471048	50171.000935
493.523500	50212.000000	473.664398	50115.922798
495.751190	50539.000000	505.727131	50056.118626
497.976840	50571.000000	491.558435	49994.305078
500.202090	50369.000000	428.964510	49928.790973
502.426910	50092.000000	346.559140	49859.522037
504.649660	50015.000000	271.948385	49788.304564
506.870270	50196.000000	214.508228	49715.055832
509.090550	49641.000000	173.242614	49639.251943
511.310360	49833.000000	144.357292	49563.204267
513.528140	49886.000000	124.015765	49484.230284
515.743770	49526.000000	108.675210	49403.867552
517.959110	49449.000000	95.978531	49321.883664
520.173890	49417.000000	85.463877	49237.822562
522.386660	49207.000000	76.893849	49154.615806
524.597410	49219.000000	69.291811	49073.714293
526.807740	48942.000000	62.854589	48995.813494
529.017580	49038.000000	58.198739	48921.144063
531.225400	48969.000000	54.864301	48847.082127
533.431210	48669.000000	52.917090	48775.330688
535.636470	48763.000000	51.579358	48707.384412
537.841430	48473.000000	49.755073	48643.795648
540.044310	48629.000000	49.174122	48584.162169
542.245120	48911.000000	49.033617	48528.287022
544.445500	48727.000000	49.696158	48475.143854
546.645450	48409.000000	48.537463	48426.507883
548.843380	48255.000000	47.450082	48381.033691
551.040830	48428.000000	45.874117	48340.078949
553.236330	48246.000000	49.109643	48304.259034
555.429690	48329.000000	53.568504	48272.885040
557.622680	48204.000000	59.184443	48243.296768
559.815250	48302.000000	66.424631	48215.250870
562.005800	48261.000000	74.652512	48194.827990
564.195920	47815.000000	83.537121	48182.882474
566.383910	48170.000000	92.570451	48172.564679
568.569950	48453.000000	102.424384	48162.866634
570.755550	48351.000000	114.382332	48154.096026
572.940730	48355.000000	126.178614	48146.051525
575.123900	48055.000000	139.648463	48138.915640
577.306640	48258.000000	153.721512	48133.786067
579.487300	48261.000000	166.804537	48131.079035
581.665950	48117.000000	179.416293	48129.532723
583.844120	48259.000000	190.979074	48128.129968
586.021970	48077.000000	201.496846	48125.788835
588.197750	48290.000000	215.097848	48120.804570
590.373170	48177.000000	227.778592	48113.069506
592.546450	48544.000000	241.269258	48104.819734
594.719420	48264.000000	254.939631	48097.915818
596.890260	48646.000000	266.501879	48092.572221
599.059140	48226.000000	279.158674	48089.818796
601.229190	48164.000000	290.967142	48088.962700
603.395570	48336.000000	300.853197	48089.097066
605.561580	48253.000000	312.319429	48087.571325
607.727170	48305.000000	326.095282	48083.872955
609.890750	48551.000000	336.843396	48079.948306
612.053960	48465.000000	342.327105	48074.565755
614.215030	48426.000000	340.202867	48069.158695
616.375790	48657.000000	326.302440	48062.173809
618.534480	48387.000000	307.896540	48054.557793
620.692750	48401.000000	286.133603	48046.645470
622.849000	48537.000000	261.980977	48039.176076
625.004820	48000.000000	238.518103	48032.808752
627.158750	48328.000000	215.658867	48027.336040
629.310490	48291.000000	194.084323	48021.268963
631.463560	48320.000000	175.545300	48016.263252
633.612920	47965.000000	159.806876	48012.935595
635.763490	48382.000000	147.728908	48009.056464
637.910460	47898.000000	139.105689	48005.390045
640.058650	48122.000000	133.745952	48001.352476
642.203190	48232.000000	129.165677	47995.738832
644.348880	48173.000000	124.542824	47990.060849
646.491030	48161.000000	119.715590	47984.452895
648.634400	47887.000000	114.572906	47978.634856
650.774050	47888.000000	105.519190	47972.764733
652.914980	48150.000000	96.873594	47969.550871
655.052250	48292.000000	88.053529	47967.998432
657.190730	48080.000000	83.767229	47967.627719
659.325620	47752.000000	84.198498	47967.914835
661.461730	48252.000000	86.740581	47967.739764
663.594180	47862.000000	91.685550	47967.578262
665.727910	47979.000000	95.803768	47968.655385
667.857910	47927.000000	103.940387	47971.609266
669.989200	47845.000000	117.481796	47975.647273
672.118470	48223.000000	141.006027	47979.689219
674.245670	47817.000000	199.236806	47985.180752
676.372560	48231.000000	287.315495	47989.755788
678.497380	48442.000000	362.586376	47994.374593
680.621830	48213.000000	333.953744	47999.154900
682.744320	48149.000000	258.766514	48002.610797
684.866390	47948.000000	196.778771	48005.970842
686.986450	47982.000000	164.923237	48009.465692
689.106080	48149.000000	151.457478	48013.083530
691.223750	47968.000000	148.564953	48016.814725
693.341000	48104.000000	151.578988	48019.978692
695.457820	48110.000000	158.281709	48024.623319
697.571110	48117.000000	167.105727	48031.285199
699.685610	48094.000000	180.027686	48038.411017
701.798100	48253.000000	198.283163	48044.605020
703.908570	48561.000000	220.190478	48050.387608
706.018620	48316.000000	244.068092	48055.501862
708.126770	48128.000000	270.137442	48059.955225
710.234380	48348.000000	294.680831	48064.495685
712.340150	48384.000000	320.274863	48069.154318
714.445430	48416.000000	344.752081	48073.756053
716.550350	48361.000000	369.711510	48078.253621
718.653260	48308.000000	390.246271	48082.959961
720.754270	48430.000000	411.045224	48087.843122
722.854800	48426.000000	428.503691	48092.707026
724.953370	48489.000000	438.837763	48097.178333
727.051570	48486.000000	442.186210	48102.004158
729.149350	48530.000000	442.053758	48107.827450
731.243530	48397.000000	436.887775	48113.577649
733.338990	48761.000000	425.228992	48121.410315
735.432370	48619.000000	415.287845	48131.326323
737.523800	48696.000000	386.772675	48142.567616
739.614870	48531.000000	346.358875	48155.247992
741.705570	48279.000000	296.977896	48169.149048
743.792600	48315.000000	246.157425	48184.217826
745.880920	48246.000000	201.014608	48199.649439
747.967220	48575.000000	161.933795	48214.035003
750.051570	48296.000000	130.569525	48226.012907
752.135500	48279.000000	114.483114	48235.517061
754.219120	48477.000000	100.645384	48243.578632
756.300720	48469.000000	89.455066	48249.854043
758.380310	48350.000000	79.032434	48255.031324
760.459530	48320.000000	70.322055	48259.425162
762.538390	48052.000000	63.625789	48264.346839
764.615300	48394.000000	58.674891	48269.437459
766.690190	48540.000000	54.832652	48274.725034
768.764710	48332.000000	51.339163	48280.460352
770.838810	48566.000000	48.023596	48286.503357
772.909360	48219.000000	44.111906	48293.680821
774.981140	47958.000000	41.279535	48299.157034
777.050960	48435.000000	38.849399	48303.125888
779.120420	48600.000000	36.792047	48307.405055
781.187870	48406.000000	34.788441	48310.343618
783.253420	48294.000000	35.299853	48310.844758
785.318480	48194.000000	39.834203	48309.834162
787.383240	48574.000000	45.173864	48309.140444
789.445980	48127.000000	50.038626	48308.784175
791.506770	48257.000000	48.815890	48310.003543
793.567260	48384.000000	46.416385	48312.255828
795.627260	48576.000000	45.642562	48314.076564
797.685360	48498.000000	46.073537	48314.305032
799.741520	48458.000000	45.581314	48314.636791
801.797240	48590.000000	45.307479	48314.235003
803.852600	48576.000000	44.615071	48313.520277
805.906010	48058.000000	43.809868	48312.370500
807.959050	48607.000000	40.573668	48309.603506
810.010130	48227.000000	37.117464	48305.408373
812.059200	48359.000000	34.358372	48298.643639
814.107970	48562.000000	32.745834	48289.107097
816.156370	48518.000000	36.222784	48278.110465
818.202760	48341.000000	43.236549	48265.319357
820.247190	48292.000000	50.374851	48251.520717
822.292850	48271.000000	57.757178	48235.935918
824.335020	48490.000000	65.053539	48219.849979
826.376770	48411.000000	70.540770	48202.739000
828.418090	48333.000000	73.095565	48184.374515
830.457520	48277.000000	71.474027	48164.694810
832.496640	48422.000000	67.211102	48144.665402
834.533690	48324.000000	59.920779	48124.291104
836.568910	48013.000000	53.110321	48102.577953
838.603700	48132.000000	46.905431	48080.529979
840.638060	48184.000000	40.586662	48057.290648
842.670530	48092.000000	35.283485	48032.608296
844.702640	47887.000000	31.269591	48007.791578
846.732790	48055.000000	28.602728	47982.301275
848.762570	47997.000000	26.094177	47953.472373
850.790470	47880.000000	26.379592	47921.805573
852.816350	47879.000000	26.757802	47888.644982
854.843440	47840.000000	27.253606	47854.041371
856.867070	48337.000000	27.334781	47817.760581
858.890200	48026.000000	27.252498	47779.093577
860.913150	48018.000000	27.651557	47739.698717
862.934020	47512.000000	28.553703	47699.498530
864.954530	47714.000000	30.637298	47656.994413
866.973140	47671.000000	33.825774	47612.806990
868.991390	47318.000000	37.649026	47567.464538
871.007690	47902.000000	42.500271	47521.587245
873.023620	47496.000000	47.475252	47474.970058
875.037660	47260.000000	55.486945	47427.398518
877.051270	47415.000000	66.979851	47378.614174
879.062990	47446.000000	86.370217	47327.702284
881.074340	47413.000000	126.046559	47276.091860
883.083740	47505.000000	201.669154	47223.887510
885.092770	47501.000000	312.018007	47173.301688
887.099850	47806.000000	404.540744	47125.045621
889.104980	47686.000000	394.728684	47076.406149
891.111450	46829.000000	333.243394	47026.481000
893.114260	47022.000000	275.549864	46973.565644
895.118410	47074.000000	237.829774	46919.851307
897.119020	47121.000000	207.683122	46866.861327
899.120790	47023.000000	179.976177	46815.843737
901.119080	46816.000000	151.501902	46763.062747
903.118650	46891.000000	125.207532	46707.484783
905.114620	46878.000000	102.886571	46653.158574
907.111880	46561.000000	83.932664	46599.860469
909.107180	46568.000000	69.358078	46545.220009
911.100520	46643.000000	59.091874	46489.337859
913.093630	46231.000000	51.418512	46430.779752
915.084660	46317.000000	46.804348	46371.033353
917.075380	46396.000000	42.973310	46308.727857
919.064210	46263.000000	40.332990	46246.133057
921.052730	46051.000000	38.809540	46180.820720
923.039310	46277.000000	38.317464	46112.727823
925.025450	46031.000000	38.407838	46046.983499
927.009770	45835.000000	39.032557	45982.552863
928.993650	45935.000000	40.095455	45917.699650
930.975590	46175.000000	40.667553	45853.493979
932.957280	45816.000000	40.666555	45791.052366
934.937010	45821.000000	40.625762	45730.222935
936.916380	45891.000000	41.540278	45671.629158
938.895390	45745.000000	41.432233	45615.264688
940.870970	45393.000000	41.232683	45560.549604
942.847660	45520.000000	41.180251	45508.553150
944.822510	45347.000000	41.310798	45459.344479
946.795470	45392.000000	42.401957	45413.389060
948.768010	45433.000000	43.209841	45371.482372
950.738710	45330.000000	44.686474	45331.863420
952.708980	45199.000000	42.070701	45295.787682
954.677310	45460.000000	39.629630	45261.225650
956.645390	45146.000000	38.087174	45226.573894
958.613160	45398.000000	38.099881	45192.105087
960.578920	45289.000000	39.929131	45158.110722
962.542720	45399.000000	42.886927	45123.951571
964.506290	45434.000000	44.805628	45090.142124
966.467960	45056.000000	46.226419	45057.307603
968.429260	45159.000000	49.215763	45024.853641
970.390140	45109.000000	53.202288	44992.999735
972.347660	44963.000000	57.940052	44963.897065
974.306270	45032.000000	64.636939	44936.929603
976.263060	45106.000000	74.213132	44912.996773
978.218020	44831.000000	88.298697	44891.524344
980.172490	44956.000000	107.779436	44870.298108
982.125120	44831.000000	133.331062	44849.785286
984.077390	45302.000000	163.455597	44826.377887
986.029360	44921.000000	195.257229	44800.918659
987.979370	45118.000000	224.778714	44776.317278
989.927490	44932.000000	243.535029	44751.714146
991.875310	44928.000000	251.630766	44724.276126
993.822750	44789.000000	248.995295	44697.071224
995.768370	44906.000000	236.759271	44670.808202
997.711980	44877.000000	219.794846	44643.712500
999.655270	44391.000000	199.393084	44615.291075
1001.596700	44753.000000	179.149460	44586.408229
1003.537700	45774.000000	157.781102	44558.935140
1005.478600	45880.000000	140.403264	44527.940065
1007.417400	44895.000000	123.073160	44500.821932
1009.354300	44761.000000	105.959206	44477.497692
1011.291000	44495.000000	93.410777	44458.384889
1013.227200	44375.000000	85.736310	44438.575413
1015.161600	44622.000000	80.285195	44419.728717
1017.094100	44250.000000	76.538086	44402.120756
1019.026200	44636.000000	75.074802	44383.786142
1020.958000	44639.000000	75.720280	44364.467850
1022.888000	44165.000000	76.042553	44348.598232
1024.816000	44445.000000	78.084289	44336.705785
1026.743800	44046.000000	83.038443	44327.239818
1028.671100	44447.000000	95.965196	44320.618861
1030.596600	44311.000000	127.433174	44315.381455
1032.521700	44449.000000	179.745056	44311.604139
1034.444900	44689.000000	276.221534	44310.015098
1036.366300	44741.000000	404.438026	44309.976309
1038.287400	44993.000000	482.161348	44309.958309
1040.208100	44570.000000	384.126098	44310.082008
1042.127000	44451.000000	248.628576	44309.297800
1044.043800	44531.000000	164.384293	44307.808933
1045.960400	44579.000000	126.307975	44304.645131
1047.876700	44422.000000	116.756784	44300.233512
1049.791000	44395.000000	117.098624	44296.006264
1051.705100	44380.000000	120.013333	44291.121352
1053.617300	44579.000000	123.285310	44286.444391
1055.527600	44372.000000	127.785381	44282.100886
1057.437500	44495.000000	131.612209	44277.445754
1059.347300	44594.000000	135.221443	44271.790312
1061.255000	44557.000000	139.735451	44265.268379
1063.162500	44307.000000	146.702994	44257.789411
1065.068000	44510.000000	158.685548	44249.093755
1066.971700	44357.000000	176.524575	44240.498437
1068.875000	44439.000000	200.464695	44233.410697
1070.778100	44524.000000	227.606243	44227.370483
1072.679200	44710.000000	268.025213	44220.993421
1074.580000	44523.000000	317.228714	44213.314872
1076.479000	44633.000000	382.456087	44204.893804
1078.377600	44488.000000	441.236232	44195.889696
1080.274400	44849.000000	454.713836	44190.028928
1082.169200	44815.000000	383.590299	44186.087374
1084.065300	44481.000000	280.709856	44182.876522
1085.958000	44218.000000	196.725908	44178.251426
1087.850300	44012.000000	141.168583	44172.629630
1089.742400	44261.000000	109.046011	44168.500531
1091.632600	44259.000000	87.016454	44163.681435
1093.522500	44174.000000	73.140762	44157.656320
1095.410400	44343.000000	63.229206	44151.692206
1097.298100	44289.000000	55.303985	44145.263827
1099.183800	44113.000000	49.668789	44137.937717
1101.069300	44325.000000	45.563004	44130.902936
1102.952900	44055.000000	41.837200	44125.005951
1104.834600	44087.000000	38.754837	44120.123228
1106.717700	44254.000000	36.490355	44117.964003
1108.597200	44271.000000	34.638677	44117.560192
1110.477900	43971.000000	33.187104	44118.822835
1112.355300	44114.000000	32.106521	44123.130670
1114.232300	43963.000000	31.083633	44129.020050
1116.109100	44222.000000	30.380840	44134.437013
1117.984000	44264.000000	30.246152	44140.387504
1119.858500	43815.000000	30.465537	44147.009501
1121.731300	43979.000000	30.762747	44151.944965
1123.603600	44065.000000	30.543642	44155.830824
1125.474100	44260.000000	30.562455	44160.430426
1127.344400	44470.000000	30.743270	44166.217937
1129.212600	44244.000000	31.322262	44172.395746
1131.080700	44227.000000	32.362921	44178.271723
1132.946900	44081.000000	33.548995	44185.124376
1134.812700	44150.000000	34.444277	44191.387860
1136.676800	44031.000000	35.276509	44199.440076
1138.540400	43985.000000	37.377669	44208.694700
1140.402300	44514.000000	40.623457	44221.092883
1142.263800	44165.000000	44.107766	44237.189326
1144.123400	44381.000000	47.789965	44253.178648
1145.982800	44183.000000	52.386900	44269.856546
1147.841800	43911.000000	57.872260	44287.171701
1149.697500	44615.000000	66.219073	44303.907371
1151.554400	44497.000000	79.695747	44324.329978
1153.407800	44420.000000	100.911164	44347.643659
1155.262600	44440.000000	137.405464	44372.867745
1157.115500	44701.000000	185.647225	44401.278119
1158.966400	44476.000000	247.000446	44429.708954
1160.817100	44710.000000	305.884977	44456.583958
1162.666000	44970.000000	339.423857	44480.862880
1164.514500	44773.000000	326.238458	44503.556756
1166.361300	44636.000000	269.358486	44529.688584
1168.207600	44964.000000	201.914540	44557.039123
1170.052200	44571.000000	144.927639	44587.071200
1171.896500	44506.000000	105.967105	44619.759318
1173.740400	44753.000000	80.257614	44652.552261
1175.580900	44762.000000	64.377506	44686.412916
1177.422900	44883.000000	54.301216	44718.476250
1179.262700	45104.000000	47.256998	44749.411965
1181.100700	44697.000000	41.404259	44780.076485
1182.938600	44634.000000	35.209633	44810.768797
1184.774500	44553.000000	30.033995	44842.532761
1186.610200	44935.000000	26.266542	44874.537884
1188.444000	44744.000000	23.369928	44907.681187
1190.277500	45079.000000	23.029345	44939.565074
1192.110700	45157.000000	23.416923	44971.193577
1193.942000	45151.000000	24.158739	45001.840152
1195.771600	45029.000000	25.085607	45032.331789
1197.600700	44945.000000	25.373594	45062.912931
1199.428100	44917.000000	25.133819	45091.942289
1201.255200	45285.000000	24.300943	45119.460131
1203.082000	45380.000000	22.858624	45146.123408
1204.907000	44943.000000	20.845980	45172.165621
1206.730100	45249.000000	18.995674	45200.464935
1208.552900	45154.000000	17.500850	45231.498197
1210.373900	45383.000000	16.657715	45264.032910
1212.194600	45235.000000	16.269906	45296.342219
1214.015000	45234.000000	15.940413	45326.927738
1215.833500	45170.000000	15.720117	45355.263816
1217.650300	45337.000000	15.606736	45382.071527
1219.466700	45615.000000	15.795083	45407.594437
1221.281300	45263.000000	16.187287	45434.373698
1223.095600	45527.000000	16.988118	45460.587700
1224.909500	45606.000000	17.096744	45490.536399
1226.721700	45699.000000	16.824372	45521.955911
1228.532000	45492.000000	16.457630	45554.750604
1230.342000	45717.000000	15.761282	45587.893469
1232.151700	45541.000000	15.521239	45623.008725
1233.959700	45698.000000	15.617381	45661.026216
1235.765900	45961.000000	15.816158	45696.673468
1237.571700	45772.000000	15.861515	45731.502921
1239.377100	45951.000000	16.597069	45766.772239
1241.180800	45943.000000	17.188716	45801.402330
1242.982700	45722.000000	17.756586	45837.109325
1244.784200	45987.000000	18.327616	45874.425002
1246.585300	45949.000000	18.804115	45911.547444
1248.384900	45715.000000	19.351274	45950.201537
1250.182500	45853.000000	19.795243	45987.063342
1251.979700	46259.000000	20.416195	46023.369517
1253.776900	46391.000000	20.701786	46061.972620
1255.572000	46407.000000	20.849957	46102.375232
1257.365500	45917.000000	21.210967	46145.695617
1259.160000	46407.000000	21.960784	46189.618026
1260.951300	46530.000000	22.766617	46232.912588
1262.742300	46160.000000	23.573400	46276.826025
1264.533100	46488.000000	24.917740	46319.900873
1266.322000	46679.000000	26.097749	46362.189873
1268.109000	46266.000000	27.298921	46404.819384
1269.895800	46581.000000	28.124063	46448.049608
1271.682400	46721.000000	29.597402	46493.785969
1273.466900	46818.000000	31.564841	46542.661349
1275.251500	46802.000000	33.209747	46596.872668
1277.033900	46586.000000	35.301528	46653.840037
1278.814700	46673.000000	38.497811	46712.606478
1280.595200	47103.000000	42.114876	46774.276905
1282.375400	46770.000000	49.772033	46838.958330
1284.153800	46642.000000	62.052580	46906.938526
1285.931900	47066.000000	92.744188	46974.600312
1287.708100	47476.000000	146.104047	47041.554812
1289.482500	47495.000000	250.725705	47111.055279
1291.256800	47725.000000	392.938503	47180.083492
1293.030600	47703.000000	486.617336	47247.331673
1294.802900	47976.000000	406.515405	47312.549471
1296.574600	47976.000000	257.206360	47377.793968
1298.344600	47411.000000	144.271411	47441.958715
1300.114400	47172.000000	87.038960	47507.167979
1301.882300	47447.000000	65.860595	47574.202574
1303.648300	47597.000000	54.543751	47642.613663
1305.415800	47751.000000	43.748060	47712.433196
1307.179700	47807.000000	36.402884	47780.666588
1308.943500	48012.000000	31.562612	47846.742233
1310.707000	47978.000000	28.255674	47915.598002
1312.468600	47759.000000	26.178189	47986.455267
1314.230000	48249.000000	24.416904	48059.635721
1315.989500	48267.000000	22.878114	48135.248345
1317.748800	48397.000000	21.815819	48214.311177
1319.506200	48438.000000	21.543386	48296.650458
1321.263400	48548.000000	21.526056	48379.074649
1323.018900	48445.000000	21.472385	48462.038932
1324.774000	48722.000000	21.715524	48542.582425
1326.527300	48490.000000	21.741298	48620.530494
1328.278900	48776.000000	21.850914	48697.162906
1330.031700	48944.000000	22.174140	48771.586362
1331.781100	48737.000000	21.438933	48842.590687
1333.531900	48979.000000	20.828064	48911.292831
1335.279300	49128.000000	20.550928	48978.253458
1337.027800	49218.000000	20.258125	49044.035422
1338.773200	49164.000000	27.620010	49108.259256
1340.518300	49059.000000	36.341015	49169.856153
1342.263100	49507.000000	44.521326	49229.130299
1344.006000	49214.000000	52.178579	49286.396821
1345.748700	49422.000000	54.947857	49339.446763
1347.489500	49593.000000	56.171844	49388.365474
1349.230200	49570.000000	57.589603	49434.868207
1350.969100	49424.000000	60.121714	49479.501623
1352.707500	49664.000000	71.756390	49521.114630
1354.445900	49784.000000	84.005996	49560.305096
1356.180900	49691.000000	94.464402	49596.984171
1357.917000	49570.000000	107.084979	49631.020116
1359.649900	49748.000000	113.941578	49661.237767
1361.384200	49853.000000	120.241595	49689.240335
1363.115000	49849.000000	126.254442	49715.806011
1364.847000	49828.000000	135.049983	49741.258673
1366.577400	49780.000000	151.915439	49763.751765
1368.305900	50009.000000	177.033511	49782.172711
1370.034300	49951.000000	203.418316	49798.139602
1371.760600	50353.000000	232.011243	49809.499506
1373.486900	49988.000000	255.036166	49814.873303
1375.211300	50126.000000	261.707785	49815.320609
1376.935400	50084.000000	260.536616	49813.548893
1378.657800	50103.000000	252.763967	49810.759140
1380.380000	50053.000000	238.882059	49807.115480
1382.100200	49998.000000	221.068267	49802.283089
1383.820300	50006.000000	201.964723	49795.942902
1385.540200	49957.000000	182.495979	49788.258170
1387.256500	49874.000000	164.852306	49779.407468
1388.974200	50148.000000	148.623301	49769.077418
1390.690300	49675.000000	133.759356	49756.866232
1392.404400	49947.000000	119.799008	49743.088163
1394.118400	49807.000000	107.056517	49729.709255
1395.830400	49931.000000	94.814352	49715.630940
1397.542200	49941.000000	83.832368	49701.278639
1399.252300	49980.000000	74.529744	49686.731134
1400.962200	49618.000000	67.214063	49670.930997
1402.671800	49699.000000	62.771909	49655.046389
1404.379500	49773.000000	59.888918	49639.593331
1406.085600	49716.000000	57.772989	49623.844840
1407.791300	49613.000000	64.304455	49606.961891
1409.495200	49677.000000	73.091052	49588.892400
1411.199000	49840.000000	81.333383	49570.753756
1412.902500	49687.000000	90.796307	49552.521012
1414.604000	49909.000000	97.153954	49533.163000
1416.304000	49960.000000	95.196567	49513.291593
1418.003700	49548.000000	90.999615	49493.115125
1419.701500	49619.000000	85.521596	49473.207829
1421.399000	49443.000000	81.317771	49455.311220
1423.096400	49387.000000	82.106840	49439.392036
1424.792000	49386.000000	82.901600	49426.236343
1426.485700	49385.000000	83.401427	49415.749605
1428.179300	49379.000000	83.739950	49409.077220
1429.871100	49502.000000	79.121015	49407.096732
1431.562500	49661.000000	76.338683	49404.333678
1433.253900	49616.000000	75.367122	49401.006458
1434.943400	49487.000000	73.806852	49396.795568
1436.631000	49748.000000	73.629011	49393.205742
1438.318500	49366.000000	72.098271	49389.589656
1440.005600	49300.000000	70.070671	49385.707462
1441.691000	49244.000000	68.489645	49382.685303
1443.374800	49344.000000	66.260310	49380.196234
1445.058200	49483.000000	64.105094	49377.760124
1446.741300	49469.000000	61.620901	49376.052309
1448.422900	49335.000000	63.502830	49374.200060
1450.102400	49581.000000	63.401870	49371.657158
1451.781700	49635.000000	62.066853	49367.915895
1453.460900	49600.000000	60.458705	49362.221281
1455.138200	49157.000000	58.611503	49353.706277
1456.813800	49624.000000	60.374028	49342.686448
1458.489100	49390.000000	62.940948	49331.526562
1460.164300	49283.000000	66.447718	49321.276607
1461.837600	49582.000000	75.822245	49312.659186
1463.509200	49281.000000	90.878508	49306.159684
1465.180500	49366.000000	113.822031	49301.694504
1466.851600	49343.000000	146.196861	49299.553389
1468.520900	49291.000000	181.222790	49295.764857
1470.189900	49803.000000	201.798419	49289.201017
1471.857200	49615.000000	188.777408	49280.282912
1473.522800	49460.000000	158.432762	49270.964333
1475.188100	49431.000000	131.893238	49262.610832
1476.853100	49065.000000	113.393025	49255.463568
1478.516500	49383.000000	103.323208	49249.698488
1480.178000	49458.000000	96.618470	49244.515518
1481.839200	49069.000000	94.934385	49240.853913
1483.500400	49445.000000	100.112369	49238.251923
1485.159700	49305.000000	106.312281	49235.494121
1486.818600	49411.000000	113.222194	49232.661039
1488.476000	49019.000000	117.780593	49234.313269
1490.131500	49481.000000	122.391067	49238.995099
1491.788300	49130.000000	128.992070	49244.851654
1493.441800	49432.000000	137.996314	49250.692890
1495.095100	49242.000000	149.118177	49256.640043
1496.748000	49281.000000	163.188915	49262.228302
1498.399400	49567.000000	178.014591	49269.921349
1500.050400	49416.000000	194.622118	49279.123506
1501.699700	49563.000000	210.265060	49289.836086
1503.347300	49704.000000	226.725528	49301.736083
1504.996100	49627.000000	243.770992	49312.452602
1506.641600	49456.000000	260.320075	49321.909050
1508.287000	49623.000000	276.838604	49330.572426
1509.932000	49569.000000	292.855609	49337.394059
1511.575300	49185.000000	305.010444	49343.909755
1513.218500	49750.000000	313.073629	49350.183853
1514.859700	49582.000000	330.019439	49355.873653
1516.500900	49574.000000	342.262794	49361.734147
1518.140300	49847.000000	355.538847	49367.606458
1519.777800	49693.000000	364.900538	49373.969842
1521.416700	49780.000000	371.845485	49379.179073
1523.052200	49731.000000	375.588498	49384.444326
1524.689200	49667.000000	378.103253	49389.170361
1526.322800	49184.000000	378.087114	49393.461783
1527.956200	49667.000000	377.053704	49396.902362
1529.589400	49485.000000	374.985571	49400.424785
1531.220800	49663.000000	367.332380	49403.000076
1532.851900	49836.000000	352.010542	49406.059875
1534.481400	49862.000000	329.830062	49410.731201
1536.110600	49657.000000	314.019011	49416.441572
1537.738000	49706.000000	292.532713	49422.569924
1539.365200	49722.000000	268.930739	49428.868532
1540.990700	49723.000000	242.549053	49434.303604
1542.616000	49569.000000	215.507869	49438.388005
1544.239500	49528.000000	189.297150	49442.506107
1545.862700	49602.000000	165.964033	49446.688547
1547.484400	49473.000000	145.683932	49449.780735
1549.105600	49345.000000	132.193868	49452.022516
1550.725100	49631.000000	120.276390	49453.757467
1552.344500	49584.000000	111.477860	49454.998719
1553.962000	49274.000000	102.914855	49455.921342
1555.579300	49521.000000	98.709963	49455.627661
1557.195100	49658.000000	95.541908	49455.130897
1558.810400	49871.000000	92.938099	49455.110764
1560.424100	49618.000000	86.939819	49453.536003
1562.037500	49547.000000	77.328462	49451.387009
1563.649200	49697.000000	67.796926	49448.945647
1565.260600	49386.000000	58.367819	49446.216294
1566.870500	49554.000000	57.058906	49441.630753
1568.479900	49405.000000	57.132364	49434.722023
1570.089100	49665.000000	54.754602	49427.777841
1571.695200	49144.000000	51.725638	49421.430651
1573.302500	49563.000000	47.204244	49415.406028
1574.906500	49143.000000	49.252138	49409.558227
1576.511800	49309.000000	50.063861	49404.692573
1578.115500	49951.000000	51.092549	49399.809412
1579.717400	49587.000000	53.186357	49395.022977
1581.319100	49383.000000	55.066228	49391.013856
1582.919100	49888.000000	56.819934	49386.816535
1584.518700	49212.000000	59.190638	49382.808290
1586.116600	49625.000000	61.237058	49379.811954
1587.714500	49331.000000	62.227282	49377.430991
1589.310500	49619.000000	63.898660	49374.320859
1590.906300	49389.000000	65.814824	49371.709679
1592.501800	49500.000000	68.111711	49368.467368
1594.095700	49489.000000	70.772800	49363.373684
1595.687900	49354.000000	73.465573	49358.487459
1597.279700	49390.000000	75.973113	49353.652005
1598.869900	49495.000000	80.852075	49349.651638
1600.459700	49512.000000	86.953004	49346.217625
1602.048100	49446.000000	94.066321	49343.989850
1603.636000	49314.000000	102.014985	49343.059786
1605.223900	49545.000000	109.448059	49344.024864
1606.809800	49357.000000	116.973626	49346.645673
1608.394200	49423.000000	124.607162	49350.576449
1609.978300	49451.000000	132.488739	49355.503378
1611.560700	49081.000000	140.171336	49361.346803
1613.142900	49569.000000	148.766134	49367.420445
1614.724700	49693.000000	159.618538	49374.056502
1616.304900	49411.000000	172.102110	49381.397219
1617.883500	49420.000000	186.560725	49388.933140
1619.461800	49406.000000	200.932393	49396.833209
1621.038300	49603.000000	214.994515	49403.789645
1622.614700	49898.000000	229.920077	49409.507456
1624.190800	49582.000000	251.358039	49413.802818
1625.765300	49648.000000	274.554806	49416.835043
1627.337900	49818.000000	296.452328	49420.482643
1628.910400	49447.000000	316.397183	49425.470409
1630.482700	49658.000000	347.718628	49428.593233
1632.053200	49701.000000	372.055215	49429.352603
1633.622100	49746.000000	384.164121	49429.798596
1635.190600	49533.000000	390.517302	49429.064174
1636.759000	49844.000000	390.473315	49426.810575
1638.325700	49786.000000	394.954799	49424.080347
1639.890700	49836.000000	399.929024	49421.889336
1641.455400	49680.000000	407.881668	49419.978001
1643.019900	49675.000000	414.712738	49419.618231
1644.582800	49713.000000	418.988622	49419.935546
1646.143900	49647.000000	422.194086	49419.510125
1647.704700	49733.000000	422.989400	49418.197969
1649.265500	49995.000000	424.851660	49414.172655
1650.824500	49592.000000	425.202157	49409.081159
1652.381600	49815.000000	423.381722	49403.717866
1653.938700	49672.000000	419.153681	49398.718283
1655.495500	49603.000000	412.255839	49394.891236
1657.050700	49704.000000	404.194158	49392.602624
1658.604100	49669.000000	391.596504	49390.154697
1660.157200	49822.000000	376.818863	49387.930860
1661.710200	49844.000000	359.168885	49384.962098
1663.261500	49399.000000	336.108592	49382.883570
1664.811200	49723.000000	312.087761	49381.204642
1666.361900	49450.000000	290.377345	49379.282802
1667.909700	49600.000000	259.714987	49375.770445
1669.457200	49978.000000	227.098620	49371.173087
1671.004300	49480.000000	192.659643	49362.951764
1672.549900	49396.000000	160.858012	49351.543278
1674.093600	49192.000000	134.060327	49335.842056
1675.637300	49464.000000	122.805999	49315.218720
1677.180800	49481.000000	113.197650	49296.125503
1678.722400	49619.000000	104.850263	49278.228019
1680.263900	49335.000000	91.401648	49261.305241
1681.803700	49270.000000	77.409753	49245.473155
1683.341800	49385.000000	62.335251	49229.674331
1684.881200	49260.000000	46.845797	49213.600647
1686.417500	49303.000000	32.296719	49195.993780
1687.953400	49263.000000	33.132299	49176.575807
1689.489100	49425.000000	34.630464	49156.462802
1691.023200	49245.000000	36.475672	49135.909057
1692.557100	49073.000000	44.153626	49115.604350
1694.089200	49070.000000	50.496809	49094.988455
1695.619800	49102.000000	54.668550	49073.999221
1697.151500	49059.000000	58.277179	49052.987228
1698.680200	49088.000000	63.147757	49030.574669
1700.208500	48917.000000	69.557016	49006.673133
1701.736600	48879.000000	77.277165	48982.449467
1703.263100	49231.000000	86.425720	48957.627934
1704.789300	49001.000000	91.763887	48930.871432
1706.314000	49217.000000	95.519189	48902.819406
1707.838100	49240.000000	101.165967	48872.926949
1709.361000	48704.000000	106.137067	48841.835257
1710.883300	48921.000000	111.506145	48806.668792
1712.404100	48854.000000	119.451219	48769.285057
1713.923100	49043.000000	128.839580	48731.492532
1715.443500	49019.000000	138.800382	48693.896961
1716.960700	48605.000000	147.618340	48655.426911
1718.479100	49134.000000	156.844173	48616.589213
1719.994500	48917.000000	170.329258	48578.836954
1721.509600	48628.000000	189.380103	48541.851505
1723.024400	48630.000000	217.919441	48508.219098
1724.537600	48789.000000	265.705307	48476.872240
1726.050700	48941.000000	316.435562	48446.164391
1727.561900	48812.000000	353.994258	48416.240421
1729.073000	48856.000000	353.463274	48386.092798
1730.582400	48736.000000	310.003352	48356.015203
1732.091700	48894.000000	245.474430	48325.360750
1733.599200	48387.000000	184.897881	48293.385826
1735.106600	48573.000000	137.714150	48261.573718
1736.612100	48219.000000	107.215024	48228.700681
1738.117600	48379.000000	87.202788	48196.380430
1739.621300	48493.000000	72.276993	48165.048015
1741.125000	48133.000000	62.207586	48134.339291
1742.626800	48031.000000	55.792782	48104.404379
1744.128400	47920.000000	51.717463	48075.340444
1745.628500	48241.000000	48.927901	48046.259439
1747.128300	48321.000000	47.186447	48018.125130
1748.626300	48097.000000	44.918627	47990.785642
1750.124300	47989.000000	43.163423	47962.943263
1751.620500	48009.000000	41.850067	47935.291274
1753.116600	47908.000000	40.275545	47908.116790
1754.612400	47899.000000	38.026949	47881.814159
1756.105100	48152.000000	36.551595	47856.335235
1757.599100	47964.000000	35.651273	47830.866378
1759.091300	48076.000000	34.784287	47804.449076
1760.582000	48087.000000	33.200515	47778.091297
1762.072400	48057.000000	31.635892	47751.788666
1763.561000	47774.000000	30.156760	47724.828644
1765.049600	47475.000000	29.021073	47699.559805
1766.536500	47910.000000	28.467800	47675.981275
1768.023200	47685.000000	28.290011	47653.528012
1769.508100	47450.000000	28.190346	47631.206052
1770.992900	47603.000000	28.293531	47608.180745
1772.477500	47584.000000	28.019328	47585.368149
1773.959000	47674.000000	28.505741	47565.595658
1775.441700	47517.000000	29.210464	47546.842077
1776.922700	47302.000000	33.804068	47528.174720
1778.402100	47790.000000	39.593891	47509.363366
1779.881300	47655.000000	48.117679	47489.836411
1781.358900	47424.000000	59.500397	47468.642563
1782.836200	47448.000000	76.800015	47446.483419
1784.311900	47508.000000	99.500483	47423.883972
1785.787400	47518.000000	127.031537	47402.079784
1787.262600	47420.000000	156.837156	47380.486119
1788.736200	47472.000000	182.805840	47359.643507
1790.208300	47469.000000	189.458940	47339.307287
1791.679800	47729.000000	183.425577	47318.712400
1793.150000	47280.000000	166.665150	47296.982179
1794.619900	47479.000000	147.385551	47275.879149
1796.089600	47432.000000	127.598233	47255.844927
1797.557600	47174.000000	111.246630	47236.466782
1799.023900	47223.000000	98.773823	47217.541195
1800.490100	47354.000000	88.348968	47199.727744
1801.954600	47205.000000	79.589781	47182.259184
1803.418900	47365.000000	70.085572	47163.940217
1804.883100	46881.000000	59.806217	47145.586236
1806.345500	47366.000000	50.899680	47127.728580
1807.806400	47170.000000	46.638201	47111.078038
1809.266800	47053.000000	44.390751	47096.133122
1810.727400	46854.000000	43.291426	47081.133497
1812.186000	47130.000000	60.191585	47065.655928
1813.643300	47195.000000	80.977326	47049.904812
1815.100100	47240.000000	110.072022	47034.313447
1816.556800	46879.000000	139.367324	47016.861081
1818.010400	46865.000000	171.718445	46998.983292
1819.465300	47051.000000	200.638343	46980.714439
1820.918500	47426.000000	228.243679	46962.244255
1822.370100	46781.000000	244.856567	46944.274773
1823.821400	47363.000000	232.438743	46931.259356
1825.272600	46941.000000	196.888546	46922.729033
1826.722200	46919.000000	151.982184	46914.086665
1828.169900	46819.000000	109.861205	46904.542026
1829.617600	46881.000000	70.379233	46894.424468
1831.065200	47049.000000	52.384407	46885.033453
1832.511000	46897.000000	36.725927	46875.990829
1833.956500	46814.000000	25.865329	46867.321325
1835.400500	46864.000000	18.092209	46857.611244
1836.842900	47216.000000	14.867527	46847.097369
1838.285200	46873.000000	13.126361	46837.418801
1839.727100	46417.000000	12.410023	46828.972731
1841.167400	47073.000000	12.054046	46822.959050
1842.606100	46702.000000	11.932440	46817.889001
1844.044400	46730.000000	11.631902	46812.932310
1845.482800	46595.000000	10.957629	46807.416925
1846.919400	46664.000000	10.387534	46801.692111
1848.356000	46479.000000	9.735459	46796.070151
1849.790800	46883.000000	9.105692	46790.571178
1851.224000	46980.000000	8.535352	46786.087178
1852.656900	46522.000000	8.146366	46783.236151
1854.089700	46834.000000	8.048420	46782.163842
1855.520800	46956.000000	8.055308	46782.444831
1856.951800	46450.000000	8.133095	46784.243683
1858.381100	46858.000000	8.111458	46787.762605
1859.808700	46862.000000	7.860137	46792.255359
1861.236300	47058.000000	7.680566	46799.713373
1862.663500	46837.000000	7.512663	46810.471472
1864.089100	46489.000000	7.584387	46825.766967
1865.514600	46810.000000	7.658389	46844.408501
1866.938500	46923.000000	7.566487	46864.214913
1868.360700	47006.000000	7.319509	46884.568202
1869.784200	46980.000000	7.286644	46908.237770
1871.204500	46874.000000	7.329566	46933.087532
1872.624600	46744.000000	7.389555	46957.967276
1874.044700	47209.000000	7.623404	46982.391398
1875.463000	47118.000000	7.800140	47005.090417
1876.881200	47058.000000	7.802599	47028.226237
1878.297700	47189.000000	7.610594	47049.815963
1879.714100	46976.000000	7.196573	47069.040922
1881.128800	47183.000000	6.929028	47083.219684
1882.541900	47329.000000	6.865427	47092.197969
1883.956200	47391.000000	6.942128	47098.996404
1885.367400	47315.000000	6.655786	47104.260345
1886.778600	46999.000000	6.522203	47106.116532
1888.189500	47747.000000	6.170785	47107.791084
