Raman_Shift Original_Spectrum Predicted_Raman Predicted_Baseline
294.894650	56252.000000	29.491532	55953.784505
297.232540	56044.000000	35.508717	55935.834953
299.568300	55799.000000	41.997833	55917.772776
301.905240	56183.000000	48.775325	55890.510572
304.238400	56115.000000	53.966255	55870.060280
306.571040	55956.000000	55.820400	55855.169231
308.903260	56349.000000	57.196228	55844.832226
311.233340	56495.000000	60.079227	55841.865662
313.562930	56090.000000	63.959639	55842.296243
315.890440	56070.000000	69.265798	55843.675327
318.215790	55767.000000	76.050098	55845.534027
320.540680	55859.000000	83.626253	55846.815043
322.865110	55852.000000	92.248901	55848.833870
325.187410	55424.000000	102.300710	55849.210054
327.509250	55832.000000	105.479668	55851.300899
329.828920	56120.000000	106.087722	55857.355847
332.148160	55890.000000	107.361723	55867.787855
334.465270	56166.000000	108.316452	55883.668014
336.781950	56493.000000	146.729560	55915.855082
339.096470	56099.000000	186.307325	55965.004125
341.408870	56168.000000	222.701068	56026.367260
343.722530	56292.000000	269.056650	56098.123329
346.032350	56671.000000	322.369570	56184.459387
348.341740	56619.000000	389.860054	56286.715445
350.650670	57191.000000	467.603865	56391.744995
352.957460	57142.000000	553.018235	56499.723487
355.263760	57392.000000	630.667688	56619.274032
357.568020	57267.000000	677.355926	56749.900924
359.871800	57636.000000	668.223322	56882.122957
362.173430	57510.000000	625.257798	57015.083567
364.474640	58033.000000	578.788585	57144.792601
366.773710	57800.000000	548.236929	57269.185265
369.072360	57669.000000	536.929920	57392.320663
371.368870	57791.000000	537.790363	57515.849100
373.664920	57996.000000	553.178553	57638.589161
375.958890	58299.000000	575.021338	57760.288779
378.252380	58495.000000	597.551510	57877.014498
380.543790	58617.000000	623.666056	57989.802165
382.834750	58789.000000	647.438937	58098.245715
385.123570	58770.000000	657.109672	58204.491924
387.411960	58711.000000	663.888016	58308.813544
389.698210	58892.000000	671.866978	58410.920967
391.984070	59172.000000	682.254741	58508.164818
394.267790	58919.000000	698.855951	58598.896325
396.551060	59131.000000	708.710803	58685.151171
398.832210	59100.000000	708.983029	58767.602807
401.112950	59340.000000	710.785655	58844.704362
403.391570	59374.000000	715.088016	58916.482650
405.669770	59485.000000	694.814563	58985.421556
407.945860	59776.000000	640.238200	59052.475714
410.221470	59496.000000	559.097268	59115.104542
412.495030	59598.000000	464.327006	59173.196948
414.768100	59585.000000	379.339027	59224.779308
417.039090	59495.000000	301.688425	59271.509589
419.309630	59414.000000	232.061796	59308.341874
421.579740	59455.000000	218.005979	59334.385120
423.846100	59441.000000	206.583519	59358.293850
426.113680	59174.000000	197.004304	59380.982856
428.377470	59537.000000	207.351018	59400.758929
430.642520	59225.000000	229.850568	59417.902483
432.905460	59628.000000	261.153322	59430.565544
435.166320	59894.000000	302.238670	59440.340189
437.426700	59573.000000	359.338997	59448.813898
439.685060	59815.000000	412.821262	59455.326242
441.942900	59645.000000	464.823381	59461.619464
444.198730	59822.000000	501.092156	59469.141605
446.454070	59955.000000	507.408699	59472.938684
448.708980	59735.000000	472.010040	59474.023564
450.961820	59794.000000	424.509147	59471.455402
453.212550	59569.000000	377.132324	59464.944590
455.462890	59668.000000	329.612182	59457.525115
457.711120	59808.000000	293.683868	59448.329686
459.958920	59636.000000	262.650514	59437.805738
462.204590	59771.000000	243.952953	59425.724957
464.449890	59669.000000	227.579148	59408.481803
466.694760	59773.000000	220.347214	59385.543029
468.937500	59526.000000	218.918760	59358.204976
471.178160	59698.000000	225.074889	59328.073510
473.418460	59417.000000	234.250111	59293.486068
475.656620	59567.000000	247.305014	59252.443745
477.894380	59676.000000	265.163944	59206.332519
480.131680	59566.000000	290.508646	59157.060892
482.366910	59530.000000	323.136805	59105.562809
484.600040	59398.000000	363.025486	59050.334302
486.832790	59577.000000	415.957674	58993.715984
489.063450	59651.000000	478.326343	58936.654061
491.293670	59599.000000	549.947377	58878.788438
493.523500	59273.000000	621.278133	58819.609619
495.751190	59377.000000	677.931167	58757.107208
497.976840	59450.000000	695.752723	58692.439633
500.202090	59469.000000	654.111551	58626.718591
502.426910	59095.000000	570.057399	58563.573372
504.649660	58979.000000	470.968544	58501.408836
506.870270	58723.000000	380.194155	58441.570356
509.090550	58442.000000	305.776860	58377.831364
511.310360	58493.000000	249.642347	58311.135769
513.528140	58600.000000	207.573994	58239.997989
515.743770	58282.000000	180.108770	58164.798805
517.959110	58231.000000	160.875520	58088.418971
520.173890	58131.000000	146.507326	58010.811752
522.386660	58009.000000	135.559789	57935.453974
524.597410	57758.000000	128.122968	57863.375352
526.807740	57700.000000	122.892370	57792.167085
529.017580	57655.000000	118.307106	57721.190198
531.225400	57601.000000	114.142174	57651.570944
533.431210	57467.000000	111.077638	57585.819255
535.636470	57623.000000	119.735021	57524.747260
537.841430	57272.000000	123.852067	57468.969418
540.044310	57466.000000	131.607467	57414.891681
542.245120	57837.000000	140.987636	57362.076572
544.445500	57620.000000	158.056968	57308.468489
546.645450	57297.000000	179.688904	57255.805080
548.843380	57084.000000	202.129555	57204.323086
551.040830	57454.000000	221.781175	57156.444334
553.236330	57269.000000	238.003136	57112.138943
555.429690	57433.000000	239.263873	57072.540827
557.622680	57148.000000	232.529487	57036.613375
559.815250	57187.000000	221.561431	57004.383402
562.005800	57094.000000	202.873901	56976.236286
564.195920	56825.000000	176.913687	56950.301834
566.383910	57031.000000	152.507003	56923.909986
568.569950	57162.000000	128.802753	56896.128327
570.755550	56956.000000	111.005140	56869.090608
572.940730	57156.000000	105.417286	56844.123047
575.123900	56859.000000	101.115092	56820.068747
577.306640	56766.000000	95.909581	56797.490068
579.487300	56667.000000	88.657799	56774.373546
581.665950	56856.000000	90.574822	56749.917779
583.844120	56915.000000	93.006201	56724.177931
586.021970	56636.000000	95.270629	56696.332681
588.197750	56621.000000	98.443625	56667.381099
590.373170	56644.000000	101.208229	56637.442705
592.546450	56916.000000	104.296025	56607.864405
594.719420	56586.000000	107.932750	56578.000328
596.890260	56870.000000	116.445581	56548.166898
599.059140	56530.000000	127.062270	56518.390929
601.229190	56479.000000	139.373221	56485.908124
603.395570	56395.000000	154.094458	56451.437905
605.561580	56483.000000	175.688673	56412.831964
607.727170	56748.000000	203.561337	56371.343737
609.890750	56619.000000	235.319141	56328.857205
612.053960	56449.000000	270.226429	56284.915740
614.215030	56552.000000	305.753492	56242.273678
616.375790	56518.000000	341.875763	56200.488947
618.534480	56412.000000	380.543883	56160.963617
620.692750	56439.000000	419.082018	56122.587524
622.849000	56781.000000	460.627995	56085.518496
625.004820	56220.000000	497.590144	56050.062997
627.158750	56596.000000	528.176851	56014.944608
629.310490	56382.000000	545.173350	55980.271357
631.463560	56717.000000	546.314926	55948.755444
633.612920	56283.000000	518.512006	55920.726316
635.763490	56500.000000	476.005171	55892.380764
637.910460	56149.000000	425.823731	55866.548211
640.058650	56043.000000	374.083398	55841.413629
642.203190	56092.000000	326.811108	55817.579982
644.348880	56141.000000	284.330490	55793.848235
646.491030	56014.000000	248.427699	55770.917123
648.634400	55742.000000	215.856403	55749.402637
650.774050	55608.000000	186.300238	55728.075860
652.914980	56027.000000	162.572872	55707.739726
655.052250	56155.000000	141.810921	55689.618554
657.190730	55975.000000	127.719119	55672.855015
659.325620	55529.000000	121.321447	55657.124257
661.461730	55771.000000	116.527320	55643.606163
663.594180	55653.000000	112.972179	55632.403399
665.727910	55572.000000	109.786386	55624.440718
667.857910	55665.000000	107.725816	55619.220117
669.989200	55571.000000	108.233575	55613.136822
672.118470	55722.000000	110.804060	55607.373780
674.245670	55463.000000	120.652998	55599.301539
676.372560	55609.000000	132.040873	55587.110431
678.497380	55949.000000	135.370273	55573.627581
680.621830	55823.000000	129.034085	55559.622210
682.744320	55590.000000	118.293099	55545.775435
684.866390	55578.000000	110.025523	55530.549575
686.986450	55441.000000	105.132035	55515.814056
689.106080	55463.000000	101.884603	55501.206486
691.223750	55258.000000	99.116342	55487.126032
693.341000	55621.000000	99.540009	55473.547412
695.457820	55387.000000	101.268923	55460.928788
697.571110	55461.000000	105.130515	55449.107735
699.685610	55307.000000	111.888137	55438.713268
701.798100	55586.000000	120.477644	55429.638891
703.908570	55605.000000	131.104209	55422.402528
706.018620	55801.000000	145.569357	55416.840986
708.126770	55506.000000	163.448938	55410.972981
710.234380	55390.000000	186.427276	55403.838517
712.340150	55541.000000	217.847408	55397.540697
714.445430	55663.000000	264.593204	55391.518695
716.550350	55626.000000	337.410211	55382.641221
718.653260	55722.000000	454.363599	55369.523062
720.754270	55952.000000	644.064441	55357.365665
722.854800	56202.000000	935.435949	55343.312793
724.953370	56623.000000	1341.020607	55330.009990
727.051570	57141.000000	1826.811868	55316.760818
729.149350	57669.000000	2264.600355	55303.945291
731.243530	57655.000000	2425.205290	55293.317912
733.338990	57477.000000	2149.675490	55286.373455
735.432370	56983.000000	1632.466671	55282.880540
737.523800	56350.000000	1132.107201	55276.990317
739.614870	56011.000000	762.133475	55271.402726
741.705570	55640.000000	515.811921	55263.764129
743.792600	55437.000000	364.473405	55255.387723
745.880920	55359.000000	270.968142	55245.393956
747.967220	55588.000000	215.680282	55236.793832
750.051570	55266.000000	179.432109	55228.499404
752.135500	55369.000000	155.760529	55218.006869
754.219120	55343.000000	138.825334	55210.143788
756.300720	55514.000000	124.957657	55205.329251
758.380310	55249.000000	114.098910	55199.005382
760.459530	55143.000000	103.915891	55192.120685
762.538390	54978.000000	96.026803	55185.826696
764.615300	55238.000000	89.121917	55178.548960
766.690190	55593.000000	82.628853	55172.306304
768.764710	55223.000000	76.502102	55164.781099
770.838810	55422.000000	70.219707	55156.528044
772.909360	55342.000000	63.194881	55147.823722
774.981140	55195.000000	57.469029	55138.391549
777.050960	55339.000000	53.963885	55129.857314
779.120420	55331.000000	51.026381	55121.331507
781.187870	55315.000000	48.319302	55113.611698
783.253420	54973.000000	46.199142	55105.170934
785.318480	55070.000000	44.621590	55095.672106
787.383240	55313.000000	42.649092	55085.889799
789.445980	54990.000000	41.020808	55074.485536
791.506770	54986.000000	39.921216	55061.000387
793.567260	55379.000000	39.172227	55045.609037
795.627260	55338.000000	38.891643	55029.184906
797.685360	55170.000000	39.274785	55009.707634
799.741520	55075.000000	39.261362	54985.572122
801.797240	55050.000000	38.767768	54957.082533
803.852600	55153.000000	38.007487	54926.911227
805.906010	54402.000000	36.142371	54894.908036
807.959050	55125.000000	34.804827	54862.502613
810.010130	54709.000000	34.107817	54828.241555
812.059200	54792.000000	33.688591	54791.437618
814.107970	54888.000000	33.699799	54752.047132
816.156370	54625.000000	33.427080	54709.341479
818.202760	54726.000000	33.721213	54664.102908
820.247190	54498.000000	33.589191	54617.544246
822.292850	54485.000000	33.862440	54568.342338
824.335020	54677.000000	34.409097	54517.470206
826.376770	54492.000000	35.379493	54464.724052
828.418090	54359.000000	35.925674	54410.466267
830.457520	54276.000000	36.417682	54355.155015
832.496640	54638.000000	36.656499	54298.157449
834.533690	54287.000000	35.957610	54239.395421
836.568910	54030.000000	35.756688	54177.234716
838.603700	54078.000000	36.134524	54112.394755
840.638060	54132.000000	40.179692	54044.765213
842.670530	53979.000000	46.656224	53974.980469
844.702640	53658.000000	53.924338	53905.909783
846.732790	53841.000000	59.998571	53836.712682
848.762570	54028.000000	67.483421	53766.664379
850.790470	53591.000000	75.673657	53696.039925
852.816350	53763.000000	83.359055	53626.295020
854.843440	53554.000000	90.963378	53555.915737
856.867070	53936.000000	94.816579	53485.454091
858.890200	53588.000000	98.992829	53414.641928
860.913150	53666.000000	103.925025	53342.647584
862.934020	53185.000000	110.353211	53270.182052
864.954530	53231.000000	123.121787	53194.969077
866.973140	53294.000000	139.880861	53118.357863
868.991390	53150.000000	159.251505	53041.417202
871.007690	53496.000000	182.729953	52965.146163
873.023620	53122.000000	203.818598	52890.210537
875.037660	52655.000000	227.583673	52814.399959
877.051270	52925.000000	256.519765	52737.340543
879.062990	52909.000000	288.649371	52658.083403
881.074340	52843.000000	322.029084	52580.858880
883.083740	52862.000000	347.383866	52504.456061
885.092770	52792.000000	373.038670	52427.057237
887.099850	52682.000000	396.343523	52348.954314
889.104980	52768.000000	419.239464	52264.844711
891.111450	52323.000000	437.889763	52173.771497
893.114260	52209.000000	449.070644	52077.892174
895.118410	52295.000000	449.324434	51978.681211
897.119020	52403.000000	439.029088	51878.869581
899.120790	52211.000000	418.348135	51777.328349
901.119080	51981.000000	389.240304	51673.372187
903.118650	51803.000000	353.915411	51566.405790
905.114620	51782.000000	316.150832	51455.087997
907.111880	51435.000000	278.715581	51339.914897
909.107180	51362.000000	243.240234	51227.732495
911.100520	51289.000000	207.293628	51116.098662
913.093630	51075.000000	179.206428	51005.279639
915.084660	50959.000000	163.030328	50895.306454
917.075380	51083.000000	148.183082	50784.367910
919.064210	51006.000000	131.950658	50673.118305
921.052730	50483.000000	120.830819	50564.618059
923.039310	50730.000000	112.900400	50458.788640
925.025450	50476.000000	107.263008	50355.584462
927.009770	50103.000000	103.397741	50252.610898
928.993650	50133.000000	100.437797	50152.285942
930.975590	50416.000000	97.444267	50056.424623
932.957280	50077.000000	94.156707	49962.155763
934.937010	49969.000000	90.732752	49869.893472
936.916380	49902.000000	87.428420	49778.733683
938.895390	50013.000000	87.603888	49689.911441
940.870970	49541.000000	89.200310	49605.342527
942.847660	49568.000000	92.491756	49524.825439
944.822510	49459.000000	98.735148	49449.595609
946.795470	49176.000000	109.311643	49383.718654
948.768010	49183.000000	122.567627	49316.394809
950.738710	49181.000000	139.638288	49250.349682
952.708980	49172.000000	161.484999	49187.977516
954.677310	49348.000000	192.261175	49129.509693
956.645390	49274.000000	231.897120	49074.057468
958.613160	49359.000000	278.725637	49021.430834
960.578920	49254.000000	321.693507	48969.776455
962.542720	49233.000000	352.006864	48919.086285
964.506290	49179.000000	355.935866	48869.363007
966.467960	49106.000000	337.413204	48821.188518
968.429260	49065.000000	306.459004	48770.975282
970.390140	48950.000000	277.946550	48719.258844
972.347660	48974.000000	262.790697	48667.396357
974.306270	48927.000000	267.355850	48615.789288
976.263060	48819.000000	293.478011	48569.244034
978.218020	48626.000000	350.731665	48527.140390
980.172490	48836.000000	454.487429	48488.405351
982.125120	48967.000000	635.958106	48454.989749
984.077390	49704.000000	912.449098	48417.945047
986.029360	49546.000000	1223.232131	48380.668773
987.979370	49727.000000	1356.594782	48341.649299
989.927490	49464.000000	1192.374826	48310.170544
991.875310	49095.000000	875.723980	48275.036449
993.822750	48819.000000	597.859936	48236.486054
995.768370	48530.000000	406.842355	48199.604161
997.711980	48646.000000	294.096181	48167.234173
999.655270	48173.000000	224.025372	48138.199462
1001.596700	48398.000000	176.831146	48114.693157
1003.537700	48261.000000	145.249091	48090.479496
1005.478600	47801.000000	124.312073	48064.105461
1007.417400	48199.000000	108.885528	48039.851002
1009.354300	48320.000000	96.273320	48017.127136
1011.291000	48059.000000	87.263008	47996.147237
1013.227200	47894.000000	80.166462	47976.009155
1015.161600	48056.000000	74.649316	47956.670749
1017.094100	47711.000000	69.245010	47937.333685
1019.026200	48049.000000	64.293007	47920.268471
1020.958000	47935.000000	60.044966	47904.122551
1022.888000	47788.000000	56.771495	47889.755363
1024.816000	47897.000000	54.884454	47876.103287
1026.743800	47680.000000	53.549968	47862.994801
1028.671100	47861.000000	52.853387	47849.706650
1030.596600	47959.000000	52.731514	47837.982995
1032.521700	47998.000000	52.992780	47827.605479
1034.444900	47992.000000	53.051169	47818.166794
1036.366300	48018.000000	53.061411	47808.590393
1038.287400	48225.000000	52.251013	47798.075256
1040.208100	48008.000000	50.952333	47786.869906
1042.127000	47667.000000	49.207875	47775.049236
1044.043800	47840.000000	47.423508	47764.120086
1045.960400	47739.000000	45.692478	47753.877510
1047.876700	47737.000000	43.989500	47743.304049
1049.791000	47654.000000	43.392959	47732.048804
1051.705100	47684.000000	43.278236	47720.434900
1053.617300	47888.000000	43.538066	47706.679394
1055.527600	47693.000000	43.829652	47691.036361
1057.437500	47610.000000	44.973343	47675.405107
1059.347300	48048.000000	46.521470	47658.586788
1061.255000	47928.000000	50.305319	47639.258342
1063.162500	47402.000000	55.268814	47620.295642
1065.068000	47627.000000	62.130646	47603.497338
1066.971700	47632.000000	71.546998	47588.437256
1068.875000	47525.000000	84.473348	47576.641581
1070.778100	47899.000000	103.657217	47567.130399
1072.679200	47882.000000	141.998486	47558.218831
1074.580000	47797.000000	198.695275	47549.778067
1076.479000	47768.000000	280.326572	47543.782593
1078.377600	47829.000000	358.459327	47539.712282
1080.274400	48047.000000	376.968630	47534.569158
1082.169200	48016.000000	321.286366	47528.091387
1084.065300	47695.000000	235.105311	47520.471275
1085.958000	47395.000000	161.123049	47513.454033
1087.850300	47354.000000	113.360550	47507.124896
1089.742400	47765.000000	87.544960	47501.353810
1091.632600	47402.000000	71.114262	47495.374521
1093.522500	47566.000000	62.290599	47488.974611
1095.410400	47303.000000	55.650510	47483.620794
1097.298100	47479.000000	50.915031	47478.103306
1099.183800	47333.000000	47.794211	47471.339279
1101.069300	47525.000000	45.707637	47462.520033
1102.952900	47149.000000	44.198201	47456.136979
1104.834600	47363.000000	43.278556	47450.009725
1106.717700	47585.000000	43.412227	47443.955161
1108.597200	47517.000000	43.076066	47439.948249
1110.477900	47160.000000	42.165805	47436.677712
1112.355300	47267.000000	41.197725	47433.441364
1114.232300	47112.000000	41.254367	47433.880948
1116.109100	47392.000000	42.155847	47435.262235
1117.984000	47535.000000	42.712078	47438.581232
1119.858500	47101.000000	43.626572	47445.043775
1121.731300	47287.000000	43.626383	47449.074821
1123.603600	47431.000000	43.114724	47451.985742
1125.474100	47580.000000	42.893263	47452.521862
1127.344400	47748.000000	42.877862	47451.303287
1129.212600	47291.000000	43.235939	47454.463881
1131.080700	47412.000000	43.693581	47462.531717
1132.946900	47197.000000	45.430581	47470.881979
1134.812700	47557.000000	47.736699	47477.988095
1136.676800	47151.000000	49.982350	47486.110041
1138.540400	47395.000000	53.354508	47493.905892
1140.402300	47898.000000	57.639630	47499.270626
1142.263800	47436.000000	62.378576	47506.954043
1144.123400	47634.000000	69.072996	47518.986364
1145.982800	47592.000000	78.281217	47534.542822
1147.841800	47414.000000	91.669327	47553.014702
1149.697500	47991.000000	108.405614	47571.736254
1151.554400	47584.000000	128.982944	47591.901440
1153.407800	47507.000000	152.414489	47615.196573
1155.262600	47511.000000	189.441749	47641.727766
1157.115500	47974.000000	234.033432	47669.777963
1158.966400	47729.000000	293.268826	47698.444631
1160.817100	47974.000000	356.672000	47725.275679
1162.666000	48096.000000	386.269598	47749.482732
1164.514500	48019.000000	358.892087	47772.173557
1166.361300	47935.000000	296.911908	47796.123276
1168.207600	48071.000000	230.443861	47819.870634
1170.052200	47941.000000	179.860822	47845.230563
1171.896500	47690.000000	148.920186	47871.395054
1173.740400	47925.000000	125.292612	47898.728415
1175.580900	47796.000000	106.780544	47925.763165
1177.422900	48112.000000	93.619582	47951.849604
1179.262700	48175.000000	84.029234	47977.951461
1181.100700	47741.000000	76.191892	48003.241095
1182.938600	47769.000000	70.222538	48029.157925
1184.774500	47892.000000	65.347965	48054.621765
1186.610200	48244.000000	61.993258	48079.897512
1188.444000	47891.000000	61.319296	48105.522819
1190.277500	48247.000000	63.595348	48131.189690
1192.110700	48232.000000	71.798921	48157.879765
1193.942000	48163.000000	85.340687	48187.586397
1195.771600	48215.000000	113.558075	48218.463909
1197.600700	48250.000000	151.564209	48248.394258
1199.428100	48165.000000	200.842433	48274.747033
1201.255200	48571.000000	250.089113	48299.796763
1203.082000	48648.000000	267.675985	48327.075248
1204.907000	48234.000000	242.598936	48358.514354
1206.730100	48399.000000	202.451030	48390.717512
1208.552900	48318.000000	163.596112	48422.206993
1210.373900	48500.000000	135.454825	48451.586666
1212.194600	48365.000000	115.530309	48480.445160
1214.015000	48619.000000	97.048062	48510.081496
1215.833500	48488.000000	83.817840	48541.862309
1217.650300	48622.000000	70.993281	48574.233638
1219.466700	48557.000000	71.372206	48606.411704
1221.281300	48402.000000	72.216405	48639.520269
1223.095600	48655.000000	74.103063	48673.302287
1224.909500	48822.000000	75.569562	48706.610244
1226.721700	48894.000000	76.222047	48737.685713
1228.532000	48644.000000	78.316681	48768.144711
1230.342000	48749.000000	81.746705	48797.849044
1232.151700	48894.000000	86.898843	48828.241387
1233.959700	48875.000000	94.324023	48858.657097
1235.765900	49178.000000	103.786303	48888.615794
1237.571700	49073.000000	114.660277	48918.408618
1239.377100	49252.000000	131.143678	48949.202811
1241.180800	49206.000000	149.909021	48980.758948
1242.982700	49179.000000	177.609239	49014.479482
1244.784200	49270.000000	213.143054	49046.710604
1246.585300	49254.000000	262.867912	49079.647741
1248.384900	49242.000000	330.295356	49113.909948
1250.182500	49460.000000	418.025391	49147.142439
1251.979700	49839.000000	526.936776	49182.070437
1253.776900	50133.000000	659.852997	49217.596423
1255.572000	50343.000000	803.219997	49256.858195
1257.365500	49923.000000	925.382996	49302.624649
1259.160000	50485.000000	975.857780	49349.426183
1260.951300	50575.000000	927.970983	49397.964214
1262.742300	50086.000000	808.999271	49450.906122
1264.533100	50165.000000	668.018183	49502.494995
1266.322000	50270.000000	541.781281	49552.247387
1268.109000	49777.000000	438.825817	49603.202264
1269.895800	50058.000000	358.997338	49653.063067
1271.682400	50050.000000	298.206260	49704.422859
1273.466900	50186.000000	254.401817	49757.401542
1275.251500	50069.000000	221.956218	49813.573956
1277.033900	49833.000000	200.751033	49872.683820
1278.814700	50259.000000	187.183905	49934.203634
1280.595200	50427.000000	179.300330	49997.767175
1282.375400	50311.000000	172.496594	50064.430592
1284.153800	50046.000000	167.684128	50133.227376
1285.931900	50362.000000	166.089849	50201.932604
1287.708100	50669.000000	166.971613	50270.324473
1289.482500	50443.000000	169.809367	50336.286855
1291.256800	50689.000000	174.399576	50401.912127
1293.030600	50355.000000	181.729925	50469.315270
1294.802900	50892.000000	191.199029	50539.386174
1296.574600	51044.000000	197.143589	50607.661588
1298.344600	50732.000000	202.425507	50672.663207
1300.114400	50665.000000	209.877017	50738.789930
1301.882300	50887.000000	219.527449	50805.432661
1303.648300	50964.000000	234.663286	50871.621442
1305.415800	51326.000000	254.110437	50938.493254
1307.179700	51308.000000	277.355363	51006.208606
1308.943500	51577.000000	304.418581	51075.992584
1310.707000	51492.000000	338.731331	51147.622621
1312.468600	51349.000000	379.661221	51218.783768
1314.230000	51931.000000	427.749996	51287.912299
1315.989500	51947.000000	485.236227	51356.413346
1317.748800	52095.000000	547.879277	51421.503840
1319.506200	52342.000000	620.958454	51484.799225
1321.263400	52475.000000	701.495892	51549.502426
1323.018900	52173.000000	787.235496	51613.769300
1324.774000	52585.000000	883.898121	51683.055659
1326.527300	52684.000000	991.778354	51756.853923
1328.278900	53018.000000	1118.727304	51832.743033
1330.031700	53129.000000	1259.513740	51909.266138
1331.781100	53357.000000	1412.121037	51990.514906
1333.531900	53881.000000	1538.479950	52077.675351
1335.279300	53738.000000	1587.722655	52164.600202
1337.027800	53984.000000	1525.296188	52250.180445
1338.773200	53755.000000	1377.441370	52339.858102
1340.518300	53640.000000	1199.253777	52430.889177
1342.263100	53733.000000	1026.740542	52522.876034
1344.006000	53348.000000	879.059066	52615.049068
1345.748700	53575.000000	765.009729	52699.279341
1347.489500	53483.000000	671.864488	52776.223067
1349.230200	53384.000000	600.652582	52848.411249
1350.969100	53310.000000	547.868886	52917.566212
1352.707500	53613.000000	499.544038	52982.648279
1354.445900	53467.000000	462.204844	53043.825237
1356.180900	53523.000000	438.024799	53097.389648
1357.917000	53323.000000	428.645108	53142.062029
1359.649900	53536.000000	436.321438	53179.924796
1361.384200	53409.000000	463.011226	53209.763590
1363.115000	53883.000000	498.843243	53238.916672
1364.847000	53719.000000	543.982214	53267.636108
1366.577400	53900.000000	592.638569	53289.755093
1368.305900	53881.000000	644.469739	53306.730858
1370.034300	53945.000000	695.811861	53321.461780
1371.760600	54440.000000	731.947564	53330.801247
1373.486900	54249.000000	754.168639	53336.262422
1375.211300	54011.000000	771.853963	53338.993010
1376.935400	54111.000000	762.296380	53341.616335
1378.657800	54161.000000	732.111426	53344.411280
1380.380000	53960.000000	720.305984	53343.651251
1382.100200	54033.000000	703.414592	53337.220120
1383.820300	53799.000000	685.831742	53329.368532
1385.540200	53884.000000	669.100525	53319.950150
1387.256500	53855.000000	648.461231	53307.254910
1388.974200	53890.000000	626.356277	53290.728114
1390.690300	53726.000000	596.772949	53272.657509
1392.404400	53877.000000	567.344338	53253.327340
1394.118400	53770.000000	547.918447	53233.283878
1395.830400	53711.000000	521.635249	53212.222957
1397.542200	53641.000000	483.787039	53189.366929
1399.252300	53774.000000	440.611109	53164.495905
1400.962200	53451.000000	397.123927	53138.762186
1402.671800	53450.000000	369.479626	53110.280259
1404.379500	53382.000000	341.548231	53080.511952
1406.085600	53420.000000	318.398453	53048.289640
1407.791300	53099.000000	314.025461	53014.509729
1409.495200	53356.000000	327.012368	52978.685709
1411.199000	53425.000000	336.972974	52944.855998
1412.902500	53330.000000	356.130566	52912.470495
1414.604000	53570.000000	371.397631	52883.104421
1416.304000	53264.000000	346.331787	52855.808506
1418.003700	53142.000000	323.376804	52829.568357
1419.701500	53178.000000	307.245082	52803.800928
1421.399000	53080.000000	287.340701	52780.331973
1423.096400	53066.000000	273.345435	52759.258411
1424.792000	52910.000000	262.424139	52740.205974
1426.485700	52745.000000	256.368976	52722.035003
1428.179300	52809.000000	252.669054	52705.175693
1429.871100	53007.000000	240.658233	52687.755940
1431.562500	53047.000000	233.825707	52671.022664
1433.253900	53276.000000	230.339760	52654.650631
1434.943400	53010.000000	228.883532	52638.107745
1436.631000	53123.000000	230.496918	52621.647605
1438.318500	52839.000000	233.661342	52608.649732
1440.005600	52551.000000	239.414112	52596.529877
1441.691000	52563.000000	248.406055	52587.797973
1443.374800	52726.000000	274.297841	52581.451503
1445.058200	52859.000000	311.729094	52574.919622
1446.741300	52872.000000	360.343765	52568.314956
1448.422900	52854.000000	417.579487	52560.149243
1450.102400	53077.000000	478.612264	52549.070980
1451.781700	53152.000000	529.115443	52538.174296
1453.460900	53060.000000	554.237432	52526.275478
1455.138200	52491.000000	552.667957	52516.942140
1456.813800	53032.000000	547.059775	52508.815501
1458.489100	52957.000000	531.903971	52501.062747
1460.164300	52748.000000	507.939407	52492.641137
1461.837600	53137.000000	471.871605	52482.762294
1463.509200	52693.000000	427.958295	52470.689941
1465.180500	52928.000000	380.270867	52460.770492
1466.851600	52699.000000	331.836339	52452.876765
1468.520900	52460.000000	286.586874	52445.408256
1470.189900	52865.000000	249.711684	52437.379685
1471.857200	53036.000000	217.475582	52429.984727
1473.522800	52532.000000	190.506996	52422.203626
1475.188100	52487.000000	166.994442	52414.479986
1476.853100	52594.000000	148.978126	52405.788688
1478.516500	52487.000000	134.339024	52398.906290
1480.178000	52747.000000	124.300593	52394.033907
1481.839200	52404.000000	114.210853	52393.324445
1483.500400	52779.000000	102.940704	52396.800121
1485.159700	52400.000000	93.571476	52400.602564
1486.818600	52469.000000	85.549447	52405.016784
1488.476000	52177.000000	80.073691	52408.865579
1490.131500	52490.000000	76.743202	52412.394120
1491.788300	52426.000000	73.439995	52415.529622
1493.441800	52462.000000	70.017118	52418.716074
1495.095100	52277.000000	66.790042	52424.304431
1496.748000	52287.000000	63.861289	52430.391557
1498.399400	52636.000000	60.450383	52435.766156
1500.050400	52518.000000	56.845418	52439.206206
1501.699700	52582.000000	54.391653	52442.244023
1503.347300	52802.000000	53.188928	52443.710450
1504.996100	52561.000000	52.852226	52445.379908
1506.641600	52296.000000	53.366862	52446.013521
1508.287000	52572.000000	54.876930	52446.303129
1509.932000	52679.000000	57.230927	52448.664428
1511.575300	52168.000000	59.810049	52451.830959
1513.218500	52840.000000	62.139439	52454.900189
1514.859700	52474.000000	104.744958	52455.656770
1516.500900	52499.000000	151.030808	52453.980416
1518.140300	52871.000000	184.729398	52451.140651
1519.777800	52798.000000	213.747840	52447.581080
1521.416700	52609.000000	248.842933	52446.123848
1523.052200	52942.000000	270.158840	52445.108688
1524.689200	52674.000000	289.104876	52445.374545
1526.322800	52285.000000	313.721991	52445.418216
1527.956200	52637.000000	352.093703	52444.989934
1529.589400	52225.000000	385.422275	52443.424673
1531.220800	52710.000000	421.701082	52443.017843
1532.851900	52902.000000	465.963855	52442.373504
1534.481400	52953.000000	502.615422	52439.806874
1536.110600	52634.000000	512.418655	52434.958243
1537.738000	52642.000000	524.051521	52428.930494
1539.365200	52884.000000	534.199668	52421.494163
1540.990700	52781.000000	538.524295	52416.462037
1542.616000	52551.000000	546.178693	52412.811293
1544.239500	52822.000000	546.658691	52409.186982
1545.862700	52830.000000	534.893520	52406.043436
1547.484400	52945.000000	511.931809	52406.374033
1549.105600	52904.000000	501.886040	52408.427720
1550.725100	53119.000000	477.297488	52409.630205
1552.344500	52851.000000	442.299147	52411.415736
1553.962000	52545.000000	394.206732	52415.885503
1555.579300	52880.000000	345.560840	52421.704857
1557.195100	52613.000000	296.025175	52426.447375
1558.810400	52967.000000	248.848104	52430.771572
1560.424100	52636.000000	205.220117	52432.957421
1562.037500	52515.000000	183.878412	52432.053354
1563.649200	52591.000000	166.148508	52429.339622
1565.260600	52403.000000	152.915880	52426.418261
1566.870500	52380.000000	141.809293	52422.968251
1568.479900	52325.000000	135.491469	52418.876967
1570.089100	52703.000000	129.507487	52418.013507
1571.695200	52166.000000	124.244568	52419.882166
1573.302500	52730.000000	119.596981	52422.852944
1574.906500	52229.000000	111.985200	52425.659382
1576.511800	52221.000000	104.266875	52429.074531
1578.115500	52970.000000	97.590855	52433.459254
1579.717400	52623.000000	90.087695	52438.934986
1581.319100	52318.000000	84.054260	52443.891263
1582.919100	53006.000000	78.280097	52449.459700
1584.518700	52331.000000	73.228500	52455.748326
1586.116600	52674.000000	69.609187	52465.576602
1587.714500	52628.000000	68.980033	52476.680531
1589.310500	52771.000000	69.251582	52489.610215
1590.906300	52694.000000	69.977763	52503.901746
1592.501800	52577.000000	75.069512	52520.323195
1594.095700	52767.000000	82.642075	52537.041531
1595.687900	52601.000000	90.394918	52553.375256
1597.279700	52614.000000	98.448647	52569.257330
1598.869900	52587.000000	107.589057	52586.883947
1600.459700	52837.000000	113.599208	52607.554126
1602.048100	52752.000000	117.659439	52627.357015
1603.636000	52644.000000	120.671410	52646.367696
1605.223900	53013.000000	122.322887	52665.512455
1606.809800	52571.000000	124.756098	52684.783629
1608.394200	52633.000000	129.427519	52705.982841
1609.978300	52671.000000	136.025697	52729.075229
1611.560700	52619.000000	146.631827	52752.746450
1613.142900	53322.000000	159.239007	52775.498664
1614.724700	53359.000000	171.248176	52795.921375
1616.304900	53056.000000	183.679211	52814.008452
1617.883500	52984.000000	201.349295	52831.240114
1619.461800	52995.000000	218.874204	52847.099587
1621.038300	53275.000000	236.471323	52863.361293
1622.614700	53375.000000	255.047473	52878.115199
1624.190800	53347.000000	274.856035	52891.516071
1625.765300	53214.000000	294.055072	52903.816739
1627.337900	53410.000000	313.826117	52916.187128
1628.910400	53254.000000	334.135220	52927.717041
1630.482700	53503.000000	374.456110	52942.608090
1632.053200	53444.000000	417.285521	52959.867333
1633.622100	53411.000000	451.831782	52978.129478
1635.190600	53186.000000	483.516777	52995.795552
1636.759000	53632.000000	504.692621	53011.693332
1638.325700	53622.000000	510.778789	53025.147069
1639.890700	53728.000000	508.961079	53035.566819
1641.455400	53591.000000	503.502107	53044.638131
1643.019900	53477.000000	505.622545	53050.748242
1644.582800	53479.000000	508.631009	53052.513470
1646.143900	53385.000000	503.012053	53051.714367
1647.704700	53449.000000	493.543153	53046.702161
1649.265500	53418.000000	473.951772	53032.816311
1650.824500	53422.000000	451.474177	53010.758619
1652.381600	53634.000000	428.022892	52989.457892
1653.938700	53418.000000	405.431188	52968.323420
1655.495500	53495.000000	388.012919	52945.287345
1657.050700	53366.000000	375.371190	52919.111553
1658.604100	53169.000000	365.302077	52891.182792
1660.157200	53238.000000	358.342752	52861.219881
1661.710200	53305.000000	349.782515	52826.284603
1663.261500	52912.000000	328.255388	52786.339418
1664.811200	53075.000000	304.791724	52744.599125
1666.361900	52906.000000	278.666140	52701.464424
1667.909700	53024.000000	255.878323	52660.189188
1669.457200	53024.000000	239.197002	52621.769424
1671.004300	52779.000000	225.261089	52582.334500
1672.549900	52507.000000	213.856730	52539.730363
1674.093600	52169.000000	203.619182	52493.147951
1675.637300	52579.000000	191.190290	52443.138130
1677.180800	52571.000000	177.609754	52392.000907
1678.722400	52643.000000	164.014530	52340.232370
1680.263900	52228.000000	146.961898	52287.093942
1681.803700	52173.000000	131.831424	52233.104313
1683.341800	52373.000000	117.071197	52178.576841
1684.881200	52149.000000	103.300786	52121.888420
1686.417500	51976.000000	90.254825	52063.289583
1687.953400	52178.000000	80.988819	52001.359108
1689.489100	52238.000000	72.220122	51939.089991
1691.023200	51991.000000	63.610953	51876.252768
1692.557100	51742.000000	55.190169	51814.644080
1694.089200	51657.000000	52.904384	51754.275418
1695.619800	51707.000000	51.989214	51695.200798
1697.151500	51582.000000	51.805085	51637.440904
1698.680200	51577.000000	51.152701	51581.400270
1700.208500	51467.000000	49.610252	51525.947662
1701.736600	51410.000000	47.959525	51470.049916
1703.263100	51649.000000	45.652862	51414.216910
1704.789300	51457.000000	43.482498	51358.107321
1706.314000	51503.000000	40.566979	51302.475815
1707.838100	51581.000000	37.761305	51246.932034
1709.361000	51064.000000	34.805716	51189.886583
1710.883300	51154.000000	31.542346	51130.760630
1712.404100	51140.000000	30.117008	51070.766620
1713.923100	51050.000000	28.887940	51010.316362
1715.443500	50927.000000	27.415525	50949.166602
1716.960700	50677.000000	26.005776	50886.625883
1718.479100	50938.000000	24.092301	50823.621254
1719.994500	50742.000000	22.358940	50760.618541
1721.509600	50594.000000	20.773000	50698.347125
1723.024400	50512.000000	19.779621	50636.786705
1724.537600	50577.000000	19.933384	50575.204832
1726.050700	50567.000000	20.227267	50512.720425
1727.561900	50437.000000	20.347709	50449.112830
1729.073000	50663.000000	20.113150	50386.339964
1730.582400	50223.000000	19.697829	50322.858402
1732.091700	50719.000000	19.267829	50261.088437
1733.599200	50190.000000	18.777934	50200.176569
1735.106600	50328.000000	18.615941	50140.637274
1736.612100	49963.000000	18.486585	50082.051845
1738.117600	49989.000000	18.326731	50025.342355
1739.621300	49996.000000	18.009399	49970.180503
1741.125000	49450.000000	17.424159	49916.758980
1742.626800	49757.000000	16.668012	49866.006752
1744.128400	49664.000000	16.210330	49814.704806
1745.628500	50110.000000	15.720010	49763.112102
1747.128300	49829.000000	15.554433	49711.090350
1748.626300	49558.000000	15.540124	49657.024488
1750.124300	49571.000000	15.144137	49604.409729
1751.620500	49359.000000	14.618216	49554.085017
1753.116600	49398.000000	14.243565	49504.395067
1754.612400	49499.000000	13.850549	49454.025535
1756.105100	49593.000000	13.873790	49406.932095
1757.599100	49522.000000	14.117219	49358.976344
1759.091300	49264.000000	14.050310	49312.239550
1760.582000	49349.000000	13.706932	49266.630924
1762.072400	49394.000000	13.172571	49220.862938
1763.561000	49108.000000	12.579842	49173.561869
1765.049600	48870.000000	12.155959	49128.220632
1766.536500	49212.000000	12.027303	49084.900137
1768.023200	49066.000000	12.196558	49042.507460
1769.508100	48889.000000	12.371008	49001.959309
1770.992900	48873.000000	12.610765	48963.483232
1772.477500	48875.000000	12.624291	48927.575700
1773.959000	48894.000000	12.525402	48892.203330
1775.441700	48780.000000	12.332895	48856.190834
1776.922700	48652.000000	12.049514	48821.250194
1778.402100	48977.000000	11.767779	48786.151725
1779.881300	48821.000000	11.546902	48751.689550
1781.358900	48585.000000	11.500846	48719.073434
1782.836200	48522.000000	11.399415	48688.384684
1784.311900	48825.000000	11.322136	48658.267200
1785.787400	48748.000000	11.344203	48628.759770
1787.262600	48619.000000	11.355636	48600.170197
1788.736200	48634.000000	11.441937	48570.336384
1790.208300	48429.000000	11.632117	48540.951539
1791.679800	48702.000000	11.772085	48512.028496
1793.150000	48544.000000	11.859019	48481.924228
1794.619900	48472.000000	11.857786	48452.136576
1796.089600	48528.000000	11.672280	48421.936922
1797.557600	48355.000000	11.653274	48393.201779
1799.023900	48275.000000	11.672779	48363.632482
1800.490100	48454.000000	11.489297	48333.938492
1801.954600	48192.000000	11.218925	48305.227483
1803.418900	48380.000000	10.840881	48279.616542
1804.883100	47810.000000	10.590146	48255.803582
1806.345500	48387.000000	10.674631	48235.504223
1807.806400	48156.000000	10.944310	48216.249137
1809.266800	48035.000000	11.018618	48197.848510
1810.727400	47938.000000	10.775660	48178.541134
1812.186000	48056.000000	10.496207	48156.083891
1813.643300	48143.000000	10.155257	48132.100461
1815.100100	48337.000000	9.959696	48107.383242
1816.556800	47924.000000	9.952681	48082.145803
1818.010400	47829.000000	10.034306	48056.685986
1819.465300	47947.000000	9.931102	48031.601587
1820.918500	48333.000000	9.561367	48008.098155
1822.370100	47797.000000	8.871526	47984.726118
1823.821400	48189.000000	8.196272	47962.467119
1825.272600	48039.000000	7.759375	47941.323932
1826.722200	47876.000000	7.922328	47920.824510
1828.169900	47795.000000	8.555135	47901.565211
1829.617600	47804.000000	9.190471	47884.312767
1831.065200	47876.000000	9.289529	47868.353119
1832.511000	47696.000000	9.045688	47853.216038
1833.956500	47738.000000	8.314333	47837.935110
1835.400500	47922.000000	7.772691	47822.629665
1836.842900	48117.000000	7.385344	47806.941812
1838.285200	47796.000000	7.152067	47793.209003
1839.727100	47564.000000	7.065987	47780.222814
1841.167400	47913.000000	7.113150	47767.229252
1842.606100	47795.000000	7.047390	47754.611298
1844.044400	47651.000000	6.912775	47745.423530
1845.482800	47531.000000	6.656979	47737.876490
1846.919400	47515.000000	6.264117	47732.108756
1848.356000	47475.000000	5.804509	47727.506444
1849.790800	47635.000000	5.457451	47724.521013
1851.224000	47802.000000	5.275098	47722.791411
1852.656900	47422.000000	5.053506	47721.089966
1854.089700	47523.000000	4.872892	47721.130189
1855.520800	47858.000000	4.730195	47721.639876
1856.951800	47462.000000	4.590876	47722.794284
1858.381100	47595.000000	4.639562	47726.279825
1859.808700	47838.000000	4.812507	47730.382027
1861.236300	47929.000000	4.904243	47733.889499
1862.663500	47624.000000	4.855156	47737.356268
1864.089100	47423.000000	4.962754	47743.751199
1865.514600	47704.000000	5.175550	47755.049349
1866.938500	47584.000000	5.248479	47768.935965
1868.360700	47815.000000	5.213879	47784.820912
1869.784200	47876.000000	5.151328	47802.307034
1871.204500	47720.000000	5.140064	47818.720727
1872.624600	47585.000000	5.185610	47832.291972
1874.044700	48021.000000	5.377896	47842.031279
1875.463000	47745.000000	5.470714	47849.301544
1876.881200	47868.000000	5.493725	47854.539576
1878.297700	47851.000000	5.505840	47857.650752
1879.714100	47783.000000	5.509139	47858.539687
1881.128800	47754.000000	5.543969	47859.943097
1882.541900	48048.000000	5.666964	47861.299580
1883.956200	48131.000000	5.847688	47861.993624
1885.367400	48104.000000	6.152685	47862.700692
1886.778600	47840.000000	6.361904	47858.863676
1888.189500	48442.000000	7.025822	47859.207777
