Raman_Shift Original_Spectrum Predicted_Raman Predicted_Baseline
294.894650	40670.000000	6.795553	41072.244174
297.232540	40820.000000	7.177205	41080.317081
299.568300	41014.000000	7.809924	41104.781511
301.905240	41284.000000	7.442228	41142.420960
304.238400	41508.000000	7.939480	41168.882235
306.571040	41751.000000	8.787800	41194.343358
308.903260	42191.000000	8.534214	41212.917617
311.233340	42347.000000	7.796723	41229.822319
313.562930	42177.000000	7.309041	41226.950404
315.890440	42319.000000	7.122961	41227.241600
318.215790	41904.000000	7.595754	41234.098305
320.540680	41779.000000	7.931030	41248.049517
322.865110	41652.000000	8.435977	41263.940223
325.187410	41382.000000	8.668801	41274.888506
327.509250	41358.000000	9.298956	41295.930270
329.828920	41301.000000	10.006808	41325.273842
332.148160	40995.000000	11.169993	41353.256852
334.465270	41153.000000	11.716754	41387.338665
336.781950	41175.000000	12.218592	41421.066990
339.096470	40914.000000	12.545568	41463.497579
341.408870	41115.000000	12.288913	41511.283904
343.722530	41016.000000	12.077657	41560.076808
346.032350	41391.000000	11.994155	41609.564825
348.341740	41153.000000	12.752060	41661.175261
350.650670	41638.000000	13.465928	41716.444190
352.957460	41665.000000	14.676949	41772.235194
355.263760	41877.000000	15.416663	41832.055483
357.568020	41986.000000	15.912973	41894.816408
359.871800	42117.000000	15.856666	41963.400267
362.173430	42337.000000	16.577159	42034.614780
364.474640	42556.000000	17.748648	42108.588486
366.773710	42511.000000	19.853911	42185.148845
369.072360	42314.000000	22.315625	42265.216907
371.368870	42516.000000	25.415776	42345.533647
373.664920	42669.000000	28.214452	42418.462211
375.958890	42919.000000	32.302934	42485.640518
378.252380	42897.000000	37.203400	42548.268452
380.543790	42999.000000	43.361651	42609.745444
382.834750	42990.000000	50.560949	42672.733294
385.123570	42814.000000	62.118260	42738.196559
387.411960	42973.000000	78.462396	42802.148966
389.698210	43079.000000	104.781974	42859.096845
391.984070	42919.000000	142.573927	42908.324318
394.267790	42926.000000	196.082299	42959.388948
396.551060	42878.000000	264.050348	43010.191550
398.832210	43071.000000	327.100739	43057.703487
401.112950	43172.000000	361.714331	43101.729970
403.391570	43208.000000	345.532552	43142.210683
405.669770	43215.000000	285.733027	43184.301132
407.945860	43567.000000	220.026739	43219.137880
410.221470	43351.000000	163.678973	43248.794402
412.495030	43488.000000	126.400653	43275.286824
414.768100	43477.000000	101.765395	43301.208718
417.039090	43605.000000	82.305303	43323.474099
419.309630	43631.000000	72.827833	43342.087910
421.579740	43643.000000	67.726972	43361.655895
423.846100	43710.000000	62.872294	43380.653353
426.113680	43633.000000	62.000714	43400.168932
428.377470	43836.000000	63.355797	43416.865496
430.642520	43845.000000	65.850056	43435.580162
432.905460	44215.000000	70.792666	43454.236491
435.166320	44305.000000	75.496940	43468.911985
437.426700	44244.000000	83.948395	43483.484646
439.685060	44257.000000	97.472237	43501.102754
441.942900	44132.000000	111.443449	43519.929153
444.198730	44304.000000	126.536255	43537.070668
446.454070	44401.000000	142.166117	43547.493413
448.708980	44108.000000	162.246924	43556.852230
450.961820	44319.000000	185.667448	43566.701482
453.212550	44143.000000	217.927061	43567.228502
455.462890	43985.000000	249.953198	43565.015610
457.711120	44112.000000	278.109059	43567.879121
459.958920	43743.000000	300.670487	43573.560659
462.204590	43902.000000	312.407354	43575.113046
464.449890	43867.000000	315.205852	43570.939399
466.694760	43960.000000	316.834345	43567.525137
468.937500	43523.000000	313.345862	43565.809601
471.178160	43672.000000	313.464114	43560.280335
473.418460	43516.000000	318.265853	43549.576776
475.656620	43280.000000	329.628466	43540.575898
477.894380	43622.000000	335.758386	43531.400995
480.131680	43556.000000	347.768558	43511.343564
482.366910	43564.000000	361.963968	43486.398585
484.600040	43461.000000	368.647852	43459.194241
486.832790	43483.000000	359.117760	43428.856448
489.063450	43674.000000	332.925032	43392.769881
491.293670	43476.000000	295.759086	43352.354428
493.523500	43318.000000	253.446316	43312.787349
495.751190	43558.000000	211.175708	43269.166266
497.976840	43392.000000	183.053126	43218.194583
500.202090	43509.000000	159.326465	43162.542007
502.426910	43226.000000	137.683939	43108.578271
504.649660	43113.000000	116.692797	43051.817271
506.870270	43242.000000	100.317803	42993.390175
509.090550	43002.000000	88.196895	42933.687551
511.310360	42931.000000	78.126774	42880.554391
513.528140	43155.000000	81.130322	42825.707673
515.743770	42708.000000	84.825097	42766.963672
517.959110	42823.000000	90.065831	42707.680786
520.173890	42937.000000	97.257695	42646.560744
522.386660	42608.000000	104.730333	42579.602441
524.597410	42585.000000	116.476169	42514.197020
526.807740	42434.000000	134.236615	42451.762393
529.017580	42384.000000	161.296442	42392.869581
531.225400	42577.000000	199.600986	42333.563458
533.431210	42518.000000	260.573113	42274.455092
535.636470	42673.000000	361.462965	42212.395707
537.841430	42472.000000	526.172696	42159.593789
540.044310	43047.000000	738.600340	42101.878121
542.245120	42977.000000	925.921278	42038.598086
544.445500	42898.000000	987.127653	41968.581977
546.645450	42615.000000	887.895092	41903.423257
548.843380	42325.000000	723.453877	41841.196768
551.040830	42326.000000	563.850584	41781.811543
553.236330	42212.000000	433.182435	41726.855069
555.429690	42042.000000	329.754103	41676.829649
557.622680	41807.000000	254.740662	41631.735283
559.815250	41740.000000	203.533509	41590.083853
562.005800	41691.000000	167.247810	41551.954462
564.195920	41377.000000	141.238531	41523.878013
566.383910	41593.000000	122.539871	41503.110142
568.569950	41594.000000	109.665975	41477.901653
570.755550	41425.000000	104.064837	41452.276887
572.940730	41582.000000	99.866772	41427.106467
575.123900	41234.000000	97.040147	41407.895926
577.306640	41361.000000	95.758980	41393.636709
579.487300	41230.000000	95.459735	41378.447048
581.665950	41539.000000	96.646751	41363.732003
583.844120	41632.000000	98.183403	41346.451564
586.021970	41419.000000	100.396102	41328.016722
588.197750	41556.000000	103.439193	41305.752825
590.373170	41656.000000	108.171185	41284.553350
592.546450	41581.000000	113.312431	41264.115732
594.719420	41436.000000	117.327424	41244.520556
596.890260	41769.000000	122.480868	41220.832813
599.059140	41472.000000	133.302139	41200.473803
601.229190	41463.000000	148.781142	41186.121145
603.395570	41483.000000	167.121554	41174.558335
605.561580	41643.000000	188.921930	41159.492767
607.727170	41844.000000	220.972539	41144.628909
609.890750	41778.000000	257.471939	41132.893557
612.053960	41855.000000	303.163421	41116.205398
614.215030	41905.000000	366.630676	41094.974282
616.375790	42108.000000	460.976000	41074.962829
618.534480	41791.000000	585.255230	41050.267518
620.692750	41998.000000	757.715092	41021.948323
622.849000	42530.000000	982.029187	40993.211862
625.004820	42174.000000	1268.460263	40975.785083
627.158750	42825.000000	1616.533211	40960.967699
629.310490	43205.000000	1987.956604	40941.728978
631.463560	43453.000000	2297.321972	40927.903341
633.612920	43333.000000	2369.910396	40913.375670
635.763490	43228.000000	2144.161950	40895.191979
637.910460	42619.000000	1728.214840	40875.317472
640.058650	42004.000000	1303.408373	40846.565685
642.203190	41735.000000	958.929460	40807.431692
644.348880	41473.000000	720.773599	40767.704431
646.491030	41293.000000	562.703474	40725.567509
648.634400	40903.000000	457.619242	40688.538138
650.774050	40758.000000	377.871947	40655.997341
652.914980	40963.000000	317.082807	40619.478181
655.052250	41033.000000	271.744056	40585.740464
657.190730	40918.000000	242.822925	40550.096375
659.325620	40508.000000	222.779089	40520.371627
661.461730	40785.000000	207.211065	40493.546975
663.594180	40632.000000	197.465264	40466.861742
665.727910	40514.000000	191.245412	40443.787043
667.857910	40532.000000	185.575291	40426.912993
669.989200	40467.000000	180.679834	40410.528885
672.118470	40596.000000	180.136251	40392.927586
674.245670	40316.000000	181.672972	40381.772154
676.372560	40372.000000	186.777726	40370.360627
678.497380	40569.000000	190.029612	40358.446799
680.621830	40652.000000	197.760539	40345.707339
682.744320	40476.000000	206.439507	40333.172557
684.866390	40372.000000	216.914534	40323.518094
686.986450	40530.000000	229.848413	40316.822561
689.106080	40481.000000	246.497531	40311.219136
691.223750	40331.000000	265.670188	40302.002704
693.341000	40436.000000	289.445964	40289.695342
695.457820	40465.000000	317.401133	40279.143560
697.571110	40590.000000	355.818598	40267.986151
699.685610	40419.000000	398.920138	40251.602042
701.798100	40874.000000	450.422056	40228.367655
703.908570	41213.000000	507.642715	40208.868885
706.018620	41164.000000	591.993652	40186.727102
708.126770	40863.000000	695.294184	40165.862825
710.234380	41165.000000	823.687147	40151.012810
712.340150	41327.000000	1006.882580	40133.247868
714.445430	41612.000000	1232.426472	40118.804738
716.550350	41929.000000	1562.607172	40086.682195
718.653260	42244.000000	2057.739484	40060.940258
720.754270	43277.000000	2890.479852	40049.497585
722.854800	44499.000000	4100.781227	40011.306890
724.953370	46296.000000	5848.910744	40056.543642
727.051570	48638.000000	7886.028944	40106.823178
729.149350	50743.000000	9956.678206	40103.494446
731.243530	51149.000000	10770.811190	40085.209899
733.338990	49749.000000	9309.107435	40019.334807
735.432370	47408.000000	6985.357312	40003.290839
737.523800	45083.000000	4876.141124	39984.635005
739.614870	43395.000000	3462.885435	39936.231681
741.705570	42230.000000	2528.725012	39863.298172
743.792600	41602.000000	1924.878280	39789.334353
745.880920	41261.000000	1511.169154	39763.497988
747.967220	41621.000000	1228.489638	39762.097874
750.051570	41099.000000	1013.616491	39763.786218
752.135500	40592.000000	847.893938	39766.150889
754.219120	40565.000000	717.604616	39768.298028
756.300720	40544.000000	614.259218	39763.083194
758.380310	40258.000000	536.448978	39749.183894
760.459530	40181.000000	468.893019	39741.055121
762.538390	39766.000000	416.691878	39736.514142
764.615300	40245.000000	371.521406	39729.434962
766.690190	40136.000000	340.594269	39716.704895
768.764710	40031.000000	316.061890	39703.478460
770.838810	40213.000000	287.933375	39686.917359
772.909360	39881.000000	262.626070	39668.248671
774.981140	39625.000000	240.872276	39653.854485
777.050960	39990.000000	222.120483	39641.214397
779.120420	39876.000000	205.775385	39626.382181
781.187870	39946.000000	191.870059	39609.704404
783.253420	39582.000000	179.049519	39599.094285
785.318480	39697.000000	167.220108	39587.993236
787.383240	39762.000000	154.865717	39578.100972
789.445980	39568.000000	145.123500	39569.333446
791.506770	39579.000000	136.486432	39560.643046
793.567260	39668.000000	128.975347	39546.646845
795.627260	39751.000000	121.559579	39532.674868
797.685360	39707.000000	114.680456	39516.798005
799.741520	39568.000000	107.253719	39502.444359
801.797240	39584.000000	99.788319	39485.505049
803.852600	39588.000000	95.966895	39469.120941
805.906010	39170.000000	92.068740	39451.720365
807.959050	39747.000000	88.540219	39430.321651
810.010130	39437.000000	86.059104	39407.701792
812.059200	39527.000000	83.808166	39385.959477
814.107970	39664.000000	81.415716	39363.241728
816.156370	39681.000000	79.497249	39343.045867
818.202760	39511.000000	77.858899	39316.651829
820.247190	39344.000000	75.438818	39294.399797
822.292850	39308.000000	73.562042	39268.587163
824.335020	39546.000000	72.041929	39240.074167
826.376770	39524.000000	70.928214	39209.711655
828.418090	39335.000000	68.909045	39177.261825
830.457520	39253.000000	67.022921	39142.936277
832.496640	39303.000000	65.886649	39111.614647
834.533690	39192.000000	64.939914	39076.753674
836.568910	38977.000000	63.614529	39039.885474
838.603700	39084.000000	63.379068	39001.468843
840.638060	39012.000000	64.069288	38961.312450
842.670530	38934.000000	64.909400	38918.981727
844.702640	38721.000000	65.074457	38878.708659
846.732790	39011.000000	65.270259	38836.760595
848.762570	39038.000000	66.242540	38793.791613
850.790470	38732.000000	67.808662	38747.957144
852.816350	38881.000000	68.395326	38701.193961
854.843440	38674.000000	68.930126	38652.718950
856.867070	38868.000000	69.489861	38602.785487
858.890200	38709.000000	70.596199	38548.183739
860.913150	38562.000000	71.568141	38492.821618
862.934020	38282.000000	73.123432	38435.971629
864.954530	38395.000000	75.618916	38382.055848
866.973140	38335.000000	78.664756	38330.702989
868.991390	38176.000000	81.225515	38277.773271
871.007690	38499.000000	88.888903	38222.696908
873.023620	38282.000000	97.226633	38167.638343
875.037660	38003.000000	106.652154	38111.828551
877.051270	38191.000000	115.297394	38055.973029
879.062990	38063.000000	122.752266	37996.687176
881.074340	37980.000000	129.596271	37938.927013
883.083740	37969.000000	139.577796	37879.134163
885.092770	38041.000000	150.247953	37820.990353
887.099850	37899.000000	158.677160	37759.904423
889.104980	38048.000000	166.995655	37698.327811
891.111450	37734.000000	180.211012	37635.578504
893.114260	37652.000000	197.173883	37573.594514
895.118410	37847.000000	221.863385	37509.717749
897.119020	37930.000000	249.320579	37448.194037
899.120790	37649.000000	281.183829	37387.260627
901.119080	37728.000000	312.807718	37325.787343
903.118650	37583.000000	344.675989	37260.420731
905.114620	37720.000000	378.933404	37195.026928
907.111880	37410.000000	413.954066	37129.861039
909.107180	37394.000000	445.993582	37065.179901
911.100520	37489.000000	471.261552	37000.066665
913.093630	37406.000000	487.108845	36937.716825
915.084660	37372.000000	489.467800	36873.002068
917.075380	37505.000000	471.723962	36811.117451
919.064210	37335.000000	445.048863	36750.593149
921.052730	37238.000000	410.684042	36693.556527
923.039310	37171.000000	372.986440	36636.404465
925.025450	36844.000000	335.002462	36578.134461
927.009770	36654.000000	303.996933	36515.054407
928.993650	36736.000000	276.794011	36453.008865
930.975590	36829.000000	256.987297	36394.567432
932.957280	36545.000000	241.211505	36341.939292
934.937010	36638.000000	228.078262	36293.263682
936.916380	36626.000000	218.992674	36243.128384
938.895390	36499.000000	214.468350	36192.094654
940.870970	36354.000000	210.361477	36141.162892
942.847660	36476.000000	211.322078	36089.717458
944.822510	36286.000000	215.989034	36039.442124
946.795470	36113.000000	226.396747	35987.276857
948.768010	36216.000000	242.051753	35934.611638
950.738710	36188.000000	266.871156	35886.266034
952.708980	36265.000000	302.395416	35841.382030
954.677310	36203.000000	360.392207	35796.434250
956.645390	36270.000000	442.350324	35756.239048
958.613160	36458.000000	563.496291	35723.977952
960.578920	36439.000000	732.609622	35691.908680
962.542720	36799.000000	945.732380	35656.588294
964.506290	36881.000000	1183.170200	35625.299664
966.467960	36948.000000	1376.097529	35591.577397
968.429260	37194.000000	1448.819068	35563.941079
970.390140	37125.000000	1380.710195	35535.700368
972.347660	36909.000000	1249.467626	35510.519812
974.306270	36810.000000	1123.929831	35485.579778
976.263060	36796.000000	1070.779986	35467.265815
978.218020	36563.000000	1176.054311	35475.769459
980.172490	37019.000000	1560.189231	35476.972930
982.125120	38035.000000	2331.779275	35473.546802
984.077390	39460.000000	3521.358509	35445.471959
986.029360	40251.000000	4714.558909	35382.120608
987.979370	40600.000000	5021.417839	35337.593802
989.927490	39824.000000	4043.613591	35319.954929
991.875310	38126.000000	2620.801577	35310.813398
993.822750	37062.000000	1563.410434	35341.465623
995.768370	36402.000000	955.110416	35323.223346
997.711980	36007.000000	623.765796	35280.668912
999.655270	35632.000000	445.416628	35264.991535
1001.596700	35700.000000	339.015246	35258.519713
1003.537700	35652.000000	276.150499	35260.697875
1005.478600	35286.000000	232.631895	35264.329793
1007.417400	35557.000000	201.711895	35259.013362
1009.354300	35604.000000	177.161950	35245.597946
1011.291000	35314.000000	157.655471	35238.777332
1013.227200	35272.000000	141.292343	35233.401821
1015.161600	35518.000000	128.061713	35224.994460
1017.094100	35404.000000	117.505258	35216.729236
1019.026200	35545.000000	108.069170	35210.332561
1020.958000	35566.000000	99.922059	35203.386990
1022.888000	35256.000000	92.799140	35196.581330
1024.816000	35311.000000	85.523261	35191.481814
1026.743800	35168.000000	79.401259	35178.612082
1028.671100	35487.000000	74.525292	35169.685857
1030.596600	35479.000000	70.826485	35158.245161
1032.521700	35363.000000	68.196118	35151.054619
1034.444900	35405.000000	65.770073	35145.073109
1036.366300	35473.000000	64.660258	35136.394945
1038.287400	35532.000000	64.481015	35127.141681
1040.208100	35479.000000	64.194863	35122.486374
1042.127000	35249.000000	63.247139	35120.310932
1044.043800	35303.000000	67.223381	35114.941972
1045.960400	35253.000000	72.633244	35104.445315
1047.876700	35156.000000	77.827861	35091.713271
1049.791000	35133.000000	82.231384	35080.493691
1051.705100	35163.000000	86.011016	35066.905517
1053.617300	35268.000000	90.888134	35054.420297
1055.527600	34981.000000	99.593475	35039.724285
1057.437500	35172.000000	111.041764	35029.448436
1059.347300	35255.000000	125.130192	35012.666930
1061.255000	35218.000000	144.627703	34995.494670
1063.162500	35144.000000	175.096448	34983.573302
1065.068000	35186.000000	219.691696	34975.292629
1066.971700	35252.000000	286.193398	34961.873103
1068.875000	35464.000000	380.204545	34944.249001
1070.778100	35631.000000	487.806925	34928.125374
1072.679200	35684.000000	570.499274	34914.863157
1074.580000	35498.000000	589.438270	34904.246395
1076.479000	35408.000000	536.644324	34896.732181
1078.377600	35355.000000	444.026710	34883.814925
1080.274400	35443.000000	350.547590	34868.813720
1082.169200	35307.000000	276.008300	34853.603604
1084.065300	35155.000000	219.592339	34841.663048
1085.958000	34916.000000	175.922096	34829.358590
1087.850300	34871.000000	139.991956	34816.800680
1089.742400	35005.000000	115.539993	34806.173875
1091.632600	34973.000000	98.826342	34796.153131
1093.522500	34835.000000	86.527964	34792.491596
1095.410400	35039.000000	77.387745	34789.782891
1097.298100	34882.000000	70.480720	34782.324512
1099.183800	34822.000000	66.344261	34777.996091
1101.069300	34856.000000	62.698999	34776.144288
1102.952900	34865.000000	59.942168	34776.478960
1104.834600	34775.000000	57.135014	34776.047604
1106.717700	35000.000000	55.712891	34772.170067
1108.597200	34926.000000	54.426741	34770.336464
1110.477900	34658.000000	53.554945	34769.628481
1112.355300	34787.000000	53.537429	34772.423195
1114.232300	34689.000000	54.665080	34770.635880
1116.109100	34911.000000	55.802109	34771.825940
1117.984000	34811.000000	56.289412	34774.727905
1119.858500	34670.000000	58.103958	34780.640355
1121.731300	34832.000000	60.923294	34785.690896
1123.603600	34848.000000	64.898817	34785.399221
1125.474100	34848.000000	69.339327	34780.487913
1127.344400	35007.000000	76.672408	34777.253732
1129.212600	34967.000000	89.396063	34778.788414
1131.080700	34868.000000	114.561903	34785.460896
1132.946900	34971.000000	154.706523	34790.707185
1134.812700	35233.000000	207.287680	34793.460293
1136.676800	35123.000000	256.050596	34793.794238
1138.540400	35157.000000	270.294596	34796.562224
1140.402300	35479.000000	244.358101	34798.236231
1142.263800	35038.000000	197.248891	34799.343650
1144.123400	35159.000000	150.793204	34800.970582
1145.982800	35028.000000	117.511299	34799.358266
1147.841800	34630.000000	95.418461	34802.293417
1149.697500	35293.000000	85.342569	34813.397201
1151.554400	34832.000000	80.683199	34822.860597
1153.407800	34560.000000	77.010170	34834.159341
1155.262600	34883.000000	74.284470	34844.374164
1157.115500	35044.000000	72.983929	34848.656422
1158.966400	34907.000000	73.320207	34850.054620
1160.817100	35052.000000	74.266015	34852.683821
1162.666000	35207.000000	74.730024	34858.154873
1164.514500	34999.000000	75.874825	34863.252257
1166.361300	34962.000000	77.535645	34872.230084
1168.207600	35061.000000	78.658924	34875.323734
1170.052200	35012.000000	79.141913	34879.513633
1171.896500	34816.000000	79.968704	34891.204553
1173.740400	34929.000000	81.131272	34905.179619
1175.580900	34929.000000	82.535619	34911.799171
1177.422900	35174.000000	85.091898	34914.453987
1179.262700	35163.000000	91.832174	34916.621582
1181.100700	34869.000000	100.276815	34923.943045
1182.938600	34900.000000	109.764274	34933.389832
1184.774500	34900.000000	119.904042	34939.333861
1186.610200	35190.000000	132.139502	34951.765377
1188.444000	34866.000000	146.739354	34959.163842
1190.277500	35281.000000	170.131977	34972.984040
1192.110700	35311.000000	201.550693	34979.258569
1193.942000	35348.000000	245.069143	34985.568725
1195.771600	35457.000000	305.130293	34997.288319
1197.600700	35323.000000	384.146476	35007.102686
1199.428100	35441.000000	485.502631	35017.631354
1201.255200	35694.000000	588.026476	35025.650495
1203.082000	35867.000000	645.049564	35032.719881
1204.907000	35686.000000	626.261171	35043.033335
1206.730100	35735.000000	548.586888	35061.320632
1208.552900	35590.000000	460.112454	35080.873754
1210.373900	35540.000000	386.610118	35104.576576
1212.194600	35436.000000	333.014919	35125.213557
1214.015000	35524.000000	296.931379	35145.954361
1215.833500	35300.000000	277.688363	35164.441731
1217.650300	35511.000000	270.758025	35183.972513
1219.466700	35525.000000	273.794171	35198.060053
1221.281300	35373.000000	278.464804	35208.862738
1223.095600	35753.000000	287.634763	35222.312637
1224.909500	35763.000000	300.477520	35233.787199
1226.721700	35591.000000	320.350822	35248.070147
1228.532000	35639.000000	342.634125	35266.519697
1230.342000	35664.000000	376.134442	35283.751191
1232.151700	35828.000000	419.333531	35303.583057
1233.959700	35940.000000	479.263451	35326.061520
1235.765900	36246.000000	552.550110	35347.402514
1237.571700	36205.000000	640.410016	35366.731708
1239.377100	36436.000000	749.389985	35384.653125
1241.180800	36539.000000	886.122021	35404.455574
1242.982700	36458.000000	1057.174724	35418.063432
1244.784200	36871.000000	1269.260064	35437.971681
1246.585300	37115.000000	1532.651049	35479.015505
1248.384900	37263.000000	1885.473980	35522.446494
1250.182500	37755.000000	2348.531705	35560.654616
1251.979700	38568.000000	2911.093968	35602.091481
1253.776900	39260.000000	3512.029851	35623.376979
1255.572000	39635.000000	3995.199885	35638.369625
1257.365500	39832.000000	4209.763235	35666.610088
1259.160000	39820.000000	4046.147591	35698.429075
1260.951300	39586.000000	3583.656438	35733.839193
1262.742300	38588.000000	2984.733220	35764.520587
1264.533100	38265.000000	2410.343400	35754.452197
1266.322000	37931.000000	1913.720252	35746.845130
1268.109000	37081.000000	1528.118846	35757.620870
1269.895800	37048.000000	1219.540672	35769.406033
1271.682400	36791.000000	994.455080	35794.737501
1273.466900	36747.000000	833.817584	35828.263125
1275.251500	36579.000000	723.023757	35858.300205
1277.033900	36423.000000	639.955176	35886.412126
1278.814700	36504.000000	577.195611	35912.578250
1280.595200	36787.000000	518.294919	35940.914007
1282.375400	36421.000000	479.202703	35971.161203
1284.153800	36292.000000	446.636877	36004.182672
1285.931900	36493.000000	426.407305	36031.859900
1287.708100	36625.000000	410.520491	36062.591475
1289.482500	36516.000000	403.721908	36098.388825
1291.256800	36666.000000	407.112841	36137.707719
1293.030600	36471.000000	411.664511	36174.067438
1294.802900	36852.000000	413.218289	36211.333127
1296.574600	36920.000000	422.775016	36252.275848
1298.344600	36680.000000	436.480608	36293.638801
1300.114400	36584.000000	453.630157	36337.198085
1301.882300	36896.000000	481.731666	36385.097130
1303.648300	36799.000000	522.462170	36430.961758
1305.415800	37152.000000	579.500831	36473.590598
1307.179700	37338.000000	652.445155	36520.986972
1308.943500	37364.000000	760.278199	36571.181721
1310.707000	37507.000000	896.463378	36626.516774
1312.468600	37631.000000	1073.989199	36682.811192
1314.230000	38375.000000	1288.729789	36743.779950
1315.989500	38415.000000	1521.038429	36798.746806
1317.748800	38724.000000	1754.750274	36839.229496
1319.506200	38988.000000	1953.456413	36879.647668
1321.263400	39177.000000	2138.308116	36925.686816
1323.018900	39239.000000	2335.317135	36977.570156
1324.774000	39556.000000	2579.247047	37028.576942
1326.527300	39937.000000	2927.198252	37087.981695
1328.278900	40594.000000	3424.489568	37141.926645
1330.031700	41067.000000	4089.546445	37188.005838
1331.781100	42181.000000	4896.950524	37254.368894
1333.531900	43072.000000	5702.046540	37315.946990
1335.279300	43503.000000	6169.374318	37360.812948
1337.027800	43531.000000	5952.250765	37386.530659
1338.773200	42767.000000	5201.990591	37405.664569
1340.518300	41618.000000	4244.538185	37431.735028
1342.263100	40892.000000	3317.199859	37430.204394
1344.006000	40050.000000	2583.974412	37407.282463
1345.748700	39514.000000	2063.443888	37389.993372
1347.489500	39018.000000	1699.300399	37382.768099
1349.230200	38954.000000	1462.652368	37392.116038
1350.969100	38656.000000	1313.581451	37415.621598
1352.707500	38917.000000	1222.901046	37442.985383
1354.445900	38556.000000	1176.009939	37461.858255
1356.180900	40004.000000	1165.899402	37488.616906
1357.917000	39072.000000	1188.999314	37511.908395
1359.649900	38804.000000	1256.743698	37533.065846
1361.384200	38852.000000	1373.670689	37563.019991
1363.115000	39131.000000	1537.726835	37587.802809
1364.847000	39434.000000	1737.462419	37609.251209
1366.577400	39725.000000	1968.874482	37624.960227
1368.305900	39977.000000	2197.317357	37631.119347
1370.034300	40009.000000	2355.385196	37635.513739
1371.760600	40406.000000	2384.863491	37645.000356
1373.486900	39941.000000	2301.064262	37649.977881
1375.211300	39812.000000	2122.748157	37646.695127
1376.935400	39701.000000	1940.775538	37646.548787
1378.657800	39659.000000	1777.069667	37642.498738
1380.380000	39397.000000	1659.205558	37638.499118
1382.100200	39348.000000	1576.571856	37631.353194
1383.820300	39184.000000	1535.707991	37631.894305
1385.540200	39172.000000	1545.717055	37630.883523
1387.256500	39425.000000	1606.559126	37629.516038
1388.974200	39569.000000	1668.092355	37627.360247
1390.690300	39428.000000	1641.428133	37625.891165
1392.404400	39355.000000	1473.128260	37621.446593
1394.118400	38935.000000	1254.165697	37616.729858
1395.830400	38776.000000	1034.206752	37604.830615
1397.542200	38562.000000	861.079957	37591.443750
1399.252300	38529.000000	733.828419	37579.614957
1400.962200	38191.000000	643.783676	37568.260038
1402.671800	38185.000000	574.525715	37555.816718
1404.379500	38030.000000	512.929142	37545.182126
1406.085600	38191.000000	464.022003	37534.916350
1407.791300	37987.000000	422.640047	37527.460691
1409.495200	37935.000000	389.869203	37523.965843
1411.199000	38073.000000	361.722612	37525.645535
1412.902500	38055.000000	337.729830	37528.504102
1414.604000	37968.000000	322.167090	37532.453790
1416.304000	38026.000000	312.373086	37534.111235
1418.003700	37726.000000	293.894028	37536.770810
1419.701500	37780.000000	276.232166	37536.756967
1421.399000	37851.000000	261.528646	37536.539682
1423.096400	37762.000000	250.236237	37530.440384
1424.792000	37695.000000	239.103871	37525.963428
1426.485700	37443.000000	230.361977	37525.103683
1428.179300	37638.000000	220.859988	37524.445402
1429.871100	37886.000000	214.026813	37525.718458
1431.562500	37963.000000	213.095365	37526.531483
1433.253900	37758.000000	213.065702	37531.195318
1434.943400	37770.000000	211.730692	37537.628578
1436.631000	37898.000000	213.654073	37543.959745
1438.318500	37629.000000	220.941037	37548.313103
1440.005600	37550.000000	236.995418	37550.354689
1441.691000	37543.000000	256.881868	37557.195079
1443.374800	37706.000000	287.524452	37564.299474
1445.058200	37813.000000	319.614335	37570.757453
1446.741300	37938.000000	369.167859	37575.621516
1448.422900	37979.000000	438.567833	37577.165993
1450.102400	38180.000000	537.940431	37579.764758
1451.781700	38397.000000	685.001773	37582.385276
1453.460900	38605.000000	888.416983	37583.478374
1455.138200	38650.000000	1121.177805	37580.577289
1456.813800	39167.000000	1334.139453	37576.771716
1458.489100	38865.000000	1447.831522	37576.698052
1460.164300	39012.000000	1399.275555	37579.195467
1461.837600	39008.000000	1228.000562	37583.731254
1463.509200	38564.000000	994.029348	37583.284325
1465.180500	38394.000000	771.617112	37577.391188
1466.851600	38190.000000	589.108203	37569.968653
1468.520900	37959.000000	453.889064	37563.455055
1470.189900	38025.000000	354.466378	37557.095460
1471.857200	38028.000000	286.921048	37551.457675
1473.522800	37918.000000	237.753860	37543.152652
1475.188100	37872.000000	203.907871	37536.643257
1476.853100	37603.000000	181.434707	37529.953903
1478.516500	37880.000000	163.550246	37523.224998
1480.178000	37904.000000	149.305103	37517.654451
1481.839200	37713.000000	138.169338	37515.438592
1483.500400	38043.000000	128.053247	37518.555972
1485.159700	37739.000000	121.594588	37523.715434
1486.818600	37809.000000	116.805116	37528.349111
1488.476000	37672.000000	111.844554	37533.891478
1490.131500	37724.000000	108.163297	37539.620725
1491.788300	37591.000000	104.305953	37545.042461
1493.441800	37715.000000	102.115732	37548.294069
1495.095100	37798.000000	100.350472	37549.878591
1496.748000	37758.000000	100.126258	37551.424056
1498.399400	37911.000000	99.578983	37552.089012
1500.050400	37768.000000	99.967582	37552.551762
1501.699700	37703.000000	100.146744	37553.079771
1503.347300	37943.000000	101.574915	37552.362410
1504.996100	37898.000000	102.958846	37553.295078
1506.641600	37587.000000	105.238235	37557.733224
1508.287000	37759.000000	107.441317	37567.602746
1509.932000	37937.000000	111.838057	37580.697426
1511.575300	37742.000000	115.251725	37592.166302
1513.218500	38011.000000	117.156442	37600.781307
1514.859700	37737.000000	118.482591	37609.788365
1516.500900	37726.000000	123.280715	37616.814646
1518.140300	37969.000000	128.435194	37625.799209
1519.777800	37860.000000	134.964960	37636.340113
1521.416700	37837.000000	142.464945	37647.639908
1523.052200	38027.000000	155.421165	37657.126771
1524.689200	37966.000000	170.127574	37667.697339
1526.322800	37901.000000	192.159540	37677.456365
1527.956200	37947.000000	217.298026	37685.154276
1529.589400	37833.000000	250.204719	37691.682705
1531.220800	37875.000000	288.374835	37696.072895
1532.851900	38121.000000	336.567271	37697.110127
1534.481400	38419.000000	402.812229	37697.365727
1536.110600	38265.000000	495.059235	37699.082251
1537.738000	38295.000000	612.167204	37696.580634
1539.365200	38691.000000	763.873532	37698.276395
1540.990700	38767.000000	950.360804	37703.497161
1542.616000	38865.000000	1165.326774	37714.339644
1544.239500	39022.000000	1407.649175	37724.811086
1545.862700	39376.000000	1638.776345	37737.946059
1547.484400	39755.000000	1801.431141	37746.424613
1549.105600	39623.000000	1825.542947	37751.435263
1550.725100	39551.000000	1714.716985	37752.909042
1552.344500	39207.000000	1506.960406	37755.399782
1553.962000	38875.000000	1273.103210	37753.461276
1555.579300	38793.000000	1045.292043	37743.830050
1557.195100	38617.000000	848.527191	37737.527063
1558.810400	38578.000000	685.384060	37735.793729
1560.424100	38399.000000	556.352716	37739.714989
1562.037500	38302.000000	453.995543	37742.853876
1563.649200	38187.000000	374.142696	37745.415067
1565.260600	37945.000000	309.817272	37751.759336
1566.870500	38050.000000	262.062465	37761.898301
1568.479900	38001.000000	224.196538	37771.144644
1570.089100	38143.000000	194.830223	37781.357767
1571.695200	37643.000000	172.726323	37792.084563
1573.302500	37999.000000	157.530668	37804.696470
1574.906500	37924.000000	145.385280	37818.586872
1576.511800	37790.000000	133.695349	37830.494273
1578.115500	38305.000000	121.818632	37840.438201
1579.717400	37931.000000	112.179009	37858.681713
1581.319100	37937.000000	104.297031	37876.702749
1582.919100	38301.000000	97.549377	37895.297526
1584.518700	37899.000000	91.998436	37915.551725
1586.116600	37927.000000	87.431447	37939.453787
1587.714500	38004.000000	82.810972	37963.862845
1589.310500	38118.000000	79.266862	37987.577038
1590.906300	38123.000000	76.136558	38011.150330
1592.501800	38066.000000	73.030649	38035.056840
1594.095700	38023.000000	69.740254	38057.219635
1595.687900	38004.000000	66.442081	38081.308576
1597.279700	38158.000000	64.750751	38103.713869
1598.869900	38224.000000	63.550795	38127.838901
1600.459700	38262.000000	62.638243	38151.172413
1602.048100	38260.000000	61.325203	38176.812257
1603.636000	38174.000000	63.176457	38203.129417
1605.223900	38482.000000	66.006593	38230.593069
1606.809800	38218.000000	68.729573	38257.968720
1608.394200	38177.000000	70.580062	38286.609022
1609.978300	38372.000000	70.341990	38316.126867
1611.560700	38389.000000	70.317170	38346.626820
1613.142900	38433.000000	71.190542	38374.226429
1614.724700	38869.000000	72.051006	38400.795729
1616.304900	38530.000000	68.498608	38424.432549
1617.883500	38527.000000	64.312312	38450.438243
1619.461800	38727.000000	59.494049	38477.051790
1621.038300	38662.000000	55.067985	38506.459881
1622.614700	38740.000000	51.131982	38535.303130
1624.190800	38794.000000	47.864759	38561.553300
1625.765300	38884.000000	45.818931	38587.049524
1627.337900	38886.000000	45.372512	38613.489046
1628.910400	38745.000000	43.750288	38638.067434
1630.482700	39029.000000	42.245317	38659.085219
1632.053200	39059.000000	41.866965	38674.819946
1633.622100	38975.000000	41.256682	38690.346287
1635.190600	38863.000000	40.732226	38704.384759
1636.759000	39197.000000	41.015164	38714.696019
1638.325700	39398.000000	43.416752	38723.630648
1639.890700	39297.000000	47.138561	38734.979881
1641.455400	39162.000000	49.805613	38745.646856
1643.019900	39162.000000	50.453837	38757.937409
1644.582800	39093.000000	49.322960	38769.542243
1646.143900	38921.000000	46.966289	38778.220283
1647.704700	39109.000000	44.304918	38781.324068
1649.265500	39189.000000	41.569122	38781.277101
1650.824500	39125.000000	39.971378	38778.362173
1652.381600	39371.000000	39.227282	38774.608759
1653.938700	39174.000000	39.366395	38764.985938
1655.495500	38977.000000	38.649791	38755.528243
1657.050700	39095.000000	35.431249	38742.433810
1658.604100	38875.000000	31.557043	38726.553486
1660.157200	38969.000000	27.797982	38705.837773
1661.710200	39205.000000	24.202423	38683.106923
1663.261500	38734.000000	21.649364	38654.539791
1664.811200	38801.000000	21.137681	38622.746760
1666.361900	38594.000000	21.221278	38590.693184
1667.909700	38614.000000	22.334082	38556.588629
1669.457200	38841.000000	24.480902	38519.272264
1671.004300	38628.000000	26.861926	38480.619314
1672.549900	38499.000000	29.095333	38439.755943
1674.093600	38293.000000	30.306810	38401.444616
1675.637300	38383.000000	30.256135	38363.781931
1677.180800	38352.000000	28.609804	38322.934380
1678.722400	38566.000000	27.600067	38279.471256
1680.263900	38232.000000	27.319976	38234.026366
1681.803700	38130.000000	27.324383	38189.301556
1683.341800	38196.000000	27.415428	38147.374009
1684.881200	38127.000000	28.011425	38103.848838
1686.417500	38039.000000	28.389397	38060.453939
1687.953400	37966.000000	28.203564	38015.603060
1689.489100	38165.000000	27.171780	37970.415747
1691.023200	38115.000000	26.627261	37923.136421
1692.557100	37922.000000	26.113477	37879.456258
1694.089200	37942.000000	25.267113	37835.409505
1695.619800	37834.000000	24.224020	37789.698880
1697.151500	37613.000000	23.851160	37740.805368
1698.680200	37601.000000	23.382827	37691.478522
1700.208500	37557.000000	22.724467	37644.180656
1701.736600	37376.000000	21.678842	37596.331544
1703.263100	37790.000000	20.979291	37548.942462
1704.789300	37524.000000	20.632144	37506.360589
1706.314000	37559.000000	20.666734	37463.117963
1707.838100	37752.000000	20.620186	37420.779082
1709.361000	37374.000000	21.782483	37380.064523
1710.883300	37473.000000	22.636883	37339.668104
1712.404100	37420.000000	22.994381	37297.089939
1713.923100	37297.000000	22.780113	37252.681786
1715.443500	37286.000000	22.616170	37206.204361
1716.960700	37120.000000	22.051033	37162.263902
1718.479100	37230.000000	20.654963	37117.861682
1719.994500	37108.000000	18.896564	37075.529723
1721.509600	37002.000000	17.717562	37033.669908
1723.024400	36829.000000	16.766783	36992.464418
1724.537600	37085.000000	16.043798	36952.012875
1726.050700	37138.000000	15.451756	36913.514422
1727.561900	36939.000000	15.393419	36875.287142
1729.073000	37042.000000	15.114129	36839.837349
1730.582400	36923.000000	14.539688	36802.436691
1732.091700	37097.000000	13.788274	36768.552881
1733.599200	36753.000000	13.660270	36735.070269
1735.106600	36818.000000	13.605055	36702.003687
1736.612100	36482.000000	13.538200	36663.853285
1738.117600	36662.000000	13.559816	36625.902988
1739.621300	36719.000000	13.641561	36589.351569
1741.125000	36390.000000	13.633733	36556.626240
1742.626800	36418.000000	13.396093	36520.885004
1744.128400	36233.000000	12.992449	36483.085001
1745.628500	36524.000000	12.919108	36447.974732
1747.128300	36596.000000	12.808280	36415.093546
1748.626300	36324.000000	12.835633	36386.566583
1750.124300	36406.000000	12.623505	36359.614749
1751.620500	36202.000000	12.343638	36328.565528
1753.116600	36349.000000	12.144542	36296.497121
1754.612400	36371.000000	11.982877	36263.352425
1756.105100	36361.000000	11.806452	36233.252682
1757.599100	36276.000000	11.824026	36204.170147
1759.091300	36267.000000	11.832808	36176.445704
1760.582000	36234.000000	11.755904	36144.998993
1762.072400	36272.000000	11.790333	36118.218095
1763.561000	35993.000000	11.859648	36096.780448
1765.049600	35702.000000	11.910014	36072.777407
1766.536500	36167.000000	11.991397	36047.478198
1768.023200	36067.000000	12.122379	36018.704658
1769.508100	35941.000000	12.505139	35996.130777
1770.992900	35789.000000	12.774846	35974.185762
1772.477500	35957.000000	12.552855	35951.007241
1773.959000	35993.000000	11.925202	35926.380774
1775.441700	35937.000000	11.408894	35903.034531
1776.922700	35813.000000	10.960269	35884.077613
1778.402100	35902.000000	10.759874	35864.610608
1779.881300	35989.000000	10.576296	35846.887318
1781.358900	35687.000000	10.735632	35828.502410
1782.836200	35913.000000	10.932742	35809.553773
1784.311900	35823.000000	10.822243	35787.741502
1785.787400	35861.000000	10.432521	35767.569989
1787.262600	35728.000000	10.223359	35748.194693
1788.736200	35845.000000	10.080424	35729.771717
1790.208300	35703.000000	9.895402	35710.309285
1791.679800	35825.000000	9.632989	35691.796453
1793.150000	35682.000000	9.545925	35672.968571
1794.619900	35700.000000	9.714173	35656.852793
1796.089600	35697.000000	9.926801	35640.432841
1797.557600	35527.000000	9.949790	35626.100454
1799.023900	35427.000000	10.044033	35610.368941
1800.490100	35695.000000	9.989864	35594.312490
1801.954600	35376.000000	9.828071	35574.710268
1803.418900	35573.000000	9.483471	35562.098361
1804.883100	35293.000000	9.203381	35544.477039
1806.345500	35673.000000	9.073699	35530.504445
1807.806400	35511.000000	8.991944	35509.142193
1809.266800	35340.000000	8.898850	35493.867373
1810.727400	35433.000000	8.957278	35478.705151
1812.186000	35436.000000	9.002929	35463.199575
1813.643300	35458.000000	8.846699	35449.473311
1815.100100	35575.000000	8.703165	35442.765417
1816.556800	35288.000000	8.692276	35433.115281
1818.010400	35277.000000	8.539732	35422.973968
1819.465300	35369.000000	8.396993	35407.985771
1820.918500	35583.000000	8.100743	35395.923874
1822.370100	35274.000000	7.943930	35386.499674
1823.821400	35645.000000	8.056325	35385.118717
1825.272600	35382.000000	8.021116	35372.719768
1826.722200	35334.000000	7.924266	35365.648869
1828.169900	35286.000000	7.744272	35357.726257
1829.617600	35279.000000	7.664126	35349.272299
1831.065200	35466.000000	7.476613	35344.903863
1832.511000	35174.000000	7.265896	35337.302235
1833.956500	35253.000000	6.991081	35333.059374
1835.400500	35224.000000	6.809515	35322.632920
1836.842900	35481.000000	6.631463	35312.801837
1838.285200	35275.000000	6.585374	35302.523454
1839.727100	35215.000000	6.846377	35298.348571
1841.167400	35283.000000	7.340000	35293.029669
1842.606100	35094.000000	7.802540	35286.160110
1844.044400	35002.000000	8.111309	35282.834961
1845.482800	35000.000000	8.588524	35277.283324
1846.919400	35201.000000	9.114210	35272.828122
1848.356000	35019.000000	9.526782	35266.066835
1849.790800	35276.000000	9.867745	35266.707318
1851.224000	35218.000000	10.182057	35264.997591
1852.656900	35041.000000	10.214338	35264.471930
1854.089700	35273.000000	10.048179	35266.043351
1855.520800	35395.000000	9.664665	35271.072046
1856.951800	34957.000000	9.166394	35277.834446
1858.381100	35130.000000	8.602225	35291.401393
1859.808700	35415.000000	8.049215	35296.850444
1861.236300	35533.000000	7.746551	35298.195187
1862.663500	35287.000000	7.838682	35309.528476
1864.089100	35004.000000	7.812053	35325.324383
1865.514600	35151.000000	7.611659	35341.179988
1866.938500	35323.000000	7.182100	35350.522243
1868.360700	35346.000000	6.941689	35362.280955
1869.784200	35425.000000	6.956017	35376.174694
1871.204500	35305.000000	7.005731	35384.961254
1872.624600	35198.000000	7.054353	35394.880585
1874.044700	35549.000000	6.895631	35405.341770
1875.463000	35333.000000	6.641278	35404.209491
1876.881200	35391.000000	6.484268	35410.252676
1878.297700	35528.000000	6.533974	35412.951679
1879.714100	35349.000000	6.839067	35411.996145
1881.128800	35367.000000	7.002708	35411.958324
1882.541900	35473.000000	6.921314	35408.459892
1883.956200	35730.000000	6.784375	35402.092016
1885.367400	35783.000000	7.007791	35390.223548
1886.778600	35423.000000	7.187419	35395.369291
1888.189500	35940.000000	5.931311	35416.412414
