Raman_Shift Original_Spectrum Predicted_Raman Predicted_Baseline
294.894650	40670.000000	21.094615	41393.696036
297.232540	40820.000000	22.311685	41403.263485
299.568300	41014.000000	22.464672	41420.748107
301.905240	41284.000000	23.273627	41417.447061
304.238400	41508.000000	24.007867	41439.183443
306.571040	41751.000000	24.404870	41464.417640
308.903260	42191.000000	24.437788	41483.336490
311.233340	42347.000000	24.789554	41503.163042
313.562930	42177.000000	24.581677	41499.381447
315.890440	42319.000000	24.278339	41492.255793
318.215790	41904.000000	23.987048	41486.414073
320.540680	41779.000000	23.904060	41482.776346
322.865110	41652.000000	23.728486	41473.885223
325.187410	41382.000000	23.441774	41472.184024
327.509250	41358.000000	24.284841	41475.469745
329.828920	41301.000000	26.531345	41481.266971
332.148160	40995.000000	29.183981	41490.609967
334.465270	41153.000000	31.788555	41499.823927
336.781950	41175.000000	34.204515	41513.345019
339.096470	40914.000000	35.809242	41533.054399
341.408870	41115.000000	37.564186	41561.712252
343.722530	41016.000000	39.549725	41611.481578
346.032350	41391.000000	41.987237	41671.825921
348.341740	41153.000000	44.483891	41752.936158
350.650670	41638.000000	48.029715	41841.955163
352.957460	41665.000000	53.079778	41938.377175
355.263760	41877.000000	57.303736	42031.358228
357.568020	41986.000000	60.781342	42127.685317
359.871800	42117.000000	63.486192	42216.974260
362.173430	42337.000000	65.849361	42308.653087
364.474640	42556.000000	67.484960	42394.156974
366.773710	42511.000000	68.583071	42481.913306
369.072360	42314.000000	70.352465	42574.220998
371.368870	42516.000000	73.278369	42670.985129
373.664920	42669.000000	73.045357	42767.986567
375.958890	42919.000000	71.922580	42864.470872
378.252380	42897.000000	71.485137	42957.844471
380.543790	42999.000000	72.557030	43044.812744
382.834750	42990.000000	74.595550	43123.041177
385.123570	42814.000000	79.382519	43191.163275
387.411960	42973.000000	89.160355	43257.837797
389.698210	43079.000000	104.999065	43325.323120
391.984070	42919.000000	119.951488	43388.308499
394.267790	42926.000000	137.231541	43453.244743
396.551060	42878.000000	158.106819	43518.075188
398.832210	43071.000000	173.555540	43586.160701
401.112950	43172.000000	179.158594	43647.092380
403.391570	43208.000000	169.355181	43705.010254
405.669770	43215.000000	146.610627	43751.779617
407.945860	43567.000000	117.009268	43799.380544
410.221470	43351.000000	89.883162	43832.220943
412.495030	43488.000000	68.375929	43863.472369
414.768100	43477.000000	52.284144	43892.155931
417.039090	43605.000000	40.492265	43925.346358
419.309630	43631.000000	31.032601	43950.563251
421.579740	43643.000000	30.765130	43974.513515
423.846100	43710.000000	30.417133	43997.604529
426.113680	43633.000000	30.323670	44021.667514
428.377470	43836.000000	30.859384	44037.419791
430.642520	43845.000000	32.277658	44056.385608
432.905460	44215.000000	34.056240	44063.892437
435.166320	44305.000000	36.904657	44064.785307
437.426700	44244.000000	42.127115	44056.640714
439.685060	44257.000000	50.111131	44052.321717
441.942900	44132.000000	61.239036	44044.345217
444.198730	44304.000000	76.905923	44035.222719
446.454070	44401.000000	114.907173	44020.819139
448.708980	44108.000000	166.246962	43999.890591
450.961820	44319.000000	222.099302	43972.012887
453.212550	44143.000000	281.827835	43940.337273
455.462890	43985.000000	349.512985	43905.310679
457.711120	44112.000000	364.742258	43876.474846
459.958920	43743.000000	365.752793	43845.051371
462.204590	43902.000000	360.136483	43817.888556
464.449890	43867.000000	331.863483	43790.972936
466.694760	43960.000000	301.819049	43773.387458
468.937500	43523.000000	276.252405	43748.394029
471.178160	43672.000000	261.051250	43720.858443
473.418460	43516.000000	260.958676	43688.537155
475.656620	43280.000000	272.960907	43654.102841
477.894380	43622.000000	294.071885	43615.113211
480.131680	43556.000000	324.267602	43574.887604
482.366910	43564.000000	368.480068	43535.352166
484.600040	43461.000000	414.172185	43506.089179
486.832790	43483.000000	469.216907	43474.096166
489.063450	43674.000000	528.088460	43437.701099
491.293670	43476.000000	573.159467	43401.211108
493.523500	43318.000000	580.326525	43371.509102
495.751190	43558.000000	573.048476	43341.783365
497.976840	43392.000000	546.602774	43308.713569
500.202090	43509.000000	498.558780	43268.360409
502.426910	43226.000000	429.464030	43224.977623
504.649660	43113.000000	360.006644	43178.624538
506.870270	43242.000000	289.240081	43130.216764
509.090550	43002.000000	232.579566	43079.775067
511.310360	42931.000000	213.258823	43033.884731
513.528140	43155.000000	200.653884	42984.450602
515.743770	42708.000000	196.732268	42931.314476
517.959110	42823.000000	195.380233	42874.986563
520.173890	42937.000000	198.116485	42815.670552
522.386660	42608.000000	204.775341	42746.557695
524.597410	42585.000000	217.786531	42680.084885
526.807740	42434.000000	244.011286	42616.341111
529.017580	42384.000000	285.147731	42559.734361
531.225400	42577.000000	343.775518	42505.288099
533.431210	42518.000000	429.050657	42457.694093
535.636470	42673.000000	546.997051	42409.646236
537.841430	42472.000000	696.940691	42367.692239
540.044310	43047.000000	862.262910	42321.151285
542.245120	42977.000000	1015.253789	42268.160509
544.445500	42898.000000	1082.617183	42211.204720
546.645450	42615.000000	1022.704381	42151.189641
548.843380	42325.000000	877.592916	42085.371404
551.040830	42326.000000	710.019550	42028.247521
553.236330	42212.000000	554.988754	41966.632594
555.429690	42042.000000	429.640713	41908.847217
557.622680	41807.000000	341.496563	41854.203199
559.815250	41740.000000	279.325013	41809.215621
562.005800	41691.000000	236.091795	41764.336808
564.195920	41377.000000	208.099810	41729.837729
566.383910	41593.000000	185.603023	41697.272212
568.569950	41594.000000	168.237194	41666.813788
570.755550	41425.000000	152.595582	41635.886681
572.940730	41582.000000	140.163216	41613.240125
575.123900	41234.000000	130.553373	41592.112338
577.306640	41361.000000	123.998563	41580.758160
579.487300	41230.000000	120.529245	41569.311532
581.665950	41539.000000	119.957073	41560.175686
583.844120	41632.000000	119.639172	41548.166441
586.021970	41419.000000	121.324712	41535.214887
588.197750	41556.000000	124.203581	41526.903684
590.373170	41656.000000	128.733188	41519.892235
592.546450	41581.000000	133.221121	41509.809630
594.719420	41436.000000	139.669861	41503.665837
596.890260	41769.000000	146.020603	41493.772090
599.059140	41472.000000	153.507254	41482.825290
601.229190	41463.000000	162.998320	41465.862744
603.395570	41483.000000	175.641591	41453.848555
605.561580	41643.000000	189.290297	41438.196639
607.727170	41844.000000	206.792996	41424.476308
609.890750	41778.000000	230.810544	41401.313608
612.053960	41855.000000	266.587190	41379.301850
614.215030	41905.000000	312.141588	41358.317930
616.375790	42108.000000	378.579729	41342.285333
618.534480	41791.000000	480.003369	41332.425699
620.692750	41998.000000	630.858634	41324.593066
622.849000	42530.000000	849.286575	41327.521343
625.004820	42174.000000	1152.763317	41321.633644
627.158750	42825.000000	1530.671632	41325.643152
629.310490	43205.000000	1949.302542	41323.451024
631.463560	43453.000000	2296.096624	41323.923167
633.612920	43333.000000	2392.234856	41302.268359
635.763490	43228.000000	2152.488973	41259.037845
637.910460	42619.000000	1700.293630	41204.406681
640.058650	42004.000000	1261.501096	41141.798028
642.203190	41735.000000	923.061042	41081.332065
644.348880	41473.000000	690.341131	41019.005215
646.491030	41293.000000	530.414445	40971.883351
648.634400	40903.000000	425.769293	40925.125854
650.774050	40758.000000	357.813403	40881.662482
652.914980	40963.000000	312.415419	40843.690802
655.052250	41033.000000	283.741683	40805.690942
657.190730	40918.000000	266.186672	40758.954210
659.325620	40508.000000	255.675570	40714.483764
661.461730	40785.000000	250.313717	40673.866105
663.594180	40632.000000	248.957325	40639.319564
665.727910	40514.000000	251.583405	40602.815236
667.857910	40532.000000	256.502964	40566.292616
669.989200	40467.000000	263.696519	40531.450429
672.118470	40596.000000	273.652343	40500.050685
674.245670	40316.000000	285.396286	40475.789449
676.372560	40372.000000	297.828976	40458.524336
678.497380	40569.000000	313.396475	40445.759662
680.621830	40652.000000	331.858045	40435.855533
682.744320	40476.000000	357.281995	40423.895232
684.866390	40372.000000	383.331659	40415.228069
686.986450	40530.000000	412.927803	40408.183495
689.106080	40481.000000	445.608699	40397.464610
691.223750	40331.000000	481.618791	40385.939867
693.341000	40436.000000	519.602614	40374.345911
695.457820	40465.000000	561.692074	40367.018051
697.571110	40590.000000	611.431489	40372.060837
699.685610	40419.000000	666.611488	40362.109740
701.798100	40874.000000	732.013881	40340.188950
703.908570	41213.000000	809.049906	40333.731218
706.018620	41164.000000	904.704995	40317.726801
708.126770	40863.000000	1023.418405	40306.961443
710.234380	41165.000000	1171.837158	40291.777221
712.340150	41327.000000	1366.521552	40290.126450
714.445430	41612.000000	1632.816712	40308.303714
716.550350	41929.000000	2010.656802	40376.794628
718.653260	42244.000000	2537.994591	40430.395482
720.754270	43277.000000	3271.850139	40519.178168
722.854800	44499.000000	4375.064752	40594.490685
724.953370	46296.000000	5918.916965	40760.048296
727.051570	48638.000000	7894.745052	40896.072983
729.149350	50743.000000	9761.012200	41012.984524
731.243530	51149.000000	10327.943888	41027.736155
733.338990	49749.000000	8766.380128	40988.857268
735.432370	47408.000000	6505.079464	40733.549942
737.523800	45083.000000	4747.421555	40517.518004
739.614870	43395.000000	3596.941458	40263.576185
741.705570	42230.000000	2789.053370	40111.912931
743.792600	41602.000000	2244.680730	39997.487186
745.880920	41261.000000	1872.679766	39921.868641
747.967220	41621.000000	1607.527266	39883.881141
750.051570	41099.000000	1387.488044	39855.052724
752.135500	40592.000000	1206.573668	39822.188100
754.219120	40565.000000	1058.950081	39788.090961
756.300720	40544.000000	933.674622	39756.499393
758.380310	40258.000000	836.648712	39734.426825
760.459530	40181.000000	761.467518	39720.253631
762.538390	39766.000000	697.382120	39709.777492
764.615300	40245.000000	641.541367	39703.239669
766.690190	40136.000000	590.946780	39696.431909
768.764710	40031.000000	539.412727	39679.489633
770.838810	40213.000000	493.497764	39655.370781
772.909360	39881.000000	453.906213	39631.945560
774.981140	39625.000000	415.983818	39606.428077
777.050960	39990.000000	380.899720	39584.627424
779.120420	39876.000000	349.755082	39561.627378
781.187870	39946.000000	320.926293	39541.293088
783.253420	39582.000000	294.985519	39530.192038
785.318480	39697.000000	274.026411	39538.139369
787.383240	39762.000000	250.627470	39551.577403
789.445980	39568.000000	226.591367	39562.586496
791.506770	39579.000000	204.677992	39576.683059
793.567260	39668.000000	181.428759	39585.453056
795.627260	39751.000000	161.502788	39592.646935
797.685360	39707.000000	144.374405	39598.891090
799.741520	39568.000000	131.058826	39600.488467
801.797240	39584.000000	123.615843	39582.971215
803.852600	39588.000000	117.338610	39559.709142
805.906010	39170.000000	113.134481	39543.900999
807.959050	39747.000000	110.880585	39532.440033
810.010130	39437.000000	109.377266	39517.354689
812.059200	39527.000000	108.062527	39504.324527
814.107970	39664.000000	106.456043	39494.201382
816.156370	39681.000000	105.589020	39476.765210
818.202760	39511.000000	104.671230	39454.250162
820.247190	39344.000000	104.068298	39427.227259
822.292850	39308.000000	103.641940	39403.332861
824.335020	39546.000000	101.806785	39375.330076
826.376770	39524.000000	97.733159	39340.549688
828.418090	39335.000000	93.007580	39299.809915
830.457520	39253.000000	86.836749	39263.970048
832.496640	39303.000000	81.211973	39225.879715
834.533690	39192.000000	78.925470	39182.560705
836.568910	38977.000000	77.409043	39140.469267
838.603700	39084.000000	76.193606	39100.817153
840.638060	39012.000000	76.432876	39058.670344
842.670530	38934.000000	77.066546	39015.480865
844.702640	38721.000000	78.194429	38974.198250
846.732790	39011.000000	79.430282	38935.888407
848.762570	39038.000000	80.665679	38888.553956
850.790470	38732.000000	82.098385	38835.487538
852.816350	38881.000000	83.726166	38780.314522
854.843440	38674.000000	85.220640	38723.908990
856.867070	38868.000000	84.989389	38666.028196
858.890200	38709.000000	84.081904	38602.084194
860.913150	38562.000000	82.785967	38535.151105
862.934020	38282.000000	81.580457	38474.298528
864.954530	38395.000000	80.071422	38413.309994
866.973140	38335.000000	78.896139	38351.034560
868.991390	38176.000000	78.060302	38293.521593
871.007690	38499.000000	78.338049	38238.165158
873.023620	38282.000000	86.952043	38177.081700
875.037660	38003.000000	95.902902	38112.368921
877.051270	38191.000000	106.858531	38047.223055
879.062990	38063.000000	120.493294	37984.634672
881.074340	37980.000000	138.001616	37924.982970
883.083740	37969.000000	158.858153	37867.041366
885.092770	38041.000000	182.747268	37808.304781
887.099850	37899.000000	207.357930	37750.959906
889.104980	38048.000000	239.030732	37686.733113
891.111450	37734.000000	269.599946	37616.407515
893.114260	37652.000000	298.501471	37546.075985
895.118410	37847.000000	324.089003	37479.154762
897.119020	37930.000000	346.105736	37411.735193
899.120790	37649.000000	365.546910	37341.995943
901.119080	37728.000000	386.470854	37272.647261
903.118650	37583.000000	407.103664	37205.018565
905.114620	37720.000000	411.657374	37146.809990
907.111880	37410.000000	408.849543	37092.531821
909.107180	37394.000000	404.094308	37045.605242
911.100520	37489.000000	395.553862	37002.467179
913.093630	37406.000000	387.295807	36960.220997
915.084660	37372.000000	379.897713	36916.558880
917.075380	37505.000000	366.330149	36865.250022
919.064210	37335.000000	347.332721	36808.737206
921.052730	37238.000000	315.058740	36750.539013
923.039310	37171.000000	280.528762	36688.921120
925.025450	36844.000000	243.096648	36633.555662
927.009770	36654.000000	209.839123	36582.154352
928.993650	36736.000000	184.448435	36524.096813
930.975590	36829.000000	175.796088	36463.942811
932.957280	36545.000000	171.805582	36403.367587
934.937010	36638.000000	174.051043	36342.994569
936.916380	36626.000000	176.373953	36284.575878
938.895390	36499.000000	177.205055	36233.956200
940.870970	36354.000000	181.242389	36189.511957
942.847660	36476.000000	188.183217	36149.480398
944.822510	36286.000000	198.202231	36106.974908
946.795470	36113.000000	209.433753	36067.231827
948.768010	36216.000000	225.622299	36025.143602
950.738710	36188.000000	246.008084	35989.382344
952.708980	36265.000000	277.488197	35959.885757
954.677310	36203.000000	325.630853	35940.197882
956.645390	36270.000000	393.743002	35933.600485
958.613160	36458.000000	490.836644	35937.152683
960.578920	36439.000000	630.967524	35938.984895
962.542720	36799.000000	813.643537	35936.727259
964.506290	36881.000000	1030.513653	35940.152646
966.467960	36948.000000	1237.860444	35947.907164
968.429260	37194.000000	1333.150672	35948.400072
970.390140	37125.000000	1298.979003	35933.667228
972.347660	36909.000000	1185.075582	35900.823863
974.306270	36810.000000	1081.196057	35884.363866
976.263060	36796.000000	1076.865935	35845.206390
978.218020	36563.000000	1221.125194	35805.399284
980.172490	37019.000000	1596.651659	35774.954209
982.125120	38035.000000	2335.050659	35774.641260
984.077390	39460.000000	3475.153988	35801.058781
986.029360	40251.000000	4665.703712	35872.332126
987.979370	40600.000000	5159.866523	35900.965753
989.927490	39824.000000	4328.067970	35854.972090
991.875310	38126.000000	2897.508853	35690.927809
993.822750	37062.000000	1788.158851	35536.973053
995.768370	36402.000000	1102.643962	35453.163196
997.711980	36007.000000	729.624924	35389.263936
999.655270	35632.000000	522.427068	35336.724663
1001.596700	35700.000000	406.872876	35288.033727
1003.537700	35652.000000	338.818942	35254.702399
1005.478600	35286.000000	293.450498	35227.123430
1007.417400	35557.000000	261.066824	35212.783009
1009.354300	35604.000000	235.933420	35195.746428
1011.291000	35314.000000	214.194782	35180.974157
1013.227200	35272.000000	194.483439	35174.770048
1015.161600	35518.000000	178.727099	35168.813628
1017.094100	35404.000000	166.951700	35158.041349
1019.026200	35545.000000	156.589966	35149.480479
1020.958000	35566.000000	147.056676	35145.909742
1022.888000	35256.000000	138.192250	35138.116784
1024.816000	35311.000000	131.092212	35126.816001
1026.743800	35168.000000	124.782489	35115.414115
1028.671100	35487.000000	119.244757	35103.734752
1030.596600	35479.000000	115.447442	35096.042527
1032.521700	35363.000000	113.215391	35084.387265
1034.444900	35405.000000	111.277627	35074.633802
1036.366300	35473.000000	109.933069	35067.693668
1038.287400	35532.000000	108.743828	35058.823804
1040.208100	35479.000000	109.129213	35042.111914
1042.127000	35249.000000	109.552574	35028.141421
1044.043800	35303.000000	110.852428	35014.794973
1045.960400	35253.000000	113.016275	35000.621656
1047.876700	35156.000000	117.218821	34984.234952
1049.791000	35133.000000	123.522017	34972.032771
1051.705100	35163.000000	132.135547	34967.011368
1053.617300	35268.000000	141.251478	34957.274219
1055.527600	34981.000000	150.101397	34938.317548
1057.437500	35172.000000	164.717765	34919.099097
1059.347300	35255.000000	185.969444	34907.696099
1061.255000	35218.000000	221.650055	34896.044174
1063.162500	35144.000000	274.930590	34888.391748
1065.068000	35186.000000	343.221430	34886.683628
1066.971700	35252.000000	427.510507	34892.337233
1068.875000	35464.000000	528.166450	34897.607314
1070.778100	35631.000000	625.625632	34896.223267
1072.679200	35684.000000	698.683295	34887.339931
1074.580000	35498.000000	723.206002	34875.921977
1076.479000	35408.000000	687.697685	34862.053947
1078.377600	35355.000000	608.178954	34844.282949
1080.274400	35443.000000	509.178200	34830.275623
1082.169200	35307.000000	410.002184	34826.052785
1084.065300	35155.000000	325.335393	34823.654619
1085.958000	34916.000000	259.616528	34817.010873
1087.850300	34871.000000	207.505475	34812.383005
1089.742400	35005.000000	167.395524	34807.941275
1091.632600	34973.000000	138.010701	34797.859412
1093.522500	34835.000000	118.985464	34792.200369
1095.410400	35039.000000	102.625982	34786.488549
1097.298100	34882.000000	91.102847	34783.626398
1099.183800	34822.000000	81.862800	34775.058977
1101.069300	34856.000000	79.058894	34767.402101
1102.952900	34865.000000	76.878136	34752.923003
1104.834600	34775.000000	75.956237	34744.719825
1106.717700	35000.000000	76.363800	34738.351578
1108.597200	34926.000000	77.407443	34733.230432
1110.477900	34658.000000	78.616631	34729.234271
1112.355300	34787.000000	79.824288	34724.269723
1114.232300	34689.000000	80.585488	34720.623468
1116.109100	34911.000000	81.382669	34722.954150
1117.984000	34811.000000	82.832980	34722.075247
1119.858500	34670.000000	84.939085	34728.896973
1121.731300	34832.000000	88.597730	34732.796727
1123.603600	34848.000000	93.773059	34738.660943
1125.474100	34848.000000	103.263221	34743.530568
1127.344400	35007.000000	118.537113	34756.150509
1129.212600	34967.000000	149.197743	34762.805627
1131.080700	34868.000000	196.005390	34765.734150
1132.946900	34971.000000	261.109248	34769.124064
1134.812700	35233.000000	337.645321	34772.733981
1136.676800	35123.000000	382.202934	34772.242927
1138.540400	35157.000000	366.403349	34774.121612
1140.402300	35479.000000	309.966392	34774.061173
1142.263800	35038.000000	243.910183	34776.622364
1144.123400	35159.000000	189.933901	34786.486572
1145.982800	35028.000000	150.298056	34786.431200
1147.841800	34630.000000	120.247775	34784.827396
1149.697500	35293.000000	100.886662	34782.818069
1151.554400	34832.000000	87.459002	34785.332540
1153.407800	34560.000000	82.918749	34789.039358
1155.262600	34883.000000	80.766481	34794.493477
1157.115500	35044.000000	80.571737	34803.284732
1158.966400	34907.000000	81.752111	34808.508465
1160.817100	35052.000000	84.434435	34816.890118
1162.666000	35207.000000	87.112102	34820.948695
1164.514500	34999.000000	89.556462	34821.133721
1166.361300	34962.000000	93.815576	34822.309506
1168.207600	35061.000000	98.503227	34826.090977
1170.052200	35012.000000	104.924073	34825.504135
1171.896500	34816.000000	111.429799	34827.666971
1173.740400	34929.000000	119.498495	34823.103250
1175.580900	34929.000000	128.936846	34821.441108
1177.422900	35174.000000	140.181756	34821.055854
1179.262700	35163.000000	152.043085	34824.788257
1181.100700	34869.000000	162.267117	34826.353127
1182.938600	34900.000000	173.789495	34829.008871
1184.774500	34900.000000	187.062665	34832.916782
1186.610200	35190.000000	203.251922	34837.184610
1188.444000	34866.000000	222.733806	34844.375647
1190.277500	35281.000000	249.873678	34856.442612
1192.110700	35311.000000	287.993135	34871.815939
1193.942000	35348.000000	339.363236	34887.054173
1195.771600	35457.000000	404.145354	34913.935310
1197.600700	35323.000000	483.926668	34946.185776
1199.428100	35441.000000	567.587930	34975.245322
1201.255200	35694.000000	637.790178	35005.411313
1203.082000	35867.000000	664.975488	35025.741031
1204.907000	35686.000000	636.550740	35034.318833
1206.730100	35735.000000	572.586530	35044.692140
1208.552900	35590.000000	496.566138	35059.572930
1210.373900	35540.000000	425.046556	35068.775024
1212.194600	35436.000000	358.315457	35079.385638
1214.015000	35524.000000	310.740361	35092.182200
1215.833500	35300.000000	283.106762	35112.035325
1217.650300	35511.000000	268.643114	35136.575150
1219.466700	35525.000000	271.498839	35162.373324
1221.281300	35373.000000	280.572144	35183.475774
1223.095600	35753.000000	294.941858	35203.797210
1224.909500	35763.000000	313.922692	35219.721412
1226.721700	35591.000000	334.794200	35234.654731
1228.532000	35639.000000	363.568575	35257.921253
1230.342000	35664.000000	398.303138	35287.846476
1232.151700	35828.000000	443.892669	35312.050734
1233.959700	35940.000000	500.836500	35336.951835
1235.765900	36246.000000	570.445447	35366.050067
1237.571700	36205.000000	658.304797	35404.143985
1239.377100	36436.000000	770.056568	35433.263104
1241.180800	36539.000000	912.787850	35466.661051
1242.982700	36458.000000	1090.602705	35484.913339
1244.784200	36871.000000	1314.759831	35517.443631
1246.585300	37115.000000	1611.362750	35531.084613
1248.384900	37263.000000	1986.522624	35544.829169
1250.182500	37755.000000	2454.438109	35578.694192
1251.979700	38568.000000	2995.942293	35618.443454
1253.776900	39260.000000	3573.365695	35651.248009
1255.572000	39635.000000	4080.493409	35692.097290
1257.365500	39832.000000	4315.488692	35721.284882
1259.160000	39820.000000	4173.071039	35721.494998
1260.951300	39586.000000	3712.395783	35723.404335
1262.742300	38588.000000	3125.351291	35724.315497
1264.533100	38265.000000	2553.590888	35712.890869
1266.322000	37931.000000	2051.047164	35704.214807
1268.109000	37081.000000	1642.398993	35707.639451
1269.895800	37048.000000	1331.654893	35725.136433
1271.682400	36791.000000	1098.083455	35744.194949
1273.466900	36747.000000	923.498825	35768.024087
1275.251500	36579.000000	795.612984	35780.553431
1277.033900	36423.000000	704.289438	35802.848476
1278.814700	36504.000000	637.345597	35840.235785
1280.595200	36787.000000	587.066307	35884.744299
1282.375400	36421.000000	548.344019	35933.038363
1284.153800	36292.000000	515.025575	35987.164260
1285.931900	36493.000000	491.446537	36043.280079
1287.708100	36625.000000	476.580764	36095.999434
1289.482500	36516.000000	467.590145	36148.984277
1291.256800	36666.000000	465.612149	36200.575680
1293.030600	36471.000000	470.294431	36253.604771
1294.802900	36852.000000	479.082906	36310.858925
1296.574600	36920.000000	489.111282	36363.913477
1298.344600	36680.000000	501.603732	36408.083827
1300.114400	36584.000000	522.108371	36457.882816
1301.882300	36896.000000	549.395402	36506.766194
1303.648300	36799.000000	589.827603	36555.444893
1305.415800	37152.000000	646.801746	36602.030590
1307.179700	37338.000000	724.997303	36657.941608
1308.943500	37364.000000	828.513266	36715.662220
1310.707000	37507.000000	1011.704867	36767.992983
1312.468600	37631.000000	1234.501306	36806.726519
1314.230000	38375.000000	1482.577797	36838.440201
1315.989500	38415.000000	1751.868223	36878.702393
1317.748800	38724.000000	2016.627682	36906.274564
1319.506200	38988.000000	2265.276307	36934.667423
1321.263400	39177.000000	2491.074439	36956.792397
1323.018900	39239.000000	2721.484001	37002.767768
1324.774000	39556.000000	3019.660688	37062.290929
1326.527300	39937.000000	3398.928332	37117.285964
1328.278900	40594.000000	3919.285200	37171.770789
1330.031700	41067.000000	4627.125909	37245.675281
1331.781100	42181.000000	5470.319180	37338.735436
1333.531900	43072.000000	6338.915235	37446.903677
1335.279300	43503.000000	6849.913535	37518.993755
1337.027800	43531.000000	6706.846746	37540.769689
1338.773200	42767.000000	5966.876326	37517.981243
1340.518300	41618.000000	4980.592536	37452.516989
1342.263100	40892.000000	4068.190743	37404.121081
1344.006000	40050.000000	3319.923210	37358.792868
1345.748700	39514.000000	2771.212045	37330.136992
1347.489500	39018.000000	2389.476156	37303.971857
1349.230200	38954.000000	2156.783003	37284.684686
1350.969100	38656.000000	2022.888028	37271.238247
1352.707500	38917.000000	1958.442467	37269.637905
1354.445900	38556.000000	1945.676927	37302.048678
1356.180900	40004.000000	1958.905834	37322.615332
1357.917000	39072.000000	1995.352689	37332.109117
1359.649900	38804.000000	2060.402644	37347.446600
1361.384200	38852.000000	2151.403291	37372.240790
1363.115000	39131.000000	2269.320423	37398.160707
1364.847000	39434.000000	2415.409916	37426.022096
1366.577400	39725.000000	2563.712796	37467.669076
1368.305900	39977.000000	2702.072243	37514.001892
1370.034300	40009.000000	2787.611974	37552.993994
1371.760600	40406.000000	2809.742881	37589.175485
1373.486900	39941.000000	2743.558300	37629.798582
1375.211300	39812.000000	2615.035003	37657.908650
1376.935400	39701.000000	2436.147135	37675.854045
1378.657800	39659.000000	2241.689419	37693.610582
1380.380000	39397.000000	2056.839322	37713.710531
1382.100200	39348.000000	1913.169748	37740.506014
1383.820300	39184.000000	1821.185387	37760.799271
1385.540200	39172.000000	1804.526768	37772.994407
1387.256500	39425.000000	1860.094926	37796.198141
1388.974200	39569.000000	1950.702533	37807.135547
1390.690300	39428.000000	1928.517367	37802.349845
1392.404400	39355.000000	1732.892148	37784.010915
1394.118400	38935.000000	1422.226779	37765.808932
1395.830400	38776.000000	1127.031021	37750.613833
1397.542200	38562.000000	888.580503	37724.248470
1399.252300	38529.000000	705.319501	37701.367573
1400.962200	38191.000000	573.907727	37697.260174
1402.671800	38185.000000	494.940149	37700.913228
1404.379500	38030.000000	432.907955	37713.595833
1406.085600	38191.000000	385.850054	37731.273762
1407.791300	37987.000000	345.961065	37738.560587
1409.495200	37935.000000	311.631129	37740.801166
1411.199000	38073.000000	281.907926	37740.332483
1412.902500	38055.000000	254.661235	37737.405196
1414.604000	37968.000000	232.574113	37735.087492
1416.304000	38026.000000	218.142152	37714.837248
1418.003700	37726.000000	208.651874	37691.515354
1419.701500	37780.000000	202.724315	37670.579885
1421.399000	37851.000000	199.298898	37650.289100
1423.096400	37762.000000	198.138702	37630.411627
1424.792000	37695.000000	198.014780	37607.132745
1426.485700	37443.000000	197.712367	37591.239072
1428.179300	37638.000000	196.702296	37575.438839
1429.871100	37886.000000	198.015645	37559.194643
1431.562500	37963.000000	201.375385	37538.359534
1433.253900	37758.000000	206.047038	37525.264113
1434.943400	37770.000000	213.686301	37522.808968
1436.631000	37898.000000	222.968688	37521.435057
1438.318500	37629.000000	235.181792	37520.910014
1440.005600	37550.000000	249.751147	37519.412010
1441.691000	37543.000000	273.855012	37523.598016
1443.374800	37706.000000	306.818205	37532.091649
1445.058200	37813.000000	354.967258	37546.496217
1446.741300	37938.000000	421.864904	37562.977721
1448.422900	37979.000000	515.771735	37583.830133
1450.102400	38180.000000	642.802558	37602.504754
1451.781700	38397.000000	812.315480	37624.169450
1453.460900	38605.000000	1018.587280	37639.862894
1455.138200	38650.000000	1246.511911	37653.376570
1456.813800	39167.000000	1457.926239	37662.414527
1458.489100	38865.000000	1570.970409	37665.279522
1460.164300	39012.000000	1531.501838	37669.039363
1461.837600	39008.000000	1360.606043	37663.453737
1463.509200	38564.000000	1133.132544	37659.278607
1465.180500	38394.000000	903.505108	37647.180371
1466.851600	38190.000000	700.144096	37642.311612
1468.520900	37959.000000	539.086490	37639.246389
1470.189900	38025.000000	421.206901	37637.828971
1471.857200	38028.000000	339.082422	37632.253727
1473.522800	37918.000000	284.876434	37634.254032
1475.188100	37872.000000	246.054958	37632.398089
1476.853100	37603.000000	221.286493	37637.827488
1478.516500	37880.000000	199.990288	37644.470122
1480.178000	37904.000000	179.026344	37661.032211
1481.839200	37713.000000	163.207726	37673.486902
1483.500400	38043.000000	153.991000	37681.233016
1485.159700	37739.000000	146.959049	37683.693104
1486.818600	37809.000000	141.782979	37687.120715
1488.476000	37672.000000	137.585525	37686.585784
1490.131500	37724.000000	133.500050	37687.932999
1491.788300	37591.000000	130.202850	37688.325051
1493.441800	37715.000000	128.130009	37696.406362
1495.095100	37798.000000	126.450648	37705.917450
1496.748000	37758.000000	124.958052	37709.619943
1498.399400	37911.000000	124.068179	37711.827397
1500.050400	37768.000000	124.066325	37715.939245
1501.699700	37703.000000	123.444150	37717.954381
1503.347300	37943.000000	123.356906	37718.517493
1504.996100	37898.000000	124.206485	37714.926238
1506.641600	37587.000000	126.088414	37713.317985
1508.287000	37759.000000	128.837273	37719.769784
1509.932000	37937.000000	132.107119	37729.424246
1511.575300	37742.000000	137.164520	37735.973440
1513.218500	38011.000000	143.762705	37746.740281
1514.859700	37737.000000	152.438443	37749.718491
1516.500900	37726.000000	162.144647	37749.468824
1518.140300	37969.000000	173.642120	37749.795616
1519.777800	37860.000000	186.403318	37750.330053
1521.416700	37837.000000	197.879255	37757.692025
1523.052200	38027.000000	209.561476	37764.166071
1524.689200	37966.000000	224.408755	37767.277767
1526.322800	37901.000000	243.697595	37769.631561
1527.956200	37947.000000	270.302784	37771.754969
1529.589400	37833.000000	307.374363	37775.436202
1531.220800	37875.000000	355.800368	37781.836090
1532.851900	38121.000000	417.216241	37789.067544
1534.481400	38419.000000	503.367533	37798.137636
1536.110600	38265.000000	616.077031	37800.567566
1537.738000	38295.000000	751.799027	37808.550988
1539.365200	38691.000000	913.126014	37821.728478
1540.990700	38767.000000	1104.208709	37833.306614
1542.616000	38865.000000	1315.911638	37836.024280
1544.239500	39022.000000	1533.876891	37843.377848
1545.862700	39376.000000	1730.808909	37857.861024
1547.484400	39755.000000	1856.727507	37866.823339
1549.105600	39623.000000	1869.368090	37872.679892
1550.725100	39551.000000	1758.547071	37862.202764
1552.344500	39207.000000	1561.748539	37848.940238
1553.962000	38875.000000	1336.013318	37832.881438
1555.579300	38793.000000	1121.348741	37818.408150
1557.195100	38617.000000	931.730431	37804.684852
1558.810400	38578.000000	774.781584	37798.424877
1560.424100	38399.000000	644.679203	37797.074201
1562.037500	38302.000000	542.893052	37801.273556
1563.649200	38187.000000	462.373396	37801.785251
1565.260600	37945.000000	401.263921	37809.607501
1566.870500	38050.000000	353.925514	37818.081358
1568.479900	38001.000000	316.991468	37831.059609
1570.089100	38143.000000	288.909581	37834.383892
1571.695200	37643.000000	266.734303	37844.296920
1573.302500	37999.000000	248.205481	37859.176104
1574.906500	37924.000000	231.625222	37880.723629
1576.511800	37790.000000	216.586258	37898.382771
1578.115500	38305.000000	203.037419	37919.208486
1579.717400	37931.000000	189.995206	37932.434427
1581.319100	37937.000000	176.576561	37945.136314
1582.919100	38301.000000	164.946266	37956.922094
1584.518700	37899.000000	154.713707	37974.161993
1586.116600	37927.000000	144.764186	37996.668636
1587.714500	38004.000000	134.840219	38018.460885
1589.310500	38118.000000	125.844008	38038.700253
1590.906300	38123.000000	117.591305	38059.258008
1592.501800	38066.000000	110.758408	38081.342936
1594.095700	38023.000000	105.989091	38104.855170
1595.687900	38004.000000	102.096891	38127.032055
1597.279700	38158.000000	98.722219	38152.044765
1598.869900	38224.000000	96.568684	38178.501096
1600.459700	38262.000000	96.062860	38206.197359
1602.048100	38260.000000	96.019686	38233.768046
1603.636000	38174.000000	96.036936	38263.806238
1605.223900	38482.000000	96.517646	38298.670178
1606.809800	38218.000000	96.229655	38333.390250
1608.394200	38177.000000	95.774886	38370.589691
1609.978300	38372.000000	95.096412	38411.966240
1611.560700	38389.000000	94.324529	38452.323355
1613.142900	38433.000000	92.713278	38492.658717
1614.724700	38869.000000	91.039673	38532.005297
1616.304900	38530.000000	88.813207	38568.512591
1617.883500	38527.000000	87.432529	38606.403191
1619.461800	38727.000000	85.987425	38643.336156
1621.038300	38662.000000	84.383297	38677.395227
1622.614700	38740.000000	82.160122	38714.199156
1624.190800	38794.000000	78.981051	38751.868269
1625.765300	38884.000000	74.786624	38787.796631
1627.337900	38886.000000	70.023262	38818.302517
1628.910400	38745.000000	65.497216	38848.630916
1630.482700	39029.000000	89.756103	38879.176353
1632.053200	39059.000000	120.773374	38902.248579
1633.622100	38975.000000	156.412912	38920.461933
1635.190600	38863.000000	193.205934	38942.727808
1636.759000	39197.000000	229.274472	38969.240500
1638.325700	39398.000000	259.654133	38993.247619
1639.890700	39297.000000	284.301241	39005.059108
1641.455400	39162.000000	302.497353	39016.142359
1643.019900	39162.000000	308.358263	39022.066149
1644.582800	39093.000000	304.288562	39017.990392
1646.143900	38921.000000	296.457227	39005.413092
1647.704700	39109.000000	284.270033	38997.273443
1649.265500	39189.000000	269.658778	38983.510594
1650.824500	39125.000000	252.510929	38968.332304
1652.381600	39371.000000	234.511027	38948.737128
1653.938700	39174.000000	216.365235	38928.976825
1655.495500	38977.000000	197.259845	38903.245765
1657.050700	39095.000000	183.486567	38872.442256
1658.604100	38875.000000	165.909355	38837.518001
1660.157200	38969.000000	146.152435	38806.481140
1661.710200	39205.000000	126.748804	38767.893450
1663.261500	38734.000000	112.981313	38731.338694
1664.811200	38801.000000	97.915930	38690.825846
1666.361900	38594.000000	82.741819	38652.395371
1667.909700	38614.000000	67.480904	38616.641034
1669.457200	38841.000000	55.055471	38579.339748
1671.004300	38628.000000	43.490637	38535.168409
1672.549900	38499.000000	34.743652	38490.543713
1674.093600	38293.000000	27.881267	38446.370890
1675.637300	38383.000000	25.886300	38401.410009
1677.180800	38352.000000	24.338218	38354.538307
1678.722400	38566.000000	22.753398	38307.104484
1680.263900	38232.000000	21.336598	38263.711810
1681.803700	38130.000000	20.585400	38221.763251
1683.341800	38196.000000	20.190375	38176.691626
1684.881200	38127.000000	19.875739	38133.099218
1686.417500	38039.000000	20.091263	38091.725636
1687.953400	37966.000000	21.022985	38052.679645
1689.489100	38165.000000	22.276939	38014.039549
1691.023200	38115.000000	23.401045	37972.862240
1692.557100	37922.000000	24.244749	37927.973539
1694.089200	37942.000000	24.596840	37879.228591
1695.619800	37834.000000	24.910085	37828.962898
1697.151500	37613.000000	24.943928	37779.667198
1698.680200	37601.000000	24.852547	37731.024095
1700.208500	37557.000000	24.473405	37686.808260
1701.736600	37376.000000	23.970530	37644.382120
1703.263100	37790.000000	23.363504	37602.906693
1704.789300	37524.000000	22.656401	37560.281314
1706.314000	37559.000000	21.608643	37517.733059
1707.838100	37752.000000	20.746151	37468.754264
1709.361000	37374.000000	20.050785	37420.472560
1710.883300	37473.000000	19.559978	37370.180663
1712.404100	37420.000000	19.432124	37323.686676
1713.923100	37297.000000	19.370433	37280.159034
1715.443500	37286.000000	19.405846	37238.494750
1716.960700	37120.000000	19.404579	37193.585779
1718.479100	37230.000000	19.235949	37147.539710
1719.994500	37108.000000	18.945408	37106.404919
1721.509600	37002.000000	18.549183	37066.015174
1723.024400	36829.000000	18.277486	37026.598390
1724.537600	37085.000000	18.178575	36988.220321
1726.050700	37138.000000	18.318484	36950.843394
1727.561900	36939.000000	18.658493	36909.760019
1729.073000	37042.000000	19.208623	36868.055689
1730.582400	36923.000000	19.683643	36826.566914
1732.091700	37097.000000	20.163925	36782.207211
1733.599200	36753.000000	20.486594	36737.081203
1735.106600	36818.000000	20.631740	36694.031636
1736.612100	36482.000000	20.319907	36650.394239
1738.117600	36662.000000	20.072812	36611.695681
1739.621300	36719.000000	19.957194	36573.513886
1741.125000	36390.000000	19.482712	36536.654585
1742.626800	36418.000000	18.642638	36502.271193
1744.128400	36233.000000	17.792595	36465.839788
1745.628500	36524.000000	16.947674	36432.887904
1747.128300	36596.000000	16.219258	36396.749673
1748.626300	36324.000000	15.752203	36363.254701
1750.124300	36406.000000	15.487480	36330.636778
1751.620500	36202.000000	15.222620	36294.628819
1753.116600	36349.000000	15.224893	36258.248830
1754.612400	36371.000000	15.420569	36226.606587
1756.105100	36361.000000	15.613825	36192.718822
1757.599100	36276.000000	15.660789	36163.124346
1759.091300	36267.000000	15.694212	36130.934813
1760.582000	36234.000000	15.560806	36101.975382
1762.072400	36272.000000	15.466406	36074.483303
1763.561000	35993.000000	15.604145	36042.864296
1765.049600	35702.000000	15.558818	36015.866113
1766.536500	36167.000000	15.322805	35991.931669
1768.023200	36067.000000	15.078283	35969.236169
1769.508100	35941.000000	14.973572	35942.690106
1770.992900	35789.000000	14.655332	35917.295973
1772.477500	35957.000000	14.081486	35895.011064
1773.959000	35993.000000	13.683612	35874.771202
1775.441700	35937.000000	13.385605	35852.020330
1776.922700	35813.000000	13.090209	35828.988396
1778.402100	35902.000000	12.746257	35809.745721
1779.881300	35989.000000	12.481893	35790.937614
1781.358900	35687.000000	12.210903	35772.364343
1782.836200	35913.000000	12.119059	35754.792708
1784.311900	35823.000000	12.344994	35738.602895
1785.787400	35861.000000	12.507633	35719.542649
1787.262600	35728.000000	12.548623	35702.016498
1788.736200	35845.000000	12.630821	35683.692400
1790.208300	35703.000000	12.581934	35667.439552
1791.679800	35825.000000	12.658308	35649.862726
1793.150000	35682.000000	12.818598	35632.102728
1794.619900	35700.000000	12.896173	35608.602359
1796.089600	35697.000000	12.816355	35586.090278
1797.557600	35527.000000	12.737238	35565.905540
1799.023900	35427.000000	12.631669	35547.140199
1800.490100	35695.000000	12.438033	35528.786066
1801.954600	35376.000000	12.180392	35511.087126
1803.418900	35573.000000	12.060379	35497.634754
1804.883100	35293.000000	12.031890	35484.387307
1806.345500	35673.000000	11.964149	35470.624705
1807.806400	35511.000000	11.980277	35455.486956
1809.266800	35340.000000	11.994768	35443.472890
1810.727400	35433.000000	11.907913	35432.315357
1812.186000	35436.000000	11.798547	35418.079870
1813.643300	35458.000000	11.627281	35405.050079
1815.100100	35575.000000	11.487703	35396.007426
1816.556800	35288.000000	11.354400	35381.129602
1818.010400	35277.000000	11.542194	35364.410667
1819.465300	35369.000000	11.986305	35348.739717
1820.918500	35583.000000	12.409936	35335.381650
1822.370100	35274.000000	12.820005	35320.206451
1823.821400	35645.000000	13.104670	35305.950323
1825.272600	35382.000000	13.240618	35292.800642
1826.722200	35334.000000	13.278388	35281.285788
1828.169900	35286.000000	13.388466	35270.693343
1829.617600	35279.000000	13.568545	35261.024049
1831.065200	35466.000000	13.826702	35252.388526
1832.511000	35174.000000	14.217101	35245.080937
1833.956500	35253.000000	14.672693	35235.536601
1835.400500	35224.000000	14.981027	35225.204700
1836.842900	35481.000000	15.130071	35216.000009
1838.285200	35275.000000	15.052684	35211.446671
1839.727100	35215.000000	15.078152	35204.549797
1841.167400	35283.000000	14.638270	35198.115301
1842.606100	35094.000000	14.105776	35196.038119
1844.044400	35002.000000	13.581224	35197.700137
1845.482800	35000.000000	13.275761	35206.501528
1846.919400	35201.000000	13.023819	35209.440804
1848.356000	35019.000000	13.021606	35206.665665
1849.790800	35276.000000	13.123395	35204.499987
1851.224000	35218.000000	13.185455	35204.305938
1852.656900	35041.000000	13.042841	35206.819421
1854.089700	35273.000000	12.880901	35217.529778
1855.520800	35395.000000	12.407944	35227.800127
1856.951800	34957.000000	11.956560	35231.333909
1858.381100	35130.000000	11.619781	35230.011784
1859.808700	35415.000000	11.416818	35226.277775
1861.236300	35533.000000	10.917801	35229.355357
1862.663500	35287.000000	10.510244	35238.016959
1864.089100	35004.000000	10.047940	35250.601551
1865.514600	35151.000000	9.797801	35260.678841
1866.938500	35323.000000	9.350695	35272.483903
1868.360700	35346.000000	9.236759	35280.080587
1869.784200	35425.000000	9.165005	35288.864798
1871.204500	35305.000000	9.106184	35296.065969
1872.624600	35198.000000	9.228710	35304.347138
1874.044700	35549.000000	9.596094	35312.893670
1875.463000	35333.000000	9.729122	35322.281409
1876.881200	35391.000000	9.764010	35332.573264
1878.297700	35528.000000	9.770244	35342.096465
1879.714100	35349.000000	9.790143	35347.273354
1881.128800	35367.000000	10.204822	35352.275970
1882.541900	35473.000000	10.766103	35357.270923
1883.956200	35730.000000	11.245709	35355.923338
1885.367400	35783.000000	11.959105	35353.534442
1886.778600	35423.000000	12.475208	35344.300212
1888.189500	35940.000000	12.360830	35349.286142
