Raman_Shift Original_Spectrum Predicted_Raman Predicted_Baseline
294.894650 56220.000000 12.061908 55973.484375
297.232540 56145.000000 11.529483 55969.875000
299.568300 56045.000000 11.010964 55971.976562
301.905240 56137.000000 10.806382 55970.238281
304.238400 56055.000000 11.342497 55965.996094
306.571040 55913.000000 12.111699 55956.617188
308.903260 56301.000000 12.966326 55950.164062
311.233340 56514.000000 14.105124 55943.625000
313.562930 55980.000000 15.220004 55939.511719
315.890440 56073.000000 15.161281 55941.300781
318.215790 55669.000000 14.538275 55952.054688
320.540680 55711.000000 13.581604 55972.207031
322.865110 55760.000000 12.581984 55998.945312
325.187410 55468.000000 11.867676 56033.320312
327.509250 55935.000000 11.493937 56078.617188
329.828920 56051.000000 11.099116 56137.910156
332.148160 56238.000000 11.241149 56201.976562
334.465270 56096.000000 12.194874 56269.937500
336.781950 56379.000000 13.285803 56344.644531
339.096470 56108.000000 14.542644 56425.199219
341.408870 56496.000000 14.983623 56511.941406
343.722530 56572.000000 15.189369 56604.789062
346.032350 56864.000000 15.569788 56699.554688
348.341740 56732.000000 16.790455 56794.062500
350.650670 57144.000000 17.627806 56890.246094
352.957460 57254.000000 19.122015 56988.421875
355.263760 57328.000000 20.888611 57093.398438
357.568020 57218.000000 22.356373 57204.027344
359.871800 57507.000000 23.808540 57318.238281
362.173430 57544.000000 23.896633 57436.792969
364.474640 57968.000000 23.229759 57558.679688
366.773710 57675.000000 22.719213 57681.136719
369.072360 57637.000000 21.892841 57803.597656
371.368870 57985.000000 21.548271 57925.546875
373.664920 58004.000000 22.138088 58047.195312
375.958890 58219.000000 24.525637 58167.589844
378.252380 58611.000000 27.537771 58284.906250
380.543790 58670.000000 33.274117 58399.375000
382.834750 58765.000000 39.246223 58505.285156
385.123570 58696.000000 43.678131 58601.714844
387.411960 58933.000000 45.974155 58691.882812
389.698210 59141.000000 45.413361 58776.867188
391.984070 59203.000000 43.479794 58857.062500
394.267790 59135.000000 40.168743 58932.550781
396.551060 59037.000000 36.757515 59003.343750
398.832210 59258.000000 34.342522 59069.414062
401.112950 59359.000000 33.768913 59131.636719
403.391570 59694.000000 31.244381 59189.132812
405.669770 59515.000000 31.179749 59241.859375
407.945860 59711.000000 30.387558 59290.632812
410.221470 59576.000000 30.393032 59332.628906
412.495030 59690.000000 31.523312 59369.000000
414.768100 59649.000000 32.747807 59402.750000
417.039090 59494.000000 33.761169 59432.945312
419.309630 59521.000000 34.831383 59461.656250
421.579740 59539.000000 35.828449 59488.433594
423.846100 59407.000000 35.072086 59512.281250
426.113680 59410.000000 35.373711 59534.671875
428.377470 59677.000000 35.695892 59553.953125
430.642520 59451.000000 35.645271 59569.492188
432.905460 59915.000000 36.884884 59582.128906
435.166320 59683.000000 37.838646 59593.898438
437.426700 59635.000000 39.111675 59602.296875
439.685060 59685.000000 41.221672 59609.671875
441.942900 59862.000000 43.397667 59614.703125
444.198730 59731.000000 43.423370 59617.855469
446.454070 59949.000000 43.783165 59618.617188
448.708980 59534.000000 44.882664 59618.445312
450.961820 59793.000000 45.994011 59616.289062
453.212550 59630.000000 49.587318 59612.812500
455.462890 59758.000000 53.739391 59608.445312
457.711120 59895.000000 57.629097 59603.320312
459.958920 59763.000000 60.546822 59597.625000
462.204590 59808.000000 64.517197 59591.886719
464.449890 59888.000000 68.412468 59582.867188
466.694760 60055.000000 72.725838 59571.476562
468.937500 59644.000000 77.188339 59558.937500
471.178160 59796.000000 83.029739 59546.195312
473.418460 59696.000000 88.877274 59530.449219
475.656620 59814.000000 97.939438 59510.738281
477.894380 59840.000000 110.282700 59487.125000
480.131680 59753.000000 127.138329 59458.175781
482.366910 59678.000000 144.956284 59423.218750
484.600040 59634.000000 167.426987 59382.398438
486.832790 59724.000000 197.374741 59338.937500
489.063450 59995.000000 233.132202 59292.746094
491.293670 59805.000000 276.175110 59240.976562
493.523500 59736.000000 323.327057 59184.457031
495.751190 59540.000000 371.507690 59125.726562
497.976840 59448.000000 424.756409 59064.585938
500.202090 59604.000000 477.406738 59000.656250
502.426910 59514.000000 531.783997 58933.378906
504.649660 59425.000000 585.198853 58862.855469
506.870270 59494.000000 632.479004 58790.867188
509.090550 59151.000000 670.874329 58717.667969
511.310360 59296.000000 703.634155 58644.039062
513.528140 59301.000000 719.173096 58570.699219
515.743770 59221.000000 704.295654 58496.910156
517.959110 59226.000000 643.918457 58420.726562
520.173890 59068.000000 548.175354 58343.726562
522.386660 58567.000000 453.692780 58264.839844
524.597410 58373.000000 378.104645 58186.984375
526.807740 58290.000000 317.190247 58111.671875
529.017580 58162.000000 267.555573 58038.652344
531.225400 58255.000000 222.203323 57966.117188
533.431210 57985.000000 185.892242 57893.820312
535.636470 57935.000000 157.353333 57826.917969
537.841430 57627.000000 136.692810 57765.015625
540.044310 57869.000000 122.053566 57706.121094
542.245120 58054.000000 111.099121 57650.214844
544.445500 58001.000000 102.098183 57598.242188
546.645450 57378.000000 94.441139 57549.660156
548.843380 57419.000000 93.249352 57502.726562
551.040830 57824.000000 97.273964 57457.082031
553.236330 57637.000000 102.915283 57412.414062
555.429690 57815.000000 110.937866 57369.472656
557.622680 57625.000000 123.057571 57329.843750
559.815250 57671.000000 139.207367 57294.789062
562.005800 57635.000000 164.829437 57263.988281
564.195920 57248.000000 209.983734 57237.570312
566.383910 57575.000000 279.890198 57210.074219
568.569950 57737.000000 391.021210 57181.671875
570.755550 57733.000000 529.178650 57155.101562
572.940730 57904.000000 593.178528 57129.562500
575.123900 57766.000000 507.551605 57104.125000
577.306640 57420.000000 369.868591 57079.632812
579.487300 57390.000000 267.473358 57054.972656
581.665950 57234.000000 207.047577 57029.250000
583.844120 57362.000000 172.528824 57002.832031
586.021970 57282.000000 153.587646 56976.382812
588.197750 56993.000000 143.617401 56950.597656
590.373170 57295.000000 136.940155 56925.550781
592.546450 57207.000000 131.834229 56897.937500
594.719420 56813.000000 128.384918 56868.515625
596.890260 57173.000000 126.979958 56839.929688
599.059140 56859.000000 128.322708 56811.839844
601.229190 56602.000000 130.793793 56785.269531
603.395570 56820.000000 138.742996 56760.531250
605.561580 56759.000000 147.919052 56734.488281
607.727170 57000.000000 158.119690 56707.445312
609.890750 56927.000000 169.175827 56681.308594
612.053960 56772.000000 178.996552 56655.765625
614.215030 57157.000000 192.553970 56630.101562
616.375790 56954.000000 207.885422 56603.933594
618.534480 56644.000000 228.508987 56574.976562
620.692750 56783.000000 256.945526 56543.871094
622.849000 57062.000000 287.677612 56509.707031
625.004820 56563.000000 324.217834 56472.875000
627.158750 56863.000000 369.344543 56434.906250
629.310490 56822.000000 425.461334 56397.414062
631.463560 56718.000000 496.628235 56360.945312
633.612920 56683.000000 592.932556 56324.437500
635.763490 56839.000000 722.050354 56287.718750
637.910460 56806.000000 883.190796 56250.929688
640.058650 57107.000000 1093.322144 56213.679688
642.203190 57641.000000 1375.934326 56176.421875
644.348880 57918.000000 1752.909180 56140.585938
646.491030 58164.000000 2220.587402 56107.070312
648.634400 58742.000000 2775.851562 56074.425781
650.774050 59187.000000 3320.402344 56040.769531
652.914980 59794.000000 3724.621826 56006.460938
655.052250 59751.000000 3763.695801 55970.070312
657.190730 59414.000000 3476.093262 55934.117188
659.325620 58642.000000 3022.595703 55898.507812
661.461730 58592.000000 2545.266357 55867.957031
663.594180 57828.000000 2125.416504 55837.644531
665.727910 57478.000000 1773.272217 55812.304688
667.857910 57232.000000 1492.420654 55792.335938
669.989200 56929.000000 1267.464111 55776.398438
672.118470 57026.000000 1082.110107 55761.890625
674.245670 56447.000000 922.842407 55746.507812
676.372560 56541.000000 794.330872 55728.976562
678.497380 56460.000000 690.785217 55711.617188
680.621830 56352.000000 603.344849 55693.578125
682.744320 56244.000000 532.869507 55674.300781
684.866390 56062.000000 472.939392 55654.121094
686.986450 55936.000000 427.559418 55633.734375
689.106080 55972.000000 396.702576 55612.839844
691.223750 55708.000000 374.048340 55592.921875
693.341000 55839.000000 357.358337 55574.117188
695.457820 55676.000000 349.921875 55555.949219
697.571110 55832.000000 352.725342 55539.179688
699.685610 55575.000000 367.291656 55521.898438
701.798100 55902.000000 395.062195 55502.984375
703.908570 56089.000000 444.822693 55482.320312
706.018620 56167.000000 504.253998 55460.347656
708.126770 55708.000000 558.198120 55440.800781
710.234380 55879.000000 567.709167 55423.050781
712.340150 55991.000000 522.862793 55407.417969
714.445430 55900.000000 445.775940 55394.269531
716.550350 55586.000000 360.879089 55383.164062
718.653260 55595.000000 286.684662 55373.468750
720.754270 55627.000000 233.473068 55363.152344
722.854800 55583.000000 195.268936 55352.960938
724.953370 55217.000000 167.897934 55342.789062
727.051570 55299.000000 145.287018 55332.890625
729.149350 55335.000000 126.406296 55320.886719
731.243530 55516.000000 111.927025 55306.378906
733.338990 55409.000000 100.605232 55289.570312
735.432370 55481.000000 90.832314 55269.542969
737.523800 55561.000000 84.436417 55248.742188
739.614870 55460.000000 77.610977 55228.167969
741.705570 55032.000000 71.740974 55208.605469
743.792600 55010.000000 66.727493 55189.886719
745.880920 55007.000000 63.044506 55171.105469
747.967220 55166.000000 59.252003 55152.613281
750.051570 55071.000000 54.689247 55133.070312
752.135500 54900.000000 49.272331 55113.914062
754.219120 55199.000000 47.604225 55095.019531
756.300720 55160.000000 46.147690 55076.304688
758.380310 55152.000000 44.818142 55057.585938
760.459530 54948.000000 42.881996 55038.968750
762.538390 54695.000000 40.802784 55019.914062
764.615300 55242.000000 38.708263 55000.964844
766.690190 55167.000000 36.792217 54981.269531
768.764710 55173.000000 35.049309 54960.378906
770.838810 55144.000000 33.489727 54940.277344
772.909360 55045.000000 30.904545 54920.277344
774.981140 54953.000000 28.568569 54900.523438
777.050960 55129.000000 26.885031 54880.125000
779.120420 55181.000000 26.324192 54859.472656
781.187870 55129.000000 26.219152 54837.707031
783.253420 54702.000000 26.223705 54817.562500
785.318480 54912.000000 25.948313 54798.250000
787.383240 55034.000000 25.052341 54779.402344
789.445980 54734.000000 24.643063 54760.117188
791.506770 54534.000000 24.447163 54741.886719
793.567260 54934.000000 24.250681 54722.285156
795.627260 54924.000000 24.145805 54700.750000
797.685360 54820.000000 24.167833 54677.679688
799.741520 54720.000000 24.347784 54652.679688
801.797240 54700.000000 24.749992 54625.039062
803.852600 54771.000000 25.056541 54596.109375
805.906010 54318.000000 24.813313 54565.312500
807.959050 54634.000000 24.449974 54534.277344
810.010130 54222.000000 24.815901 54500.472656
812.059200 54231.000000 25.264545 54465.062500
814.107970 54766.000000 25.727106 54427.781250
816.156370 54500.000000 26.454163 54388.246094
818.202760 54421.000000 26.851910 54346.597656
820.247190 54242.000000 26.459217 54303.003906
822.292850 54170.000000 26.427942 54257.796875
824.335020 54400.000000 26.388248 54210.039062
826.376770 54212.000000 26.647501 54158.933594
828.418090 54205.000000 26.723255 54105.835938
830.457520 54121.000000 26.445536 54050.125000
832.496640 54221.000000 26.220921 53992.425781
834.533690 54047.000000 26.361149 53933.359375
836.568910 53759.000000 26.385916 53874.496094
838.603700 53809.000000 26.525492 53815.144531
840.638060 53774.000000 26.476791 53756.089844
842.670530 53558.000000 26.998348 53696.296875
844.702640 53518.000000 27.357529 53634.527344
846.732790 53560.000000 28.042461 53570.460938
848.762570 53716.000000 28.659901 53505.054688
850.790470 53336.000000 29.401627 53438.687500
852.816350 53503.000000 30.529629 53371.179688
854.843440 53197.000000 30.918121 53301.316406
856.867070 53546.000000 31.303654 53229.039062
858.890200 53328.000000 32.535500 53153.453125
860.913150 53174.000000 34.016670 53077.824219
862.934020 52874.000000 36.767315 53001.152344
864.954530 52953.000000 40.102516 52924.535156
866.973140 52832.000000 44.223682 52847.519531
868.991390 52570.000000 49.162804 52768.503906
871.007690 53049.000000 55.559654 52688.632812
873.023620 52574.000000 63.317505 52608.558594
875.037660 52310.000000 74.686256 52529.546875
877.051270 52841.000000 89.003204 52448.410156
879.062990 52519.000000 109.063438 52365.167969
881.074340 52470.000000 135.199387 52277.328125
883.083740 52438.000000 167.855865 52184.820312
885.092770 52614.000000 205.699219 52091.023438
887.099850 52330.000000 241.250488 51996.500000
889.104980 52383.000000 272.116028 51901.296875
891.111450 51853.000000 296.449036 51805.144531
893.114260 51817.000000 311.533752 51708.273438
895.118410 51878.000000 314.948456 51610.425781
897.119020 51993.000000 306.067169 51509.976562
899.120790 51826.000000 282.872833 51407.492188
901.119080 51685.000000 248.796677 51304.285156
903.118650 51602.000000 211.847900 51200.062500
905.114620 51419.000000 173.351959 51096.367188
907.111880 51098.000000 139.549866 50991.675781
909.107180 50952.000000 110.815857 50888.250000
911.100520 51000.000000 89.421555 50786.175781
913.093630 50693.000000 74.538368 50685.859375
915.084660 50520.000000 64.755386 50587.691406
917.075380 50550.000000 58.911724 50488.554688
919.064210 50397.000000 54.352165 50389.101562
921.052730 50212.000000 51.212891 50289.757812
923.039310 50237.000000 48.794258 50190.003906
925.025450 49967.000000 47.034847 50090.851562
927.009770 49868.000000 45.478008 49992.210938
928.993650 50082.000000 44.705738 49895.750000
930.975590 50046.000000 44.752636 49802.296875
932.957280 49825.000000 45.825691 49711.714844
934.937010 49813.000000 45.841728 49624.140625
936.916380 49739.000000 45.665333 49540.976562
938.895390 49651.000000 46.471848 49463.101562
940.870970 49320.000000 46.721432 49387.703125
942.847660 49492.000000 47.118511 49314.445312
944.822510 49308.000000 48.503601 49244.492188
946.795470 48940.000000 51.155380 49180.656250
948.768010 49194.000000 55.652405 49118.414062
950.738710 49057.000000 63.863697 49058.789062
952.708980 49034.000000 75.109528 49000.832031
954.677310 48908.000000 91.947380 48943.675781
956.645390 49059.000000 114.498108 48886.996094
958.613160 49152.000000 144.864334 48832.542969
960.578920 48948.000000 187.924347 48778.898438
962.542720 49020.000000 249.004440 48726.261719
964.506290 49175.000000 330.993439 48675.398438
966.467960 49034.000000 429.091461 48625.402344
968.429260 49186.000000 522.385071 48575.718750
970.390140 49096.000000 556.746460 48526.824219
972.347660 49105.000000 512.147705 48477.199219
974.306270 49032.000000 419.265381 48427.464844
976.263060 48707.000000 318.144836 48377.906250
978.218020 48354.000000 237.092819 48330.484375
980.172490 48298.000000 179.141464 48286.085938
982.125120 48404.000000 140.215546 48244.160156
984.077390 48599.000000 113.661171 48203.859375
986.029360 48337.000000 95.081398 48166.625000
987.979370 48409.000000 80.705124 48130.484375
989.927490 48346.000000 68.618958 48094.332031
991.875310 48169.000000 59.914196 48061.691406
993.822750 48218.000000 53.847534 48031.941406
995.768370 48297.000000 49.147881 48002.871094
997.711980 48105.000000 46.498569 47974.492188
999.655270 47797.000000 44.861897 47948.097656
1001.596700 48124.000000 42.910645 47922.371094
1003.537700 47981.000000 40.832069 47897.750000
1005.478600 47678.000000 39.178310 47875.062500
1007.417400 48153.000000 37.337151 47854.003906
1009.354300 48136.000000 36.049244 47831.601562
1011.291000 47723.000000 35.762970 47809.105469
1013.227200 47648.000000 35.360405 47785.441406
1015.161600 47931.000000 34.842731 47763.000000
1017.094100 47603.000000 34.446060 47741.875000
1019.026200 47864.000000 33.724892 47721.902344
1020.958000 47898.000000 33.283066 47702.097656
1022.888000 47324.000000 33.031490 47685.082031
1024.816000 47552.000000 33.673027 47670.574219
1026.743800 47417.000000 34.711407 47657.578125
1028.671100 47557.000000 36.657787 47644.789062
1030.596600 47820.000000 38.981102 47632.546875
1032.521700 47518.000000 41.088646 47620.281250
1034.444900 47791.000000 42.894154 47609.609375
1036.366300 47829.000000 44.550529 47597.718750
1038.287400 48156.000000 45.633358 47587.664062
1040.208100 47658.000000 47.429657 47576.460938
1042.127000 47446.000000 49.403469 47564.031250
1044.043800 47684.000000 51.754955 47551.085938
1045.960400 47695.000000 54.942894 47535.582031
1047.876700 47791.000000 59.399395 47519.804688
1049.791000 47494.000000 65.089790 47503.968750
1051.705100 47585.000000 74.372139 47487.144531
1053.617300 47771.000000 85.906525 47471.261719
1055.527600 47519.000000 102.584618 47454.585938
1057.437500 47747.000000 124.534279 47437.203125
1059.347300 47791.000000 155.124405 47418.628906
1061.255000 47709.000000 197.039169 47401.437500
1063.162500 47529.000000 255.001068 47384.859375
1065.068000 47685.000000 334.369995 47368.066406
1066.971700 47696.000000 441.086853 47351.214844
1068.875000 47965.000000 576.814331 47332.535156
1070.778100 48021.000000 711.817017 47312.921875
1072.679200 48353.000000 773.723206 47290.835938
1074.580000 47821.000000 709.544250 47266.945312
1076.479000 47795.000000 580.742188 47243.730469
1078.377600 47715.000000 456.023010 47219.500000
1080.274400 47735.000000 354.541199 47196.152344
1082.169200 47755.000000 277.411194 47175.136719
1084.065300 47349.000000 222.059448 47155.550781
1085.958000 47262.000000 181.115082 47138.277344
1087.850300 47067.000000 148.665359 47122.675781
1089.742400 47260.000000 126.168068 47107.660156
1091.632600 47139.000000 108.683472 47094.125000
1093.522500 47016.000000 95.604507 47083.523438
1095.410400 47142.000000 86.809341 47074.359375
1097.298100 47145.000000 79.993118 47066.308594
1099.183800 47029.000000 75.055077 47059.562500
1101.069300 47218.000000 71.079033 47053.039062
1102.952900 46973.000000 68.092148 47047.187500
1104.834600 46838.000000 65.817940 47040.074219
1106.717700 47168.000000 63.846569 47034.535156
1108.597200 47028.000000 61.796852 47030.062500
1110.477900 46832.000000 59.386925 47024.078125
1112.355300 46938.000000 57.822010 47018.230469
1114.232300 46785.000000 57.013458 47013.539062
1116.109100 47062.000000 55.609642 47006.527344
1117.984000 47139.000000 55.250557 46999.941406
1119.858500 46793.000000 54.503551 46992.984375
1121.731300 47101.000000 53.845161 46986.808594
1123.603600 46940.000000 54.054512 46983.667969
1125.474100 47283.000000 54.248249 46979.664062
1127.344400 47288.000000 53.998249 46974.042969
1129.212600 46954.000000 53.864826 46968.367188
1131.080700 47011.000000 54.730896 46963.785156
1132.946900 46891.000000 56.629364 46962.515625
1134.812700 46942.000000 61.246876 46964.980469
1136.676800 46844.000000 67.005257 46967.554688
1138.540400 46880.000000 73.440826 46972.367188
1140.402300 47262.000000 80.391159 46977.574219
1142.263800 46971.000000 89.905380 46983.875000
1144.123400 47305.000000 100.969543 46990.058594
1145.982800 47069.000000 113.321671 46997.234375
1147.841800 46866.000000 126.861038 47007.914062
1149.697500 47496.000000 145.378494 47020.468750
1151.554400 47398.000000 167.411743 47035.214844
1153.407800 47051.000000 194.444138 47050.246094
1155.262600 47406.000000 229.395294 47064.800781
1157.115500 47714.000000 274.156067 47077.832031
1158.966400 47264.000000 330.215942 47089.960938
1160.817100 47664.000000 392.674469 47103.167969
1162.666000 47655.000000 453.091614 47118.050781
1164.514500 47778.000000 494.330475 47135.617188
1166.361300 47668.000000 502.179749 47153.082031
1168.207600 47777.000000 480.803894 47170.718750
1170.052200 47465.000000 446.514099 47187.691406
1171.896500 47384.000000 415.709290 47203.707031
1173.740400 47643.000000 398.037048 47221.332031
1175.580900 47612.000000 394.640564 47239.929688
1177.422900 47824.000000 401.122620 47259.937500
1179.262700 47844.000000 418.526611 47280.585938
1181.100700 47558.000000 447.102356 47301.546875
1182.938600 47823.000000 490.595276 47324.355469
1184.774500 47661.000000 552.027710 47348.902344
1186.610200 47951.000000 633.958801 47375.500000
1188.444000 48017.000000 736.361450 47399.328125
1190.277500 48513.000000 854.343628 47422.234375
1192.110700 48530.000000 981.659668 47443.355469
1193.942000 48543.000000 1106.216553 47464.808594
1195.771600 48697.000000 1208.662354 47486.843750
1197.600700 48858.000000 1265.220581 47509.035156
1199.428100 48743.000000 1254.502319 47532.257812
1201.255200 48850.000000 1180.875000 47554.777344
1203.082000 48994.000000 1061.297607 47576.277344
1204.907000 48617.000000 922.351746 47599.601562
1206.730100 48549.000000 794.191895 47625.960938
1208.552900 48432.000000 695.797302 47654.906250
1210.373900 48406.000000 626.913208 47687.589844
1212.194600 48319.000000 588.748535 47721.285156
1214.015000 48563.000000 579.852661 47753.992188
1215.833500 48418.000000 601.937927 47785.250000
1217.650300 48389.000000 662.607117 47816.144531
1219.466700 48877.000000 762.526917 47847.832031
1221.281300 48642.000000 901.209961 47881.007812
1223.095600 49262.000000 1075.265625 47915.144531
1224.909500 49355.000000 1278.815918 47949.468750
1226.721700 49403.000000 1480.875244 47985.238281
1228.532000 49646.000000 1620.769287 48022.386719
1230.342000 49764.000000 1637.333252 48060.421875
1232.151700 49569.000000 1519.052734 48099.179688
1233.959700 49379.000000 1312.940063 48135.664062
1235.765900 49331.000000 1087.192627 48172.957031
1237.571700 49174.000000 882.726196 48211.011719
1239.377100 49020.000000 716.677124 48250.414062
1241.180800 48985.000000 592.490356 48288.925781
1242.982700 48777.000000 511.398376 48326.742188
1244.784200 48822.000000 460.924622 48363.773438
1246.585300 48838.000000 436.810852 48400.937500
1248.384900 48553.000000 432.443756 48437.289062
1250.182500 48712.000000 445.937439 48472.832031
1251.979700 48939.000000 474.657562 48509.250000
1253.776900 49214.000000 528.081604 48546.484375
1255.572000 49302.000000 609.883240 48585.027344
1257.365500 49076.000000 728.227295 48624.921875
1259.160000 49637.000000 895.287476 48669.851562
1260.951300 50059.000000 1127.741943 48722.847656
1262.742300 50117.000000 1452.576904 48779.246094
1264.533100 50680.000000 1864.605713 48838.292969
1266.322000 51497.000000 2345.629883 48896.660156
1268.109000 51458.000000 2840.125977 48952.914062
1269.895800 52293.000000 3245.688232 49009.531250
1271.682400 52372.000000 3428.548828 49059.992188
1273.466900 52540.000000 3270.196777 49107.089844
1275.251500 51943.000000 2859.669189 49154.722656
1277.033900 51524.000000 2356.099365 49200.726562
1278.814700 51194.000000 1878.153076 49253.464844
1280.595200 50995.000000 1467.799927 49310.367188
1282.375400 50482.000000 1135.067749 49370.000000
1284.153800 49954.000000 886.783325 49434.171875
1285.931900 50210.000000 701.508118 49499.472656
1287.708100 50164.000000 569.089966 49565.703125
1289.482500 50199.000000 473.148010 49635.460938
1291.256800 50271.000000 405.869904 49705.988281
1293.030600 50100.000000 358.253143 49777.671875
1294.802900 50513.000000 318.638977 49850.714844
1296.574600 50436.000000 290.060486 49923.066406
1298.344600 50250.000000 266.978333 49992.589844
1300.114400 50151.000000 252.074219 50061.589844
1301.882300 50384.000000 243.697144 50131.023438
1303.648300 50343.000000 240.252960 50205.257812
1305.415800 50597.000000 240.428070 50281.542969
1307.179700 50600.000000 241.390503 50357.535156
1308.943500 50814.000000 246.360931 50433.828125
1310.707000 50855.000000 255.032990 50511.660156
1312.468600 50696.000000 268.072083 50589.593750
1314.230000 51243.000000 286.814423 50668.460938
1315.989500 51129.000000 314.859039 50747.964844
1317.748800 51223.000000 355.793762 50829.914062
1319.506200 51445.000000 416.153412 50914.230469
1321.263400 51752.000000 497.790588 50998.968750
1323.018900 51505.000000 605.931946 51083.378906
1324.774000 51931.000000 740.267517 51166.746094
1326.527300 52189.000000 897.782715 51247.050781
1328.278900 52545.000000 1073.249268 51326.835938
1330.031700 52609.000000 1252.904297 51405.250000
1331.781100 52970.000000 1390.042725 51483.085938
1333.531900 53045.000000 1430.482178 51560.109375
1335.279300 52916.000000 1358.247437 51635.730469
1337.027800 53056.000000 1204.128418 51708.566406
1338.773200 52914.000000 1018.488464 51779.375000
1340.518300 52517.000000 838.976685 51848.453125
1342.263100 52871.000000 684.890320 51916.183594
1344.006000 52431.000000 558.345276 51980.632812
1345.748700 52503.000000 458.838470 52042.203125
1347.489500 52584.000000 382.874268 52098.867188
1349.230200 52465.000000 328.188202 52152.964844
1350.969100 52381.000000 288.875549 52204.863281
1352.707500 52855.000000 263.122986 52256.082031
1354.445900 52637.000000 245.998047 52306.031250
1356.180900 52741.000000 236.398727 52355.289062
1357.917000 52544.000000 234.181808 52402.207031
1359.649900 52612.000000 238.455124 52442.035156
1361.384200 52675.000000 248.257080 52476.398438
1363.115000 52957.000000 268.839355 52507.308594
1364.847000 52641.000000 302.143616 52534.781250
1366.577400 52874.000000 353.787537 52558.148438
1368.305900 53023.000000 430.460754 52576.933594
1370.034300 53056.000000 545.455261 52593.601562
1371.760600 53669.000000 701.632263 52609.675781
1373.486900 53531.000000 899.725403 52622.628906
1375.211300 53824.000000 1121.751831 52634.484375
1376.935400 53921.000000 1305.369995 52642.875000
1378.657800 54048.000000 1368.957520 52647.632812
1380.380000 54174.000000 1271.929932 52650.484375
1382.100200 53755.000000 1054.004150 52650.796875
1383.820300 53430.000000 818.252319 52650.074219
1385.540200 53287.000000 619.965454 52648.402344
1387.256500 53214.000000 473.884430 52646.777344
1388.974200 53312.000000 367.427307 52643.792969
1390.690300 52735.000000 293.133911 52638.093750
1392.404400 52894.000000 239.374313 52630.765625
1394.118400 52902.000000 202.844116 52619.375000
1395.830400 52850.000000 177.634796 52605.187500
1397.542200 52816.000000 161.754028 52589.972656
1399.252300 52954.000000 148.523163 52574.445312
1400.962200 52461.000000 138.327789 52558.785156
1402.671800 52557.000000 129.583115 52543.726562
1404.379500 52649.000000 123.115906 52528.203125
1406.085600 52784.000000 118.293724 52512.339844
1407.791300 52736.000000 113.197243 52496.535156
1409.495200 52598.000000 110.245750 52482.101562
1411.199000 52814.000000 108.440697 52466.468750
1412.902500 52657.000000 108.549255 52449.734375
1414.604000 52909.000000 109.393883 52432.183594
1416.304000 52922.000000 109.375015 52413.152344
1418.003700 52668.000000 108.413467 52393.718750
1419.701500 52488.000000 108.498070 52374.929688
1421.399000 52401.000000 109.479942 52356.976562
1423.096400 52312.000000 112.899399 52339.359375
1424.792000 52236.000000 117.450722 52321.324219
1426.485700 52152.000000 122.540184 52304.601562
1428.179300 52230.000000 127.714340 52289.187500
1429.871100 52359.000000 135.074249 52275.062500
1431.562500 52583.000000 145.604034 52261.843750
1433.253900 52431.000000 159.658005 52248.875000
1434.943400 52465.000000 176.157379 52235.007812
1436.631000 52732.000000 194.503876 52219.785156
1438.318500 52349.000000 216.063843 52203.828125
1440.005600 52254.000000 242.822968 52187.496094
1441.691000 52163.000000 275.972412 52170.375000
1443.374800 52279.000000 317.663330 52153.589844
1445.058200 52420.000000 369.751434 52136.843750
1446.741300 52635.000000 434.338196 52120.578125
1448.422900 52660.000000 516.220398 52105.652344
1450.102400 52658.000000 614.220093 52090.945312
1451.781700 53027.000000 729.019531 52078.238281
1453.460900 53094.000000 865.505859 52066.285156
1455.138200 52591.000000 1019.687012 52055.820312
1456.813800 53300.000000 1181.433960 52047.664062
1458.489100 53148.000000 1335.048462 52037.953125
1460.164300 53271.000000 1457.924072 52027.167969
1461.837600 53588.000000 1533.526123 52014.355469
1463.509200 53473.000000 1544.257568 51998.789062
1465.180500 53644.000000 1484.381714 51984.363281
1466.851600 53164.000000 1363.197876 51971.171875
1468.520900 52977.000000 1205.805176 51962.511719
1470.189900 53144.000000 1042.630005 51958.417969
1471.857200 52975.000000 888.379395 51954.773438
1473.522800 52555.000000 749.918701 51951.363281
1475.188100 52406.000000 630.103271 51948.722656
1476.853100 52133.000000 531.580688 51945.792969
1478.516500 52386.000000 451.227692 51943.617188
1480.178000 52420.000000 384.384766 51942.062500
1481.839200 51918.000000 330.539032 51941.691406
1483.500400 52431.000000 286.224182 51942.855469
1485.159700 52104.000000 254.078171 51942.589844
1486.818600 52096.000000 228.804901 51942.570312
1488.476000 51812.000000 208.368362 51941.503906
1490.131500 52227.000000 192.753128 51939.359375
1491.788300 51825.000000 180.959061 51938.101562
1493.441800 51847.000000 172.442596 51936.605469
1495.095100 52184.000000 165.780853 51934.550781
1496.748000 51905.000000 159.093109 51932.394531
1498.399400 52306.000000 156.262909 51930.871094
1500.050400 52109.000000 155.998993 51930.894531
1501.699700 52048.000000 156.051895 51931.398438
1503.347300 52239.000000 155.886398 51933.476562
1504.996100 52042.000000 156.289383 51936.632812
1506.641600 51852.000000 158.215744 51940.476562
1508.287000 52021.000000 162.025284 51946.238281
1509.932000 52069.000000 168.518570 51954.644531
1511.575300 51767.000000 177.253387 51963.867188
1513.218500 52342.000000 188.741592 51973.476562
1514.859700 52172.000000 203.316528 51982.449219
1516.500900 52180.000000 221.553101 51991.097656
1518.140300 52462.000000 243.406784 51998.898438
1519.777800 52312.000000 274.813202 52006.695312
1521.416700 52221.000000 312.748047 52014.757812
1523.052200 52677.000000 358.510376 52021.707031
1524.689200 52590.000000 412.533691 52028.882812
1526.322800 52242.000000 481.814209 52035.421875
1527.956200 52561.000000 570.006042 52040.261719
1529.589400 52344.000000 675.845825 52044.777344
1531.220800 52656.000000 802.608887 52050.289062
1532.851900 53119.000000 951.775024 52056.519531
1534.481400 53532.000000 1119.479004 52060.882812
1536.110600 53234.000000 1297.302002 52064.609375
1537.738000 53311.000000 1471.736450 52069.253906
1539.365200 53795.000000 1618.787476 52073.167969
1540.990700 53811.000000 1719.021118 52075.757812
1542.616000 53642.000000 1752.465088 52077.585938
1544.239500 53610.000000 1712.021484 52078.257812
1545.862700 53804.000000 1606.213867 52077.296875
1547.484400 53740.000000 1457.392822 52075.222656
1549.105600 53308.000000 1289.782959 52070.562500
1550.725100 53303.000000 1121.628418 52064.289062
1552.344500 52911.000000 963.480652 52055.136719
1553.962000 52490.000000 821.614868 52046.878906
1555.579300 52771.000000 698.357178 52039.882812
1557.195100 52646.000000 589.412292 52032.515625
1558.810400 52847.000000 498.622314 52025.859375
1560.424100 52525.000000 424.962646 52022.445312
1562.037500 52295.000000 364.423035 52021.644531
1563.649200 52456.000000 316.590637 52022.035156
1565.260600 52080.000000 276.186523 52023.296875
1566.870500 52240.000000 243.879761 52025.718750
1568.479900 52032.000000 217.272308 52029.726562
1570.089100 52486.000000 197.817413 52035.304688
1571.695200 51831.000000 182.948929 52041.949219
1573.302500 52347.000000 171.848755 52049.835938
1574.906500 51915.000000 162.111008 52060.398438
1576.511800 52011.000000 148.544647 52071.476562
1578.115500 52505.000000 136.451126 52082.167969
1579.717400 52382.000000 126.173668 52095.023438
1581.319100 52119.000000 117.155884 52109.558594
1582.919100 52672.000000 108.173264 52125.652344
1584.518700 52104.000000 99.027054 52143.050781
1586.116600 52131.000000 90.554947 52161.503906
1587.714500 52234.000000 84.409470 52180.039062
1589.310500 52362.000000 80.022705 52198.519531
1590.906300 52177.000000 75.584427 52217.203125
1592.501800 52415.000000 71.230728 52237.281250
1594.095700 52327.000000 67.419395 52258.628906
1595.687900 52141.000000 63.408863 52281.015625
1597.279700 52214.000000 59.070251 52304.847656
1598.869900 52501.000000 54.703754 52328.921875
1600.459700 52549.000000 51.444283 52354.125000
1602.048100 52346.000000 49.017563 52379.601562
1603.636000 52265.000000 46.681923 52405.250000
1605.223900 52466.000000 44.691296 52431.109375
1606.809800 52211.000000 43.110863 52457.613281
1608.394200 52350.000000 41.633858 52484.160156
1609.978300 52377.000000 41.063881 52510.511719
1611.560700 52288.000000 40.785313 52536.445312
1613.142900 52880.000000 40.625942 52561.605469
1614.724700 52776.000000 39.469078 52585.839844
1616.304900 52642.000000 38.714630 52609.695312
1617.883500 52658.000000 37.652172 52633.359375
1619.461800 52715.000000 35.739674 52656.386719
1621.038300 52802.000000 32.803322 52680.082031
1622.614700 52954.000000 30.288944 52704.121094
1624.190800 52688.000000 28.183990 52725.949219
1625.765300 52850.000000 26.342764 52746.335938
1627.337900 52993.000000 24.969814 52764.542969
1628.910400 52629.000000 23.644165 52780.796875
1630.482700 53047.000000 22.352318 52794.406250
1632.053200 52945.000000 21.427015 52805.437500
1633.622100 53106.000000 20.663191 52814.628906
1635.190600 52799.000000 19.847132 52821.789062
1636.759000 53077.000000 19.366224 52826.988281
1638.325700 53171.000000 18.958435 52831.531250
1639.890700 53157.000000 18.460241 52835.648438
1641.455400 53137.000000 17.828762 52839.089844
1643.019900 52924.000000 16.950565 52840.519531
1644.582800 52987.000000 15.984385 52841.410156
1646.143900 52925.000000 15.246302 52840.898438
1647.704700 52961.000000 14.530996 52839.238281
1649.265500 53222.000000 13.977423 52834.496094
1650.824500 52890.000000 13.800204 52825.144531
1652.381600 52939.000000 13.900070 52813.203125
1653.938700 52999.000000 13.750191 52797.546875
1655.495500 52681.000000 13.649470 52778.207031
1657.050700 52926.000000 13.366328 52754.457031
1658.604100 52635.000000 13.117083 52726.851562
1660.157200 53071.000000 12.644044 52695.503906
1661.710200 52921.000000 12.091239 52660.261719
1663.261500 52579.000000 11.805079 52621.312500
1664.811200 52586.000000 11.598849 52579.519531
1666.361900 52544.000000 11.485793 52534.207031
1667.909700 52690.000000 11.591357 52487.101562
1669.457200 52656.000000 11.534651 52437.609375
1671.004300 52240.000000 11.404657 52386.882812
1672.549900 52259.000000 11.211851 52335.214844
1674.093600 51946.000000 11.102576 52281.804688
1675.637300 52265.000000 11.077105 52226.582031
1677.180800 52195.000000 11.011763 52169.917969
1678.722400 52282.000000 11.103635 52112.597656
1680.263900 52011.000000 11.167902 52054.062500
1681.803700 51872.000000 11.109181 51994.695312
1683.341800 52022.000000 11.006617 51934.433594
1684.881200 51893.000000 10.957962 51873.558594
1686.417500 51897.000000 10.966948 51811.644531
1687.953400 51573.000000 10.956960 51748.285156
1689.489100 51773.000000 10.937341 51684.019531
1691.023200 51727.000000 10.631464 51619.179688
1692.557100 51427.000000 10.290842 51554.937500
1694.089200 51486.000000 9.571792 51491.144531
1695.619800 51308.000000 8.884779 51428.121094
1697.151500 51248.000000 8.379839 51366.355469
1698.680200 51208.000000 7.934297 51305.191406
1700.208500 51261.000000 7.521369 51245.500000
1701.736600 50884.000000 7.331234 51185.128906
1703.263100 51442.000000 7.043536 51125.320312
1704.789300 51006.000000 6.797469 51066.878906
1706.314000 50991.000000 6.589218 51010.355469
1707.838100 51231.000000 6.437383 50953.796875
1709.361000 50650.000000 6.392815 50896.304688
1710.883300 50871.000000 6.279873 50838.503906
1712.404100 50990.000000 6.023572 50780.453125
1713.923100 50743.000000 5.798707 50723.085938
1715.443500 50818.000000 5.689803 50665.500000
1716.960700 50278.000000 5.712928 50606.621094
1718.479100 50673.000000 5.622614 50547.507812
1719.994500 50655.000000 5.552711 50488.046875
1721.509600 50478.000000 5.548065 50428.441406
1723.024400 50092.000000 5.652308 50368.507812
1724.537600 50441.000000 5.686642 50308.132812
1726.050700 50380.000000 5.759193 50249.042969
1727.561900 50349.000000 5.720169 50190.179688
1729.073000 50287.000000 5.644641 50131.789062
1730.582400 50119.000000 5.588933 50073.734375
1732.091700 50476.000000 5.530651 50015.207031
1733.599200 49885.000000 5.652823 49956.824219
1735.106600 50118.000000 5.870672 49898.308594
1736.612100 49559.000000 5.869178 49839.832031
1738.117600 49733.000000 5.863462 49782.804688
1739.621300 49780.000000 5.772289 49726.144531
1741.125000 49311.000000 5.715891 49669.398438
1742.626800 49451.000000 5.762485 49612.527344
1744.128400 49285.000000 5.883340 49556.390625
1745.628500 49825.000000 6.104722 49501.390625
1747.128300 49604.000000 6.274392 49448.027344
1748.626300 49192.000000 6.385405 49397.078125
1750.124300 49147.000000 6.442225 49349.218750
1751.620500 49139.000000 6.449114 49303.683594
1753.116600 49108.000000 6.507987 49260.015625
1754.612400 49254.000000 6.572148 49217.375000
1756.105100 49371.000000 6.646369 49174.496094
1757.599100 49172.000000 6.578788 49131.867188
1759.091300 49385.000000 6.422820 49090.363281
1760.582000 49050.000000 6.187737 49049.312500
1762.072400 49362.000000 6.106258 49008.597656
1763.561000 48936.000000 6.138882 48969.523438
1765.049600 48700.000000 6.161665 48932.464844
1766.536500 48894.000000 6.161349 48895.175781
1768.023200 48825.000000 6.166914 48856.484375
1769.508100 48623.000000 6.082507 48817.222656
1770.992900 48594.000000 5.929749 48779.496094
1772.477500 48808.000000 5.744030 48743.476562
1773.959000 48731.000000 5.603369 48708.144531
1775.441700 48635.000000 5.441162 48673.667969
1776.922700 48588.000000 5.236973 48640.394531
1778.402100 48688.000000 5.033882 48607.347656
1779.881300 48633.000000 4.921314 48573.398438
1781.358900 48339.000000 4.781071 48540.191406
1782.836200 48498.000000 4.715281 48509.636719
1784.311900 48613.000000 4.622232 48480.421875
1785.787400 48645.000000 4.531616 48451.757812
1787.262600 48499.000000 4.509746 48423.378906
1788.736200 48473.000000 4.522766 48393.496094
1790.208300 48329.000000 4.543448 48363.195312
1791.679800 48543.000000 4.580577 48333.105469
1793.150000 48367.000000 4.439858 48303.476562
1794.619900 48488.000000 4.316845 48274.289062
1796.089600 48398.000000 4.161153 48244.972656
1797.557600 48201.000000 4.106113 48215.664062
1799.023900 48109.000000 4.181603 48187.492188
1800.490100 48210.000000 4.389667 48161.156250
1801.954600 48109.000000 4.599898 48136.925781
1803.418900 48087.000000 4.775975 48113.253906
1804.883100 47815.000000 4.903612 48090.960938
1806.345500 48324.000000 5.039300 48069.371094
1807.806400 48009.000000 5.182760 48047.472656
1809.266800 48029.000000 5.293111 48024.109375
1810.727400 47744.000000 5.444162 48000.195312
1812.186000 47983.000000 5.580757 47977.132812
1813.643300 47951.000000 5.515738 47954.550781
1815.100100 48003.000000 5.421755 47932.144531
1816.556800 47856.000000 5.297827 47911.105469
1818.010400 47731.000000 5.240388 47889.652344
1819.465300 47908.000000 5.199796 47869.113281
1820.918500 48080.000000 5.139425 47847.781250
1822.370100 47685.000000 5.004069 47827.746094
1823.821400 48055.000000 4.963462 47809.421875
1825.272600 48009.000000 4.857131 47792.609375
1826.722200 47869.000000 4.737035 47778.921875
1828.169900 47656.000000 4.658645 47765.351562
1829.617600 47609.000000 4.601356 47751.398438
1831.065200 47835.000000 4.556767 47739.312500
1832.511000 47581.000000 4.555263 47728.441406
1833.956500 47551.000000 4.436069 47716.472656
1835.400500 47636.000000 4.246677 47705.046875
1836.842900 47985.000000 4.218311 47695.023438
1838.285200 47748.000000 4.267146 47686.953125
1839.727100 47493.000000 4.479482 47680.574219
1841.167400 47739.000000 4.742383 47674.898438
1842.606100 47514.000000 4.903524 47669.457031
1844.044400 47560.000000 4.985131 47663.710938
1845.482800 47321.000000 4.927889 47657.148438
1846.919400 47637.000000 4.902708 47651.312500
1848.356000 47290.000000 5.041201 47646.773438
1849.790800 47532.000000 5.237115 47643.132812
1851.224000 47555.000000 5.367214 47638.402344
1852.656900 47378.000000 5.268010 47632.710938
1854.089700 47713.000000 5.185328 47626.832031
1855.520800 47728.000000 5.119135 47623.437500
1856.951800 47345.000000 5.129933 47623.367188
1858.381100 47523.000000 5.131532 47627.308594
1859.808700 47756.000000 5.019062 47634.617188
1861.236300 47824.000000 4.879070 47644.500000
1862.663500 47645.000000 4.846881 47654.574219
1864.089100 47274.000000 4.678852 47664.273438
1865.514600 47570.000000 4.514540 47673.695312
1866.938500 47598.000000 4.368225 47683.011719
1868.360700 47812.000000 4.251814 47693.503906
1869.784200 47828.000000 4.269868 47704.667969
1871.204500 47648.000000 4.277963 47714.902344
1872.624600 47363.000000 4.269900 47724.277344
1874.044700 47863.000000 4.142650 47732.656250
1875.463000 47887.000000 3.941103 47741.710938
1876.881200 47835.000000 3.691757 47751.058594
1878.297700 47786.000000 3.528841 47759.496094
1879.714100 47664.000000 3.515235 47766.019531
1881.128800 47843.000000 3.637532 47768.804688
1882.541900 47957.000000 3.675901 47771.335938
1883.956200 48047.000000 3.672485 47775.679688
1885.367400 48007.000000 3.910672 47777.957031
1886.778600 47717.000000 4.476318 47774.269531
1888.189500 48350.000000 4.430910 47767.492188
