Raman_Shift Original_Spectrum Predicted_Raman Predicted_Baseline
294.894650 56091.000000 9.123055 55799.839844
297.232540 55946.000000 8.477633 55791.679688
299.568300 55947.000000 7.531306 55788.054688
301.905240 55897.000000 6.656135 55781.441406
304.238400 55856.000000 6.568224 55773.531250
306.571040 55650.000000 6.792856 55761.445312
308.903260 56156.000000 7.149930 55751.382812
311.233340 55983.000000 7.848729 55740.550781
313.562930 55796.000000 8.871170 55730.882812
315.890440 55796.000000 9.365040 55725.726562
318.215790 55506.000000 9.419700 55729.531250
320.540680 55497.000000 9.097126 55742.253906
322.865110 55512.000000 8.954078 55761.773438
325.187410 55321.000000 8.759532 55788.179688
327.509250 55789.000000 8.839465 55824.687500
329.828920 55919.000000 8.861675 55874.265625
332.148160 55627.000000 9.223947 55929.671875
334.465270 55942.000000 9.968173 55991.148438
336.781950 55968.000000 10.627383 56058.757812
339.096470 55814.000000 11.011820 56131.648438
341.408870 56045.000000 10.834494 56211.531250
343.722530 56101.000000 10.606364 56299.347656
346.032350 56472.000000 10.522822 56391.828125
348.341740 56484.000000 10.916435 56486.429688
350.650670 56780.000000 11.007502 56582.691406
352.957460 56808.000000 11.593940 56680.058594
355.263760 57018.000000 12.619315 56783.820312
357.568020 56930.000000 14.026944 56893.097656
359.871800 57018.000000 15.667119 57005.703125
362.173430 57230.000000 16.664015 57121.992188
364.474640 57551.000000 17.256958 57239.988281
366.773710 57529.000000 17.593477 57358.210938
369.072360 57244.000000 17.402279 57476.449219
371.368870 57527.000000 17.468210 57594.871094
373.664920 57678.000000 18.064930 57712.917969
375.958890 57861.000000 20.114149 57828.796875
378.252380 58167.000000 22.919224 57940.917969
380.543790 58292.000000 27.956442 58049.984375
382.834750 58403.000000 33.155342 58153.175781
385.123570 58517.000000 36.702255 58249.828125
387.411960 58562.000000 38.169624 58341.148438
389.698210 58856.000000 36.118279 58426.507812
391.984070 58738.000000 34.025780 58508.851562
394.267790 58568.000000 32.060204 58588.222656
396.551060 58678.000000 30.005878 58664.300781
398.832210 59040.000000 30.360485 58736.343750
401.112950 58943.000000 31.220867 58804.960938
403.391570 59308.000000 31.033670 58868.664062
405.669770 59110.000000 31.454809 58927.667969
407.945860 59489.000000 30.013987 58983.226562
410.221470 59287.000000 29.378382 59032.792969
412.495030 59377.000000 29.707554 59076.679688
414.768100 59424.000000 29.647272 59117.273438
417.039090 59267.000000 30.032080 59154.414062
419.309630 59120.000000 30.819286 59188.253906
421.579740 59162.000000 31.662022 59218.304688
423.846100 59180.000000 31.594370 59245.671875
426.113680 59295.000000 32.858822 59270.593750
428.377470 59300.000000 34.701477 59292.828125
430.642520 59248.000000 36.047649 59312.457031
432.905460 59367.000000 37.134727 59330.144531
435.166320 59509.000000 37.753597 59347.101562
437.426700 59419.000000 38.694698 59361.656250
439.685060 59326.000000 40.475197 59374.117188
441.942900 59317.000000 42.053242 59383.359375
444.198730 59666.000000 40.261459 59390.429688
446.454070 59548.000000 38.809456 59394.406250
448.708980 59516.000000 39.301128 59394.957031
450.961820 59749.000000 40.854710 59392.453125
453.212550 59397.000000 44.399292 59387.957031
455.462890 59512.000000 48.357933 59382.000000
457.711120 59655.000000 51.785957 59375.644531
459.958920 59646.000000 53.684059 59369.835938
462.204590 59796.000000 57.626221 59363.976562
464.449890 59557.000000 61.673542 59355.781250
466.694760 59686.000000 65.467628 59347.121094
468.937500 59473.000000 69.340294 59338.253906
471.178160 59554.000000 75.267616 59329.281250
473.418460 59563.000000 81.487778 59318.464844
475.656620 59542.000000 90.220139 59303.281250
477.894380 59662.000000 100.629875 59285.304688
480.131680 59552.000000 111.375992 59264.085938
482.366910 59387.000000 122.309975 59238.285156
484.600040 59631.000000 138.773148 59208.250000
486.832790 59660.000000 159.316238 59174.941406
489.063450 59730.000000 185.609131 59137.089844
491.293670 59706.000000 218.220779 59093.546875
493.523500 59340.000000 256.763367 59045.562500
495.751190 59500.000000 298.690582 58994.277344
497.976840 59610.000000 350.171906 58939.781250
500.202090 59437.000000 406.102356 58881.636719
502.426910 59239.000000 470.190918 58819.957031
504.649660 59249.000000 541.645874 58754.886719
506.870270 59276.000000 616.609558 58688.117188
509.090550 59069.000000 690.611267 58619.453125
511.310360 59200.000000 751.800720 58548.351562
513.528140 59294.000000 766.066650 58476.992188
515.743770 59112.000000 716.610352 58404.453125
517.959110 58966.000000 613.210449 58327.953125
520.173890 58904.000000 494.813873 58248.937500
522.386660 58481.000000 398.048279 58168.953125
524.597410 58282.000000 325.394012 58088.949219
526.807740 57836.000000 269.557037 58011.933594
529.017580 58113.000000 226.261017 57937.976562
531.225400 58083.000000 188.630463 57864.273438
533.431210 57876.000000 160.613708 57792.375000
535.636470 57803.000000 137.732651 57725.554688
537.841430 57421.000000 120.308388 57663.015625
540.044310 57873.000000 110.167931 57602.078125
542.245120 57984.000000 102.077835 57543.988281
544.445500 57774.000000 96.633041 57491.218750
546.645450 57314.000000 93.091011 57444.195312
548.843380 57211.000000 92.886032 57400.664062
551.040830 57487.000000 96.924522 57360.695312
553.236330 57411.000000 102.188553 57322.699219
555.429690 57564.000000 108.476418 57286.859375
557.622680 57415.000000 118.097984 57253.453125
559.815250 57463.000000 132.589264 57222.175781
562.005800 57583.000000 158.987289 57192.816406
564.195920 57188.000000 209.041382 57166.128906
566.383910 57487.000000 292.999817 57138.777344
568.569950 57559.000000 421.601501 57111.742188
570.755550 57676.000000 544.453796 57087.281250
572.940730 57919.000000 548.934753 57064.226562
575.123900 57341.000000 430.553955 57040.625000
577.306640 57429.000000 299.855133 57017.546875
579.487300 57158.000000 216.683884 56993.531250
581.665950 57220.000000 175.196304 56967.910156
583.844120 57136.000000 153.740082 56943.484375
586.021970 57030.000000 142.637009 56919.804688
588.197750 57072.000000 136.541763 56895.628906
590.373170 57297.000000 132.567657 56872.671875
592.546450 57185.000000 129.135834 56846.703125
594.719420 56721.000000 126.930626 56817.929688
596.890260 57287.000000 126.514725 56790.949219
599.059140 56648.000000 128.484772 56764.054688
601.229190 56539.000000 130.918808 56737.851562
603.395570 56833.000000 138.008881 56713.738281
605.561580 56694.000000 145.278717 56686.187500
607.727170 56969.000000 154.572449 56655.453125
609.890750 56702.000000 165.535614 56624.550781
612.053960 56831.000000 176.736679 56593.226562
614.215030 56918.000000 193.470337 56563.304688
616.375790 56913.000000 211.454758 56534.226562
618.534480 56671.000000 230.347458 56504.539062
620.692750 56686.000000 257.675110 56474.148438
622.849000 56972.000000 286.311890 56443.367188
625.004820 56385.000000 321.532166 56411.406250
627.158750 56682.000000 366.648865 56378.472656
629.310490 56720.000000 422.820496 56346.277344
631.463560 56819.000000 494.598633 56315.312500
633.612920 56583.000000 590.010742 56284.773438
635.763490 56998.000000 718.562744 56254.628906
637.910460 56819.000000 883.679565 56224.789062
640.058650 57120.000000 1100.749268 56192.601562
642.203190 57588.000000 1391.220459 56159.210938
644.348880 57803.000000 1772.165283 56126.546875
646.491030 58385.000000 2229.116699 56095.363281
648.634400 58717.000000 2754.825684 56065.730469
650.774050 59075.000000 3273.587402 56037.132812
652.914980 59679.000000 3705.404785 56009.097656
655.052250 59873.000000 3823.231201 55979.574219
657.190730 59539.000000 3568.744873 55949.109375
659.325620 58625.000000 3092.816895 55918.906250
661.461730 58534.000000 2592.631104 55893.156250
663.594180 57912.000000 2154.228516 55865.859375
665.727910 57404.000000 1791.615601 55842.515625
667.857910 57303.000000 1504.642334 55822.679688
669.989200 56843.000000 1274.876221 55806.824219
672.118470 57071.000000 1089.853882 55793.718750
674.245670 56572.000000 929.528931 55779.843750
676.372560 56518.000000 802.547729 55764.050781
678.497380 56496.000000 701.219910 55749.605469
680.621830 56364.000000 618.137695 55734.585938
682.744320 56037.000000 548.694214 55718.878906
684.866390 56234.000000 488.780762 55702.781250
686.986450 55855.000000 446.664215 55685.246094
689.106080 56026.000000 415.643158 55666.882812
691.223750 55824.000000 393.734070 55649.394531
693.341000 55871.000000 378.699097 55632.097656
695.457820 55812.000000 370.178284 55615.773438
697.571110 55677.000000 368.525391 55600.210938
699.685610 55625.000000 374.444885 55583.507812
701.798100 55909.000000 385.739655 55564.601562
703.908570 55996.000000 401.506439 55544.179688
706.018620 55971.000000 413.429016 55522.765625
708.126770 55801.000000 419.051331 55502.425781
710.234380 55718.000000 408.254639 55483.164062
712.340150 55755.000000 382.807831 55465.148438
714.445430 55913.000000 344.690369 55448.847656
716.550350 55653.000000 302.287323 55434.605469
718.653260 55625.000000 261.653656 55422.367188
720.754270 55803.000000 227.357544 55410.523438
722.854800 55520.000000 201.835480 55398.828125
724.953370 55331.000000 180.941742 55388.343750
727.051570 55446.000000 162.067047 55379.250000
729.149350 55372.000000 142.483643 55368.617188
731.243530 55435.000000 126.106583 55356.515625
733.338990 55433.000000 108.074280 55341.937500
735.432370 55302.000000 86.004295 55324.441406
737.523800 55505.000000 80.515732 55306.875000
739.614870 55506.000000 73.484070 55289.281250
741.705570 55108.000000 66.813156 55271.707031
743.792600 55054.000000 61.280159 55254.238281
745.880920 55055.000000 57.952461 55235.781250
747.967220 55251.000000 53.626453 55217.152344
750.051570 55065.000000 47.752274 55197.832031
752.135500 55130.000000 39.939953 55178.152344
754.219120 55262.000000 38.802994 55159.238281
756.300720 55329.000000 37.642277 55141.035156
758.380310 55008.000000 36.498619 55123.796875
760.459530 55175.000000 35.008526 55107.550781
762.538390 54712.000000 33.264214 55091.375000
764.615300 55269.000000 31.333218 55075.093750
766.690190 55242.000000 29.627493 55057.925781
768.764710 55178.000000 27.581186 55038.734375
770.838810 55172.000000 26.224869 55019.617188
772.909360 55131.000000 24.352449 55000.414062
774.981140 54891.000000 22.712185 54980.781250
777.050960 55346.000000 21.199369 54960.125000
779.120420 55247.000000 20.309786 54939.031250
781.187870 55104.000000 19.678934 54917.546875
783.253420 54857.000000 19.315157 54896.871094
785.318480 54929.000000 18.986919 54875.968750
787.383240 55049.000000 18.571621 54855.429688
789.445980 54841.000000 18.639860 54834.843750
791.506770 54624.000000 18.966820 54815.218750
793.567260 55081.000000 19.068050 54795.824219
795.627260 55031.000000 19.056683 54775.128906
797.685360 54766.000000 19.075344 54753.574219
799.741520 54873.000000 19.175674 54731.125000
801.797240 54747.000000 19.423574 54706.585938
803.852600 54843.000000 19.550602 54680.332031
805.906010 54386.000000 19.748878 54652.558594
807.959050 54673.000000 19.812733 54623.414062
810.010130 54363.000000 19.854195 54592.125000
812.059200 54642.000000 19.593565 54559.476562
814.107970 54618.000000 19.000336 54524.316406
816.156370 54612.000000 18.621862 54487.234375
818.202760 54578.000000 18.399889 54447.800781
820.247190 54240.000000 18.120228 54407.558594
822.292850 54396.000000 17.984287 54366.886719
824.335020 54416.000000 17.997616 54322.917969
826.376770 54409.000000 18.201820 54276.183594
828.418090 54275.000000 18.358341 54228.230469
830.457520 53973.000000 18.174324 54178.519531
832.496640 54406.000000 18.045715 54125.757812
834.533690 54138.000000 18.335556 54069.023438
836.568910 53878.000000 18.568224 54011.429688
838.603700 53768.000000 18.732565 53953.128906
840.638060 53874.000000 18.993984 53895.187500
842.670530 53826.000000 19.453342 53836.156250
844.702640 53404.000000 19.734409 53775.074219
846.732790 53737.000000 20.090164 53711.796875
848.762570 53815.000000 20.458796 53646.488281
850.790470 53484.000000 20.777660 53579.593750
852.816350 53597.000000 20.892611 53511.117188
854.843440 53404.000000 20.190702 53440.414062
856.867070 53606.000000 19.622961 53368.398438
858.890200 53454.000000 19.855663 53294.960938
860.913150 53273.000000 20.404034 53222.378906
862.934020 52993.000000 20.983952 53149.316406
864.954530 53090.000000 21.550272 53076.257812
866.973140 53040.000000 22.028223 53002.601562
868.991390 52562.000000 22.526865 52927.035156
871.007690 53240.000000 23.293531 52851.257812
873.023620 52763.000000 24.238018 52772.835938
875.037660 52405.000000 25.343983 52693.144531
877.051270 52672.000000 26.311657 52610.343750
879.062990 52576.000000 25.960999 52525.765625
881.074340 52616.000000 25.907154 52438.054688
883.083740 52598.000000 26.313114 52347.164062
885.092770 52719.000000 26.431660 52254.078125
887.099850 52591.000000 26.059071 52158.843750
889.104980 52452.000000 25.385777 52060.929688
891.111450 51961.000000 25.048679 51960.859375
893.114260 51741.000000 24.192989 51859.648438
895.118410 52095.000000 23.475634 51756.996094
897.119020 51950.000000 22.829113 51653.273438
899.120790 51912.000000 21.983372 51549.414062
901.119080 51597.000000 21.478031 51445.015625
903.118650 51675.000000 22.062479 51339.871094
905.114620 51603.000000 23.064837 51234.574219
907.111880 51086.000000 24.000172 51127.753906
909.107180 51019.000000 24.620121 51021.734375
911.100520 51075.000000 25.037016 50916.164062
913.093630 50806.000000 25.442455 50811.992188
915.084660 50691.000000 25.848160 50709.914062
917.075380 50785.000000 26.101629 50607.390625
919.064210 50481.000000 27.450481 50503.980469
921.052730 50286.000000 28.993073 50400.273438
923.039310 50512.000000 30.366266 50296.703125
925.025450 50190.000000 31.380573 50195.042969
927.009770 49945.000000 32.488384 50095.082031
928.993650 50089.000000 33.624657 49997.718750
930.975590 50194.000000 35.474369 49902.523438
932.957280 49696.000000 37.469486 49807.269531
934.937010 49880.000000 38.213074 49712.476562
936.916380 49787.000000 38.907566 49621.984375
938.895390 49618.000000 40.560658 49537.347656
940.870970 49337.000000 41.904457 49456.957031
942.847660 49524.000000 43.234077 49379.941406
944.822510 49339.000000 45.439938 49307.109375
946.795470 49016.000000 48.839306 49239.835938
948.768010 48967.000000 53.710320 49175.835938
950.738710 49083.000000 61.785408 49114.976562
952.708980 49134.000000 72.627518 49055.656250
954.677310 49100.000000 89.233833 48997.863281
956.645390 49124.000000 111.540138 48940.164062
958.613160 49063.000000 143.048050 48882.890625
960.578920 49092.000000 187.012344 48826.691406
962.542720 49007.000000 251.665070 48771.964844
964.506290 49182.000000 342.453430 48719.070312
966.467960 49025.000000 459.064301 48668.046875
968.429260 49280.000000 584.274414 48618.226562
970.390140 49326.000000 648.049255 48569.367188
972.347660 49157.000000 598.425171 48521.871094
974.306270 48914.000000 482.445801 48474.988281
976.263060 48926.000000 360.988983 48427.828125
978.218020 48479.000000 264.151031 48382.781250
980.172490 48601.000000 195.266052 48340.601562
982.125120 48386.000000 148.875290 48301.074219
984.077390 48807.000000 117.049210 48263.468750
986.029360 48203.000000 94.291481 48227.214844
987.979370 48433.000000 77.510033 48192.027344
989.927490 48309.000000 64.299240 48156.796875
991.875310 48235.000000 54.520985 48123.289062
993.822750 48241.000000 47.544334 48089.750000
995.768370 48336.000000 43.169758 48056.585938
997.711980 48198.000000 40.242283 48024.808594
999.655270 47834.000000 38.268703 47995.968750
1001.596700 48079.000000 35.979786 47968.304688
1003.537700 48044.000000 33.794228 47941.515625
1005.478600 47720.000000 32.503819 47916.613281
1007.417400 48368.000000 31.584538 47893.406250
1009.354300 48198.000000 31.159952 47871.343750
1011.291000 47983.000000 31.073706 47849.617188
1013.227200 47583.000000 30.479349 47827.316406
1015.161600 47983.000000 29.778671 47806.003906
1017.094100 47704.000000 29.470453 47785.773438
1019.026200 47802.000000 29.132645 47767.867188
1020.958000 47928.000000 29.367361 47751.628906
1022.888000 47307.000000 29.826624 47735.371094
1024.816000 47651.000000 30.348810 47719.597656
1026.743800 47468.000000 30.855473 47704.523438
1028.671100 47725.000000 32.328041 47691.074219
1030.596600 47809.000000 34.173515 47677.773438
1032.521700 47587.000000 36.066048 47665.554688
1034.444900 47795.000000 37.765388 47655.035156
1036.366300 47968.000000 39.891747 47641.941406
1038.287400 48111.000000 41.147949 47629.207031
1040.208100 47802.000000 42.249027 47616.144531
1042.127000 47546.000000 43.458366 47601.796875
1044.043800 47570.000000 45.423283 47587.671875
1045.960400 47796.000000 48.302643 47573.089844
1047.876700 47680.000000 51.919823 47557.414062
1049.791000 47623.000000 56.033772 47541.160156
1051.705100 47637.000000 62.301308 47524.589844
1053.617300 47721.000000 70.125153 47510.339844
1055.527600 47503.000000 81.755882 47496.898438
1057.437500 47731.000000 97.078796 47483.070312
1059.347300 47853.000000 119.853294 47466.335938
1061.255000 47594.000000 151.764786 47448.066406
1063.162500 47412.000000 201.562592 47429.675781
1065.068000 47698.000000 276.590759 47411.101562
1066.971700 47775.000000 388.528839 47392.300781
1068.875000 47924.000000 549.131836 47370.386719
1070.778100 48242.000000 727.916321 47348.652344
1072.679200 48218.000000 828.931030 47325.105469
1074.580000 48001.000000 770.030701 47300.832031
1076.479000 47992.000000 622.714294 47278.664062
1078.377600 47795.000000 472.913422 47256.511719
1080.274400 47805.000000 354.603607 47235.371094
1082.169200 47771.000000 268.320221 47214.726562
1084.065300 47459.000000 207.983719 47197.074219
1085.958000 47183.000000 165.551102 47181.433594
1087.850300 46984.000000 132.639236 47165.335938
1089.742400 47421.000000 111.355576 47149.289062
1091.632600 47246.000000 95.675308 47133.332031
1093.522500 47000.000000 84.182869 47119.683594
1095.410400 47263.000000 76.402023 47108.121094
1097.298100 47227.000000 70.529549 47097.328125
1099.183800 47203.000000 65.773209 47089.246094
1101.069300 47246.000000 62.445843 47081.996094
1102.952900 46953.000000 60.511101 47076.109375
1104.834600 46985.000000 59.244087 47072.003906
1106.717700 47117.000000 58.315483 47067.484375
1108.597200 47129.000000 57.368114 47065.859375
1110.477900 46885.000000 55.300728 47063.039062
1112.355300 46981.000000 53.635956 47058.566406
1114.232300 46923.000000 52.514355 47055.765625
1116.109100 47244.000000 51.223747 47053.035156
1117.984000 47087.000000 51.165909 47050.789062
1119.858500 46689.000000 51.977203 47048.199219
1121.731300 46905.000000 53.118141 47044.410156
1123.603600 47060.000000 54.685646 47041.574219
1125.474100 47231.000000 55.755760 47037.972656
1127.344400 47319.000000 56.477684 47032.394531
1129.212600 46950.000000 57.151581 47027.644531
1131.080700 47012.000000 58.680664 47025.753906
1132.946900 46835.000000 61.433685 47026.847656
1134.812700 46952.000000 67.217422 47029.683594
1136.676800 46963.000000 74.229599 47031.679688
1138.540400 46942.000000 82.609886 47036.226562
1140.402300 47314.000000 92.878349 47041.523438
1142.263800 47037.000000 106.750534 47048.437500
1144.123400 47391.000000 123.763405 47053.957031
1145.982800 47124.000000 143.222046 47057.761719
1147.841800 46943.000000 165.710815 47062.812500
1149.697500 47684.000000 193.517029 47068.640625
1151.554400 47272.000000 231.329620 47075.921875
1153.407800 47370.000000 279.559052 47084.945312
1155.262600 47492.000000 345.875671 47095.765625
1157.115500 47892.000000 430.024750 47106.425781
1158.966400 47511.000000 512.648804 47118.390625
1160.817100 47767.000000 561.323792 47131.035156
1162.666000 48007.000000 559.474487 47141.667969
1164.514500 47708.000000 524.713135 47153.308594
1166.361300 47537.000000 471.254089 47165.007812
1168.207600 47826.000000 416.497803 47177.382812
1170.052200 47399.000000 374.252747 47191.949219
1171.896500 47638.000000 347.360779 47207.945312
1173.740400 47537.000000 333.833618 47225.878906
1175.580900 47491.000000 333.599518 47246.191406
1177.422900 47915.000000 338.410309 47267.519531
1179.262700 47978.000000 355.728058 47289.109375
1181.100700 47726.000000 385.613098 47311.210938
1182.938600 47757.000000 431.755371 47333.472656
1184.774500 47703.000000 499.061920 47357.445312
1186.610200 48128.000000 587.142944 47384.925781
1188.444000 47958.000000 698.810486 47409.667969
1190.277500 48319.000000 831.108215 47432.351562
1192.110700 48674.000000 978.335266 47454.398438
1193.942000 48667.000000 1129.004639 47478.332031
1195.771600 48823.000000 1261.072632 47503.937500
1197.600700 48880.000000 1346.613281 47529.179688
1199.428100 48808.000000 1364.294800 47554.261719
1201.255200 48914.000000 1311.861694 47578.875000
1203.082000 49290.000000 1202.878052 47602.910156
1204.907000 48716.000000 1053.808716 47629.007812
1206.730100 48646.000000 901.391907 47657.855469
1208.552900 48597.000000 777.372742 47688.929688
1210.373900 48422.000000 687.621460 47722.550781
1212.194600 48467.000000 635.659973 47753.687500
1214.015000 48483.000000 617.381531 47784.039062
1215.833500 48261.000000 631.779175 47813.156250
1217.650300 48615.000000 686.357910 47842.320312
1219.466700 48903.000000 784.975464 47871.160156
1221.281300 48772.000000 926.209961 47901.492188
1223.095600 49175.000000 1105.084473 47931.789062
1224.909500 49381.000000 1314.347778 47965.812500
1226.721700 49709.000000 1521.915771 48002.000000
1228.532000 49586.000000 1680.019897 48038.785156
1230.342000 49760.000000 1732.856445 48074.503906
1232.151700 49745.000000 1658.168701 48109.828125
1233.959700 49705.000000 1484.239624 48143.359375
1235.765900 49701.000000 1268.115723 48176.734375
1237.571700 49222.000000 1048.180786 48210.488281
1239.377100 49130.000000 850.740845 48246.773438
1241.180800 48983.000000 696.971680 48284.718750
1242.982700 48795.000000 592.046509 48323.753906
1244.784200 49081.000000 522.812256 48361.003906
1246.585300 48969.000000 486.047455 48396.800781
1248.384900 48663.000000 474.063141 48430.632812
1250.182500 48713.000000 486.628082 48465.289062
1251.979700 48997.000000 516.136597 48502.175781
1253.776900 49328.000000 571.194336 48540.906250
1255.572000 49404.000000 656.514282 48582.558594
1257.365500 49075.000000 777.165894 48624.574219
1259.160000 49650.000000 943.971313 48670.933594
1260.951300 50233.000000 1170.764526 48725.246094
1262.742300 50166.000000 1479.348877 48785.578125
1264.533100 50714.000000 1862.909546 48849.226562
1266.322000 51381.000000 2318.353027 48912.562500
1268.109000 51543.000000 2799.695801 48972.886719
1269.895800 52182.000000 3216.379639 49031.621094
1271.682400 52516.000000 3433.452637 49084.285156
1273.466900 52667.000000 3326.689941 49131.710938
1275.251500 52084.000000 2965.747803 49178.554688
1277.033900 51558.000000 2496.916504 49223.945312
1278.814700 51418.000000 2037.493164 49275.566406
1280.595200 51263.000000 1629.957397 49330.964844
1282.375400 50587.000000 1289.439941 49388.574219
1284.153800 50267.000000 1023.410278 49449.828125
1285.931900 50417.000000 816.651978 49511.843750
1287.708100 50374.000000 663.025208 49574.468750
1289.482500 50193.000000 551.245483 49642.046875
1291.256800 50172.000000 471.856384 49712.054688
1293.030600 50159.000000 412.758148 49784.527344
1294.802900 50524.000000 365.270630 49858.160156
1296.574600 50778.000000 329.190826 49931.625000
1298.344600 50094.000000 300.835968 50002.343750
1300.114400 50243.000000 284.120209 50073.371094
1301.882300 50347.000000 274.351074 50145.449219
1303.648300 50656.000000 269.232788 50221.832031
1305.415800 50624.000000 269.213470 50301.152344
1307.179700 50751.000000 269.039246 50380.250000
1308.943500 50959.000000 271.199738 50458.789062
1310.707000 51004.000000 277.451721 50539.269531
1312.468600 50739.000000 288.596375 50619.632812
1314.230000 51208.000000 306.096130 50700.601562
1315.989500 51239.000000 333.917908 50783.269531
1317.748800 51371.000000 374.849670 50867.855469
1319.506200 51522.000000 434.774994 50954.066406
1321.263400 51711.000000 514.316101 51040.027344
1323.018900 51696.000000 621.817993 51124.117188
1324.774000 51958.000000 754.292419 51206.871094
1326.527300 52306.000000 908.101196 51287.410156
1328.278900 52523.000000 1075.619873 51368.492188
1330.031700 52618.000000 1244.734741 51450.042969
1331.781100 52881.000000 1376.013306 51531.394531
1333.531900 53156.000000 1423.322510 51611.453125
1335.279300 52959.000000 1367.541382 51689.687500
1337.027800 53151.000000 1230.625244 51765.269531
1338.773200 53039.000000 1059.276611 51836.878906
1340.518300 52707.000000 886.109680 51904.652344
1342.263100 52740.000000 733.769104 51970.316406
1344.006000 52511.000000 607.274048 52032.164062
1345.748700 52777.000000 504.875916 52093.058594
1347.489500 52665.000000 423.209717 52151.214844
1349.230200 52479.000000 364.153595 52207.687500
1350.969100 52384.000000 323.446594 52262.843750
1352.707500 52827.000000 297.170715 52317.109375
1354.445900 52712.000000 279.003601 52369.941406
1356.180900 52923.000000 267.669464 52421.562500
1357.917000 52700.000000 265.046692 52470.542969
1359.649900 52689.000000 269.548767 52513.183594
1361.384200 52720.000000 280.403564 52551.082031
1363.115000 52893.000000 303.164276 52585.359375
1364.847000 52856.000000 340.254944 52615.875000
1366.577400 53015.000000 397.971436 52639.847656
1368.305900 53085.000000 482.737549 52657.398438
1370.034300 53231.000000 606.094238 52672.347656
1371.760600 53811.000000 769.320679 52686.789062
1373.486900 53675.000000 972.734192 52698.847656
1375.211300 53890.000000 1188.131958 52710.351562
1376.935400 54060.000000 1343.555420 52718.851562
1378.657800 54249.000000 1369.862061 52725.109375
1380.380000 54130.000000 1259.519165 52729.183594
1382.100200 53717.000000 1058.148193 52730.242188
1383.820300 53514.000000 844.788391 52728.234375
1385.540200 53530.000000 656.768555 52723.960938
1387.256500 53223.000000 513.276489 52718.328125
1388.974200 53364.000000 403.357147 52710.765625
1390.690300 52961.000000 323.882599 52701.601562
1392.404400 53095.000000 264.990295 52690.914062
1394.118400 52972.000000 224.948318 52677.714844
1395.830400 52959.000000 196.527298 52662.339844
1397.542200 52916.000000 177.429047 52646.687500
1399.252300 52997.000000 161.454620 52632.007812
1400.962200 52713.000000 148.013229 52617.765625
1402.671800 52912.000000 136.518829 52604.867188
1404.379500 52626.000000 129.367188 52590.570312
1406.085600 52725.000000 124.864151 52575.531250
1407.791300 52614.000000 120.384239 52559.316406
1409.495200 52664.000000 118.188683 52541.847656
1411.199000 52828.000000 117.112228 52521.984375
1412.902500 52828.000000 117.134560 52499.667969
1414.604000 52795.000000 118.170143 52477.347656
1416.304000 52818.000000 118.214401 52455.042969
1418.003700 52571.000000 116.726700 52432.378906
1419.701500 52700.000000 116.784752 52409.953125
1421.399000 52393.000000 118.313553 52387.367188
1423.096400 52238.000000 122.102539 52364.812500
1424.792000 52296.000000 127.769363 52341.621094
1426.485700 52184.000000 134.793854 52319.125000
1428.179300 52223.000000 142.003525 52298.796875
1429.871100 52508.000000 150.512985 52281.187500
1431.562500 52801.000000 161.812622 52264.121094
1433.253900 52460.000000 174.937180 52247.597656
1434.943400 52599.000000 190.663940 52231.375000
1436.631000 52736.000000 209.044800 52214.554688
1438.318500 52292.000000 231.506744 52197.300781
1440.005600 52279.000000 259.727966 52179.792969
1441.691000 52067.000000 295.027649 52163.320312
1443.374800 52449.000000 338.471130 52147.187500
1445.058200 52494.000000 393.436279 52132.179688
1446.741300 52642.000000 461.813660 52117.730469
1448.422900 52511.000000 547.712402 52104.449219
1450.102400 52820.000000 651.062073 52091.046875
1451.781700 53038.000000 770.851257 52079.199219
1453.460900 53033.000000 913.329712 52068.394531
1455.138200 52650.000000 1074.140625 52060.851562
1456.813800 53462.000000 1242.245361 52054.945312
1458.489100 53305.000000 1403.164551 52047.402344
1460.164300 53435.000000 1535.193970 52038.691406
1461.837600 53652.000000 1620.744263 52027.910156
1463.509200 53573.000000 1641.579834 52015.253906
1465.180500 53506.000000 1595.445435 52002.796875
1466.851600 53349.000000 1484.347900 51990.312500
1468.520900 53195.000000 1328.774658 51980.742188
1470.189900 53351.000000 1157.507080 51974.628906
1471.857200 52998.000000 994.174194 51970.562500
1473.522800 52750.000000 845.178833 51968.304688
1475.188100 52792.000000 714.063110 51966.593750
1476.853100 52255.000000 602.130493 51965.273438
1478.516500 52206.000000 507.616211 51964.054688
1480.178000 52463.000000 431.105896 51962.949219
1481.839200 52065.000000 369.943451 51961.324219
1483.500400 52383.000000 319.768127 51959.339844
1485.159700 52281.000000 281.299225 51957.898438
1486.818600 52189.000000 251.139526 51957.578125
1488.476000 51872.000000 226.789230 51958.152344
1490.131500 52222.000000 208.172699 51959.320312
1491.788300 51943.000000 194.213821 51959.585938
1493.441800 52024.000000 181.910400 51957.753906
1495.095100 52124.000000 171.891632 51955.050781
1496.748000 52019.000000 162.593094 51951.757812
1498.399400 52306.000000 157.537674 51949.730469
1500.050400 52051.000000 154.985199 51949.027344
1501.699700 52166.000000 153.265366 51947.566406
1503.347300 52457.000000 151.480652 51946.765625
1504.996100 52060.000000 149.573578 51947.582031
1506.641600 51869.000000 150.317154 51949.000000
1508.287000 52115.000000 151.811127 51951.312500
1509.932000 52086.000000 154.969879 51955.589844
1511.575300 51910.000000 161.786804 51959.726562
1513.218500 52442.000000 168.153381 51964.050781
1514.859700 52236.000000 177.475601 51971.351562
1516.500900 52185.000000 189.826874 51981.261719
1518.140300 52491.000000 205.209808 51992.253906
1519.777800 52433.000000 228.439529 52004.195312
1521.416700 52278.000000 256.983459 52017.253906
1523.052200 52490.000000 294.514526 52030.125000
1524.689200 52486.000000 340.604034 52043.085938
1526.322800 52229.000000 397.551178 52054.988281
1527.956200 52471.000000 471.809509 52064.167969
1529.589400 52383.000000 564.312622 52072.015625
1531.220800 52460.000000 681.953674 52078.878906
1532.851900 53123.000000 828.505676 52085.531250
1534.481400 53435.000000 999.698059 52087.777344
1536.110600 53261.000000 1194.317017 52086.824219
1537.738000 53464.000000 1396.320068 52086.511719
1539.365200 53763.000000 1582.327881 52087.101562
1540.990700 53755.000000 1734.065186 52086.632812
1542.616000 53749.000000 1822.167969 52087.257812
1544.239500 53901.000000 1827.750000 52086.871094
1545.862700 53955.000000 1747.986084 52085.441406
1547.484400 53998.000000 1601.589111 52084.945312
1549.105600 53460.000000 1416.921631 52083.859375
1550.725100 53429.000000 1221.543335 52082.281250
1552.344500 53009.000000 1037.042358 52079.511719
1553.962000 52722.000000 870.805786 52077.941406
1555.579300 52865.000000 727.200439 52077.683594
1557.195100 52887.000000 599.613220 52077.093750
1558.810400 52683.000000 493.293701 52075.476562
1560.424100 52749.000000 408.003265 52075.097656
1562.037500 52403.000000 337.765503 52074.425781
1563.649200 52497.000000 288.196716 52076.804688
1565.260600 52093.000000 249.767792 52081.031250
1566.870500 52261.000000 220.256439 52086.042969
1568.479900 52160.000000 195.396057 52091.781250
1570.089100 52492.000000 177.768845 52098.183594
1571.695200 51895.000000 163.249359 52104.460938
1573.302500 52243.000000 151.834930 52110.226562
1574.906500 51877.000000 142.754837 52116.968750
1576.511800 52052.000000 133.276764 52122.871094
1578.115500 52523.000000 124.255043 52127.117188
1579.717400 52342.000000 116.273521 52134.000000
1581.319100 52171.000000 110.307045 52143.937500
1582.919100 52890.000000 104.227417 52156.152344
1584.518700 52312.000000 96.678833 52169.867188
1586.116600 52430.000000 87.841072 52185.816406
1587.714500 52316.000000 79.621010 52203.371094
1589.310500 52644.000000 74.983528 52222.390625
1590.906300 52309.000000 69.648849 52242.531250
1592.501800 52355.000000 65.682854 52264.265625
1594.095700 52386.000000 62.299248 52287.410156
1595.687900 52308.000000 59.231079 52311.347656
1597.279700 52263.000000 56.218597 52336.808594
1598.869900 52292.000000 53.527752 52362.183594
1600.459700 52372.000000 51.634968 52388.011719
1602.048100 52467.000000 49.454704 52414.085938
1603.636000 52285.000000 46.578957 52440.042969
1605.223900 52669.000000 44.365524 52466.570312
1606.809800 52312.000000 42.706978 52493.226562
1608.394200 52335.000000 41.808956 52520.140625
1609.978300 52378.000000 41.777466 52547.695312
1611.560700 52381.000000 41.925026 52575.894531
1613.142900 52877.000000 41.801849 52603.863281
1614.724700 52798.000000 40.042427 52631.347656
1616.304900 52992.000000 38.593590 52658.914062
1617.883500 52821.000000 36.961868 52686.867188
1619.461800 52762.000000 34.805813 52713.312500
1621.038300 52882.000000 32.187004 52738.695312
1622.614700 52805.000000 30.149342 52763.312500
1624.190800 52798.000000 28.242437 52785.078125
1625.765300 52810.000000 26.222635 52804.804688
1627.337900 53107.000000 25.359394 52822.269531
1628.910400 52708.000000 24.102444 52836.769531
1630.482700 53222.000000 22.783459 52848.406250
1632.053200 53010.000000 21.814850 52857.121094
1633.622100 53015.000000 20.911274 52864.347656
1635.190600 52862.000000 20.284939 52870.125000
1636.759000 53229.000000 20.055264 52874.183594
1638.325700 53179.000000 20.048206 52877.296875
1639.890700 53281.000000 19.983751 52881.039062
1641.455400 53068.000000 19.670309 52885.144531
1643.019900 53098.000000 19.038357 52888.308594
1644.582800 53076.000000 18.463564 52891.417969
1646.143900 52843.000000 17.974455 52893.429688
1647.704700 53077.000000 17.508410 52893.710938
1649.265500 53063.000000 17.306896 52890.648438
1650.824500 52949.000000 17.140661 52882.765625
1652.381600 53106.000000 17.044106 52871.156250
1653.938700 53117.000000 16.660429 52855.539062
1655.495500 53024.000000 16.317743 52835.683594
1657.050700 53141.000000 16.024952 52811.160156
1658.604100 52902.000000 15.698337 52782.867188
1660.157200 53079.000000 15.225943 52751.484375
1661.710200 52987.000000 14.756178 52716.257812
1663.261500 52478.000000 14.567530 52677.023438
1664.811200 52855.000000 14.504822 52635.125000
1666.361900 52635.000000 14.161781 52588.906250
1667.909700 52567.000000 13.927327 52540.136719
1669.457200 52723.000000 13.619041 52487.742188
1671.004300 52269.000000 13.311037 52433.933594
1672.549900 52173.000000 12.991209 52379.484375
1674.093600 52082.000000 12.821543 52322.796875
1675.637300 52217.000000 12.649023 52264.152344
1677.180800 52197.000000 12.419705 52203.078125
1678.722400 52303.000000 12.438922 52140.601562
1680.263900 52037.000000 12.647563 52078.687500
1681.803700 51782.000000 12.570644 52017.628906
1683.341800 52149.000000 12.325400 51957.121094
1684.881200 51777.000000 12.191052 51897.074219
1686.417500 51836.000000 12.183119 51835.175781
1687.953400 51803.000000 12.230775 51772.546875
1689.489100 51857.000000 12.242075 51709.613281
1691.023200 51656.000000 12.096571 51647.414062
1692.557100 51625.000000 11.986082 51586.070312
1694.089200 51454.000000 11.652369 51524.929688
1695.619800 51367.000000 11.184725 51463.265625
1697.151500 51291.000000 10.825625 51401.960938
1698.680200 51394.000000 10.454976 51341.421875
1700.208500 51179.000000 10.054461 51281.578125
1701.736600 51090.000000 9.799920 51221.023438
1703.263100 51368.000000 9.490558 51159.937500
1704.789300 51102.000000 9.251822 51099.808594
1706.314000 51152.000000 8.907690 51040.500000
1707.838100 51287.000000 8.495007 50981.898438
1709.361000 50837.000000 8.083405 50923.390625
1710.883300 50802.000000 7.742180 50863.828125
1712.404100 50892.000000 7.356126 50803.148438
1713.923100 51028.000000 7.028014 50741.890625
1715.443500 50649.000000 6.711106 50679.414062
1716.960700 50383.000000 6.587485 50616.082031
1718.479100 50772.000000 6.501796 50552.449219
1719.994500 50581.000000 6.458253 50490.156250
1721.509600 50362.000000 6.370617 50428.312500
1723.024400 50137.000000 6.324494 50367.691406
1724.537600 50427.000000 6.270110 50307.386719
1726.050700 50300.000000 6.307176 50246.832031
1727.561900 50321.000000 6.322494 50185.855469
1729.073000 50509.000000 6.428991 50125.714844
1730.582400 50179.000000 6.635398 50065.847656
1732.091700 50462.000000 6.970554 50006.101562
1733.599200 49872.000000 7.588186 49946.644531
1735.106600 50071.000000 8.105351 49887.273438
1736.612100 49641.000000 8.099462 49828.644531
1738.117600 49858.000000 7.782968 49772.273438
1739.621300 49769.000000 7.520045 49716.464844
1741.125000 49291.000000 7.378736 49662.812500
1742.626800 49630.000000 7.384355 49609.468750
1744.128400 49268.000000 7.501847 49555.687500
1745.628500 49631.000000 7.760166 49502.839844
1747.128300 49595.000000 7.864477 49450.820312
1748.626300 49348.000000 7.954221 49399.964844
1750.124300 49374.000000 7.992368 49351.039062
1751.620500 49351.000000 7.964055 49303.394531
1753.116600 49118.000000 7.873064 49259.093750
1754.612400 49330.000000 7.585626 49216.558594
1756.105100 49189.000000 7.246320 49174.535156
1757.599100 49239.000000 6.858228 49133.359375
1759.091300 49146.000000 6.538894 49092.722656
1760.582000 49029.000000 6.299282 49052.117188
1762.072400 49231.000000 6.144409 49011.046875
1763.561000 48795.000000 5.909276 48970.128906
1765.049600 48566.000000 5.694656 48930.964844
1766.536500 49106.000000 5.688813 48892.539062
1768.023200 48826.000000 5.781263 48854.878906
1769.508100 48704.000000 5.893207 48816.074219
1770.992900 48824.000000 6.103267 48779.000000
1772.477500 48721.000000 6.203181 48743.441406
1773.959000 48878.000000 6.215870 48708.222656
1775.441700 48609.000000 6.108729 48673.644531
1776.922700 48387.000000 5.916222 48641.117188
1778.402100 48829.000000 5.928246 48609.566406
1779.881300 48504.000000 6.092461 48578.261719
1781.358900 48422.000000 6.205081 48546.300781
1782.836200 48536.000000 6.219405 48515.851562
1784.311900 48526.000000 6.125573 48486.843750
1785.787400 48662.000000 6.059764 48458.082031
1787.262600 48402.000000 5.922331 48429.707031
1788.736200 48594.000000 5.766779 48401.453125
1790.208300 48356.000000 5.605394 48373.871094
1791.679800 48625.000000 5.480489 48345.769531
1793.150000 48330.000000 5.302188 48316.781250
1794.619900 48386.000000 5.151412 48288.187500
1796.089600 48390.000000 4.989615 48258.734375
1797.557600 48254.000000 4.880511 48229.109375
1799.023900 48117.000000 4.780435 48200.011719
1800.490100 48455.000000 4.758963 48172.207031
1801.954600 48165.000000 4.781020 48146.687500
1803.418900 48234.000000 4.851750 48122.417969
1804.883100 47803.000000 4.954875 48100.226562
1806.345500 48262.000000 5.121199 48079.652344
1807.806400 47942.000000 5.328122 48059.371094
1809.266800 47965.000000 5.482402 48038.300781
1810.727400 47774.000000 5.642152 48016.933594
1812.186000 47928.000000 5.734861 47996.371094
1813.643300 47946.000000 5.648258 47974.960938
1815.100100 48181.000000 5.593214 47952.039062
1816.556800 47833.000000 5.551675 47929.226562
1818.010400 47635.000000 5.471366 47907.476562
1819.465300 47963.000000 5.499061 47888.121094
1820.918500 48232.000000 5.472019 47868.722656
1822.370100 47707.000000 5.421612 47850.605469
1823.821400 48106.000000 5.327819 47833.101562
1825.272600 47782.000000 4.996258 47815.484375
1826.722200 47795.000000 4.698676 47800.546875
1828.169900 47685.000000 4.385528 47786.535156
1829.617600 47744.000000 4.099654 47772.960938
1831.065200 47734.000000 3.941216 47760.417969
1832.511000 47570.000000 3.903924 47747.570312
1833.956500 47664.000000 3.880879 47733.457031
1835.400500 47758.000000 3.869620 47720.648438
1836.842900 48101.000000 3.989622 47708.640625
1838.285200 47671.000000 4.112796 47696.730469
1839.727100 47450.000000 4.290347 47687.015625
1841.167400 47850.000000 4.508330 47677.269531
1842.606100 47598.000000 4.567314 47665.371094
1844.044400 47365.000000 4.578042 47654.082031
1845.482800 47613.000000 4.466102 47644.851562
1846.919400 47505.000000 4.350746 47636.437500
1848.356000 47353.000000 4.281147 47630.242188
1849.790800 47391.000000 4.360404 47623.656250
1851.224000 47575.000000 4.548829 47617.675781
1852.656900 47269.000000 4.660563 47612.730469
1854.089700 47555.000000 4.701342 47608.273438
1855.520800 47610.000000 4.717385 47606.625000
1856.951800 47337.000000 4.749213 47607.972656
1858.381100 47423.000000 4.680965 47612.800781
1859.808700 47804.000000 4.621990 47619.082031
1861.236300 47894.000000 4.537263 47627.015625
1862.663500 47566.000000 4.641638 47635.644531
1864.089100 47321.000000 4.624475 47644.960938
1865.514600 47583.000000 4.559359 47657.062500
1866.938500 47588.000000 4.426762 47669.957031
1868.360700 47706.000000 4.296013 47683.203125
1869.784200 47874.000000 4.253169 47695.003906
1871.204500 47534.000000 4.153607 47705.164062
1872.624600 47394.000000 4.037992 47714.792969
1874.044700 47832.000000 3.802963 47723.382812
1875.463000 47913.000000 3.502553 47731.976562
1876.881200 47805.000000 3.196081 47739.925781
1878.297700 47737.000000 3.049356 47747.222656
1879.714100 47689.000000 3.078474 47754.046875
1881.128800 47702.000000 3.176149 47758.332031
1882.541900 47887.000000 3.255846 47760.925781
1883.956200 48161.000000 3.333448 47764.726562
1885.367400 48103.000000 3.534468 47768.105469
1886.778600 47827.000000 3.966253 47769.019531
1888.189500 48261.000000 3.626702 47767.750000
