Raman_Shift Original_Spectrum Predicted_Raman Predicted_Baseline
294.894650	40878.000000	29.860607	41505.016512
297.232540	40931.000000	31.629279	41517.661178
299.568300	41187.000000	31.763527	41553.138550
301.905240	41410.000000	33.383523	41548.922538
304.238400	41743.000000	35.274235	41580.236107
306.571040	41865.000000	36.609955	41617.461636
308.903260	42367.000000	37.364507	41646.778354
311.233340	42617.000000	38.445684	41671.354725
313.562930	42379.000000	38.869456	41665.075619
315.890440	42319.000000	38.750723	41655.374863
318.215790	42040.000000	38.457737	41644.964515
320.540680	41984.000000	38.329403	41635.299126
322.865110	41786.000000	38.074279	41619.536520
325.187410	41491.000000	37.769573	41611.328490
327.509250	41447.000000	39.900951	41608.160587
329.828920	41601.000000	44.247582	41601.274622
332.148160	41190.000000	49.022497	41594.353290
334.465270	41261.000000	53.237631	41586.871694
336.781950	41154.000000	55.855985	41586.630298
339.096470	41048.000000	56.661562	41597.441476
341.408870	41053.000000	57.885226	41615.470399
343.722530	41132.000000	59.581336	41659.587506
346.032350	41351.000000	61.277434	41720.515328
348.341740	41268.000000	63.004377	41801.605901
350.650670	41559.000000	64.774787	41892.231622
352.957460	41763.000000	67.421470	41990.949166
355.263760	42038.000000	68.642779	42089.049746
357.568020	42132.000000	68.980887	42187.589891
359.871800	42205.000000	69.125917	42283.229353
362.173430	42100.000000	69.836111	42381.351827
364.474640	42497.000000	70.398387	42474.018749
366.773710	42465.000000	70.741943	42568.840832
369.072360	42475.000000	71.045723	42669.335725
371.368870	42656.000000	71.722693	42769.849705
373.664920	42778.000000	70.845532	42867.445599
375.958890	42839.000000	69.262071	42961.632754
378.252380	42796.000000	67.878627	43052.564992
380.543790	43108.000000	67.623827	43137.570113
382.834750	43018.000000	64.338182	43210.109088
385.123570	42820.000000	60.340857	43273.586165
387.411960	43002.000000	55.489843	43339.696144
389.698210	43185.000000	50.786711	43405.467046
391.984070	43137.000000	47.238902	43458.553984
394.267790	42940.000000	45.058921	43507.060010
396.551060	42902.000000	43.235463	43559.738259
398.832210	43056.000000	41.732996	43619.092515
401.112950	43114.000000	40.752833	43671.922339
403.391570	43254.000000	40.783573	43725.433685
405.669770	43248.000000	40.732689	43769.371149
407.945860	43541.000000	40.595250	43814.036170
410.221470	43393.000000	40.440465	43838.383495
412.495030	43617.000000	41.021820	43859.060477
414.768100	43640.000000	41.938442	43875.377733
417.039090	43510.000000	43.439804	43898.817858
419.309630	43550.000000	45.190500	43916.285956
421.579740	43783.000000	47.926868	43936.955078
423.846100	43715.000000	51.017958	43955.870430
426.113680	43897.000000	55.088382	43975.053002
428.377470	44020.000000	79.430888	43982.256711
430.642520	43846.000000	111.200153	43992.411067
432.905460	44183.000000	138.370217	43994.673454
435.166320	44388.000000	167.987058	43988.613850
437.426700	44291.000000	186.421950	43976.157810
439.685060	44370.000000	197.242637	43957.301965
441.942900	44409.000000	213.892180	43925.964257
444.198730	44445.000000	239.857141	43896.357863
446.454070	44274.000000	308.025636	43856.693672
448.708980	44363.000000	400.521545	43810.517400
450.961820	44491.000000	496.313319	43753.291921
453.212550	44127.000000	601.842303	43695.058193
455.462890	44146.000000	680.293870	43640.114188
457.711120	44205.000000	649.454321	43594.309553
459.958920	44159.000000	608.164917	43537.608410
462.204590	44180.000000	563.003104	43493.571019
464.449890	44008.000000	519.322194	43453.018715
466.694760	44162.000000	512.117678	43431.901606
468.937500	43666.000000	516.126152	43394.010273
471.178160	43829.000000	534.802247	43369.834732
473.418460	43711.000000	562.428841	43345.956725
475.656620	43660.000000	570.104396	43334.620089
477.894380	43647.000000	590.691767	43310.853236
480.131680	43652.000000	615.663565	43291.837958
482.366910	43430.000000	658.305068	43273.472765
484.600040	43456.000000	711.304290	43272.421850
486.832790	43629.000000	787.220776	43256.722119
489.063450	43858.000000	885.660083	43239.977087
491.293670	43704.000000	973.658515	43220.338670
493.523500	43475.000000	986.682889	43223.794564
495.751190	43505.000000	970.413492	43219.883947
497.976840	43673.000000	919.629921	43215.619657
500.202090	43561.000000	840.396133	43197.892198
502.426910	43334.000000	724.345014	43177.745165
504.649660	43161.000000	604.264475	43153.261984
506.870270	43310.000000	491.983240	43134.333159
509.090550	42976.000000	398.940506	43107.955860
511.310360	42978.000000	354.027633	43085.411707
513.528140	43243.000000	321.375614	43059.866383
515.743770	42959.000000	302.681519	43030.795552
517.959110	43059.000000	290.009187	42993.742931
520.173890	43032.000000	279.973880	42951.652428
522.386660	42864.000000	273.740965	42898.928145
524.597410	42677.000000	269.698317	42850.812844
526.807740	42664.000000	271.337986	42800.765813
529.017580	42732.000000	292.215856	42750.381949
531.225400	42795.000000	325.558749	42703.691447
533.431210	42703.000000	383.329474	42665.243780
535.636470	42917.000000	481.062241	42625.389841
537.841430	42678.000000	627.636322	42591.186255
540.044310	43045.000000	816.622614	42549.041859
542.245120	43324.000000	1013.682415	42501.536223
544.445500	43156.000000	1105.040744	42446.295245
546.645450	42892.000000	1025.507597	42387.332276
548.843380	42609.000000	839.995373	42314.854492
551.040830	42611.000000	641.195767	42254.797942
553.236330	42236.000000	483.542235	42183.812322
555.429690	42099.000000	372.981545	42114.900464
557.622680	41959.000000	305.201722	42049.484359
559.815250	41985.000000	262.890016	41997.214237
562.005800	41954.000000	232.574416	41940.299767
564.195920	41504.000000	210.960200	41896.043435
566.383910	41551.000000	191.917677	41856.135603
568.569950	41599.000000	175.231117	41823.720594
570.755550	41676.000000	162.497155	41793.374293
572.940730	41749.000000	156.514321	41767.004293
575.123900	41537.000000	152.760926	41737.968268
577.306640	41429.000000	151.566630	41718.173224
579.487300	41570.000000	152.010213	41699.829364
581.665950	41405.000000	153.065058	41693.432366
583.844120	41682.000000	154.849038	41687.987480
586.021970	41552.000000	158.308915	41683.137102
588.197750	41635.000000	160.634773	41682.570663
590.373170	41826.000000	163.665716	41683.542984
592.546450	41746.000000	167.324271	41676.480183
594.719420	41613.000000	173.642043	41678.067783
596.890260	42050.000000	181.166848	41674.438982
599.059140	41640.000000	189.332984	41664.627071
601.229190	41594.000000	200.068428	41650.308351
603.395570	41829.000000	213.891268	41643.120360
605.561580	41690.000000	228.912020	41629.300151
607.727170	42048.000000	247.928087	41612.393440
609.890750	41955.000000	273.259383	41586.059929
612.053960	41986.000000	309.945191	41561.154024
614.215030	42058.000000	362.807961	41539.022490
616.375790	42135.000000	442.816182	41526.305967
618.534480	42085.000000	567.997759	41519.067451
620.692750	42374.000000	754.445287	41516.059543
622.849000	42619.000000	1020.564239	41526.783145
625.004820	42704.000000	1378.145518	41534.070501
627.158750	43220.000000	1818.711699	41549.598448
629.310490	43669.000000	2293.836964	41555.165716
631.463560	43977.000000	2680.230485	41556.958784
633.612920	43908.000000	2797.107192	41531.119293
635.763490	43674.000000	2554.702533	41477.716856
637.910460	43167.000000	2073.152482	41412.071143
640.058650	42559.000000	1575.911122	41333.832412
642.203190	42068.000000	1171.690216	41255.869883
644.348880	41767.000000	881.815498	41164.162371
646.491030	41514.000000	681.802385	41098.001867
648.634400	41200.000000	548.701822	41034.779660
650.774050	41037.000000	460.710091	40976.667752
652.914980	41088.000000	403.246339	40922.168365
655.052250	41073.000000	368.357722	40876.494534
657.190730	40889.000000	348.141287	40822.537446
659.325620	40631.000000	335.043336	40776.001325
661.461730	40936.000000	328.543746	40734.023100
663.594180	40718.000000	327.489076	40702.601744
665.727910	40519.000000	329.672729	40672.305969
667.857910	40795.000000	331.625862	40646.429426
669.989200	40669.000000	336.067481	40617.489960
672.118470	40885.000000	342.576650	40593.521570
674.245670	40524.000000	351.456028	40571.331652
676.372560	40724.000000	360.372983	40555.225478
678.497380	40802.000000	372.437702	40541.594456
680.621830	40814.000000	387.231145	40532.140148
682.744320	40488.000000	411.737729	40524.265582
684.866390	40631.000000	439.504669	40515.251963
686.986450	40507.000000	471.407238	40511.901048
689.106080	40679.000000	506.217507	40507.770367
691.223750	40544.000000	545.377117	40503.693579
693.341000	40830.000000	588.800596	40502.369269
695.457820	40691.000000	635.505835	40505.867267
697.571110	40810.000000	688.956693	40526.221452
699.685610	40751.000000	749.301795	40526.934974
701.798100	41067.000000	821.653689	40505.454087
703.908570	41408.000000	906.675370	40506.300658
706.018620	41333.000000	1010.621877	40481.415524
708.126770	41319.000000	1144.485644	40473.206371
710.234380	41568.000000	1316.858409	40456.917185
712.340150	41533.000000	1547.015584	40489.845862
714.445430	42042.000000	1863.022344	40520.361701
716.550350	42367.000000	2317.476802	40649.290251
718.653260	42985.000000	2951.357073	40720.435866
720.754270	44010.000000	3824.667639	40873.323823
722.854800	45378.000000	5100.930938	41010.159500
724.953370	47936.000000	6865.954314	41291.186137
727.051570	50762.000000	9106.503924	41529.676530
729.149350	53085.000000	11242.120882	41760.711713
731.243530	53587.000000	11930.767900	41778.447030
733.338990	51909.000000	10263.160775	41718.749206
735.432370	49083.000000	7713.178378	41317.631925
737.523800	46341.000000	5611.318704	40973.525672
739.614870	44189.000000	4193.939157	40556.384179
741.705570	42870.000000	3140.568973	40344.914433
743.792600	42097.000000	2406.276754	40180.002703
745.880920	41503.000000	1895.167607	40093.835513
747.967220	41368.000000	1548.536801	40062.649378
750.051570	41013.000000	1307.786546	40014.646354
752.135500	40835.000000	1140.559869	39957.241794
754.219120	40748.000000	1004.167688	39918.310212
756.300720	40722.000000	887.203825	39914.483241
758.380310	40520.000000	789.805188	39914.253634
760.459530	40416.000000	702.352353	39915.003646
762.538390	40197.000000	629.394022	39920.529933
764.615300	40473.000000	570.845145	39929.810773
766.690190	40295.000000	521.786821	39933.469327
768.764710	40240.000000	478.298325	39920.001108
770.838810	40374.000000	439.166329	39897.264399
772.909360	40073.000000	405.128527	39875.572992
774.981140	39970.000000	375.588834	39856.908019
777.050960	40167.000000	347.897189	39838.875167
779.120420	40175.000000	324.042760	39817.802969
781.187870	40002.000000	303.994742	39800.991132
783.253420	39923.000000	282.799898	39784.778294
785.318480	39803.000000	263.716412	39786.788057
787.383240	39937.000000	243.647973	39796.432113
789.445980	39837.000000	221.361005	39801.100602
791.506770	39772.000000	199.349327	39805.343560
793.567260	39929.000000	177.511521	39804.850663
795.627260	39897.000000	156.780383	39794.109658
797.685360	39886.000000	136.980260	39787.887813
799.741520	39776.000000	121.401368	39779.082468
801.797240	39805.000000	113.156304	39754.394942
803.852600	39845.000000	106.729720	39726.038195
805.906010	39501.000000	102.065827	39705.248936
807.959050	39833.000000	102.335740	39691.748156
810.010130	39724.000000	103.720856	39674.257041
812.059200	39740.000000	105.127663	39657.545131
814.107970	40000.000000	106.030329	39641.156579
816.156370	39759.000000	106.990782	39613.507740
818.202760	39656.000000	107.078788	39583.140669
820.247190	39479.000000	106.315776	39549.185216
822.292850	39486.000000	105.577001	39522.288073
824.335020	39753.000000	103.076866	39490.479922
826.376770	39620.000000	98.080098	39448.199110
828.418090	39442.000000	92.919782	39402.079537
830.457520	39430.000000	86.451971	39361.522742
832.496640	39323.000000	79.908417	39316.435559
834.533690	39312.000000	78.332632	39267.388357
836.568910	39141.000000	77.756737	39217.281818
838.603700	39335.000000	78.117156	39166.461758
840.638060	39146.000000	80.566853	39109.802157
842.670530	38990.000000	82.378464	39053.968355
844.702640	38879.000000	85.023971	39003.384076
846.732790	39003.000000	87.612681	38961.996429
848.762570	39037.000000	90.035932	38917.257306
850.790470	38781.000000	91.171871	38870.881180
852.816350	38895.000000	92.612985	38828.252869
854.843440	38811.000000	93.366470	38783.128634
856.867070	38952.000000	91.392952	38730.336985
858.890200	38831.000000	89.245754	38670.296715
860.913150	38714.000000	85.666267	38602.218516
862.934020	38443.000000	81.388591	38541.034702
864.954530	38490.000000	75.922319	38481.756795
866.973140	38554.000000	70.205341	38415.893826
868.991390	38322.000000	64.888705	38356.267859
871.007690	38638.000000	60.534114	38300.531739
873.023620	38429.000000	65.709662	38236.140725
875.037660	38133.000000	71.641187	38163.155447
877.051270	38151.000000	78.762987	38089.355598
879.062990	38294.000000	85.828771	38022.637076
881.074340	38250.000000	93.506396	37958.318481
883.083740	38055.000000	103.890649	37890.311016
885.092770	38199.000000	114.846463	37822.726837
887.099850	38169.000000	127.239926	37756.612928
889.104980	38232.000000	145.505262	37682.765361
891.111450	37773.000000	163.871955	37604.127484
893.114260	37720.000000	183.359517	37531.925341
895.118410	37941.000000	203.235594	37468.160834
897.119020	37887.000000	221.623576	37409.063693
899.120790	37915.000000	239.862264	37347.097307
901.119080	37705.000000	256.390197	37286.561894
903.118650	37808.000000	270.416891	37228.287746
905.114620	37755.000000	271.825129	37183.315647
907.111880	37653.000000	269.200841	37138.400810
909.107180	37517.000000	266.226107	37096.323359
911.100520	37800.000000	265.730912	37053.167345
913.093630	37627.000000	271.581452	37008.175036
915.084660	37475.000000	273.674476	36955.193077
917.075380	37842.000000	276.634350	36894.624823
919.064210	37458.000000	278.520556	36826.157302
921.052730	37187.000000	272.102454	36764.095480
923.039310	37233.000000	268.609174	36699.655626
925.025450	37105.000000	261.904923	36640.688727
927.009770	36753.000000	256.205589	36587.694417
928.993650	36844.000000	248.744203	36533.415094
930.975590	36996.000000	229.611454	36476.169967
932.957280	36620.000000	214.953060	36416.821325
934.937010	36665.000000	206.758995	36358.775661
936.916380	36815.000000	199.651633	36300.276958
938.895390	36553.000000	192.060427	36247.472958
940.870970	36361.000000	186.985354	36202.714186
942.847660	36433.000000	183.008598	36169.389170
944.822510	36581.000000	184.660653	36130.462079
946.795470	36359.000000	198.332446	36092.566536
948.768010	36340.000000	218.041527	36058.427229
950.738710	36312.000000	245.562686	36030.480855
952.708980	36296.000000	283.286252	36007.313002
954.677310	36413.000000	336.036780	35993.980637
956.645390	36454.000000	414.047939	35996.353056
958.613160	36491.000000	527.347528	36014.258754
960.578920	36703.000000	688.396289	36036.007142
962.542720	36964.000000	903.426838	36051.101137
964.506290	37135.000000	1164.641940	36071.982183
966.467960	37391.000000	1413.152588	36096.726970
968.429260	37412.000000	1513.038938	36107.071636
970.390140	37361.000000	1443.379314	36101.489210
972.347660	37226.000000	1287.668986	36073.544240
974.306270	37107.000000	1168.489401	36066.873286
976.263060	36948.000000	1176.524524	36036.354921
978.218020	36908.000000	1359.010384	35995.955875
980.172490	37431.000000	1828.446419	35990.441658
982.125120	38498.000000	2741.354230	36006.855753
984.077390	40411.000000	4144.472880	36077.711411
986.029360	41367.000000	5510.361790	36212.441327
987.979370	41758.000000	5999.711041	36260.384283
989.927490	40619.000000	4943.134218	36183.278429
991.875310	38851.000000	3225.402590	35954.101997
993.822750	37398.000000	1970.074089	35721.145750
995.768370	36701.000000	1208.443197	35602.947258
997.711980	36262.000000	793.674474	35509.795018
999.655270	35823.000000	569.306210	35436.820407
1001.596700	35848.000000	447.211767	35383.327025
1003.537700	35801.000000	375.227406	35351.267373
1005.478600	35515.000000	327.263715	35327.442277
1007.417400	35837.000000	291.547912	35317.540124
1009.354300	35886.000000	262.692092	35299.797508
1011.291000	35590.000000	237.093050	35286.088032
1013.227200	35421.000000	213.190097	35284.020447
1015.161600	35857.000000	192.981293	35281.010433
1017.094100	35512.000000	177.779144	35267.278081
1019.026200	35586.000000	164.138684	35252.822102
1020.958000	35736.000000	152.147454	35247.564859
1022.888000	35523.000000	141.896495	35241.005621
1024.816000	35526.000000	133.586960	35226.407331
1026.743800	35341.000000	126.502422	35217.403255
1028.671100	35541.000000	120.980837	35206.078970
1030.596600	35477.000000	115.750637	35198.881014
1032.521700	35465.000000	111.896913	35183.908560
1034.444900	35645.000000	107.964147	35170.291713
1036.366300	35606.000000	105.178793	35160.572431
1038.287400	35585.000000	102.465999	35152.214511
1040.208100	35407.000000	101.358103	35136.959679
1042.127000	35285.000000	100.526401	35126.309899
1044.043800	35356.000000	101.348498	35114.013854
1045.960400	35286.000000	103.169206	35103.235798
1047.876700	35313.000000	106.246691	35090.390436
1049.791000	35176.000000	110.664257	35078.219720
1051.705100	35182.000000	116.811140	35067.310300
1053.617300	35373.000000	122.592603	35054.146351
1055.527600	35300.000000	127.687395	35033.801429
1057.437500	35104.000000	136.468574	35021.226936
1059.347300	35330.000000	150.050167	35015.724228
1061.255000	35319.000000	173.345736	35003.884730
1063.162500	35271.000000	208.591255	34991.567212
1065.068000	35287.000000	254.084496	34982.526927
1066.971700	35249.000000	310.474930	34977.766090
1068.875000	35504.000000	380.045750	34973.291279
1070.778100	35643.000000	452.684337	34963.021698
1072.679200	35650.000000	517.761575	34951.134623
1074.580000	35406.000000	557.650566	34941.913291
1076.479000	35532.000000	556.632317	34926.020303
1078.377600	35448.000000	518.087811	34906.992113
1080.274400	35662.000000	455.317905	34892.862440
1082.169200	35533.000000	382.252700	34887.410817
1084.065300	35198.000000	314.481018	34885.790936
1085.958000	34979.000000	254.902751	34869.718445
1087.850300	34909.000000	205.070064	34859.206205
1089.742400	35221.000000	166.308390	34847.440811
1091.632600	34966.000000	137.528243	34837.894717
1093.522500	34989.000000	124.202071	34829.198000
1095.410400	34985.000000	113.114674	34818.007324
1097.298100	35047.000000	105.648218	34806.969908
1099.183800	35012.000000	99.232501	34795.728988
1101.069300	34980.000000	94.961536	34785.236537
1102.952900	34875.000000	91.466476	34770.845538
1104.834600	34847.000000	88.600888	34766.125261
1106.717700	35083.000000	86.803829	34759.128002
1108.597200	34983.000000	85.650952	34752.999487
1110.477900	34835.000000	85.369145	34752.669532
1112.355300	34950.000000	85.323050	34751.554479
1114.232300	34750.000000	86.687806	34749.299390
1116.109100	34947.000000	89.335023	34748.975189
1117.984000	34939.000000	94.832794	34755.202367
1119.858500	34794.000000	103.201950	34767.033304
1121.731300	34842.000000	115.178540	34780.006381
1123.603600	35002.000000	133.320784	34789.169469
1125.474100	35057.000000	160.484164	34804.485633
1127.344400	35328.000000	199.001548	34822.266984
1129.212600	35183.000000	260.010665	34836.923518
1131.080700	35188.000000	340.027184	34841.081566
1132.946900	35139.000000	437.029798	34845.248316
1134.812700	35426.000000	535.770253	34848.588144
1136.676800	35503.000000	579.489162	34850.683940
1138.540400	35405.000000	536.577386	34849.050586
1140.402300	35599.000000	435.574860	34849.631761
1142.263800	35276.000000	326.776782	34855.602386
1144.123400	35301.000000	240.169693	34863.095069
1145.982800	34890.000000	178.275761	34857.587729
1147.841800	34808.000000	136.926946	34854.057029
1149.697500	35204.000000	112.746080	34856.078441
1151.554400	34896.000000	96.892713	34861.386490
1153.407800	34964.000000	91.140538	34864.622320
1155.262600	35047.000000	87.098855	34874.939198
1157.115500	35093.000000	85.295621	34878.465827
1158.966400	35011.000000	85.033427	34880.047814
1160.817100	35194.000000	86.250100	34883.935835
1162.666000	35231.000000	88.096535	34885.477543
1164.514500	35127.000000	90.351273	34883.624547
1166.361300	35057.000000	94.420824	34882.165223
1168.207600	35389.000000	98.560180	34869.495014
1170.052200	34869.000000	104.116870	34858.645380
1171.896500	35005.000000	110.021224	34854.783042
1173.740400	35117.000000	117.497101	34848.000934
1175.580900	35144.000000	128.186915	34838.019625
1177.422900	35301.000000	141.400054	34834.165848
1179.262700	35302.000000	155.670592	34836.841275
1181.100700	34867.000000	166.231427	34839.281621
1182.938600	35144.000000	176.170948	34841.924909
1184.774500	34942.000000	186.996371	34851.632823
1186.610200	35226.000000	200.986540	34859.820362
1188.444000	35109.000000	217.341900	34875.365711
1190.277500	35394.000000	238.712088	34898.381148
1192.110700	35588.000000	271.484613	34921.773977
1193.942000	35504.000000	318.254271	34941.190927
1195.771600	35546.000000	383.951034	34971.002928
1197.600700	35491.000000	475.646091	35003.261170
1199.428100	35594.000000	586.982757	35034.584283
1201.255200	35851.000000	697.913050	35066.875225
1203.082000	36094.000000	751.508464	35093.179123
1204.907000	35923.000000	711.627157	35103.195378
1206.730100	35826.000000	614.508793	35117.413891
1208.552900	35723.000000	507.818125	35133.684972
1210.373900	35790.000000	420.194768	35145.376404
1212.194600	35645.000000	350.919588	35152.648743
1214.015000	35630.000000	304.424904	35165.205974
1215.833500	35481.000000	279.366179	35187.270422
1217.650300	35628.000000	269.780507	35210.675040
1219.466700	35675.000000	282.411489	35227.238603
1221.281300	35458.000000	301.587728	35245.195669
1223.095600	35860.000000	325.469664	35266.545472
1224.909500	35823.000000	352.821319	35279.418482
1226.721700	35842.000000	382.012146	35285.340687
1228.532000	35862.000000	422.029625	35300.286616
1230.342000	35959.000000	471.290364	35320.977071
1232.151700	36000.000000	534.118198	35340.894778
1233.959700	36105.000000	611.247489	35366.841774
1235.765900	36422.000000	704.132299	35398.912373
1237.571700	36418.000000	817.913592	35445.230115
1239.377100	36704.000000	958.596941	35478.204966
1241.180800	36802.000000	1132.201879	35519.976882
1242.982700	36901.000000	1346.492030	35546.316568
1244.784200	37280.000000	1611.987633	35597.122033
1246.585300	37672.000000	1964.207602	35623.855812
1248.384900	37855.000000	2407.955299	35653.049025
1250.182500	38374.000000	2958.811161	35706.135402
1251.979700	39283.000000	3595.012063	35778.712832
1253.776900	40049.000000	4279.408544	35858.121212
1255.572000	40837.000000	4887.357117	35945.807514
1257.365500	40812.000000	5193.445163	36004.397722
1259.160000	40922.000000	5042.495111	36020.878903
1260.951300	40395.000000	4486.971041	36007.800846
1262.742300	39480.000000	3762.361333	35975.763089
1264.533100	38962.000000	3053.372481	35927.437549
1266.322000	38509.000000	2436.591056	35879.920686
1268.109000	37576.000000	1942.569948	35848.319125
1269.895800	37475.000000	1572.261128	35846.093790
1271.682400	37071.000000	1293.374075	35842.750454
1273.466900	37084.000000	1082.867317	35855.158495
1275.251500	36718.000000	928.315551	35861.947621
1277.033900	36702.000000	817.816894	35877.408201
1278.814700	36833.000000	736.027885	35909.322453
1280.595200	36919.000000	674.911929	35948.297823
1282.375400	36562.000000	626.764839	35987.573535
1284.153800	36410.000000	587.036931	36035.884198
1285.931900	36697.000000	561.457257	36088.843702
1287.708100	36800.000000	548.337833	36136.487158
1289.482500	36636.000000	541.294505	36185.776037
1291.256800	37023.000000	541.899785	36241.312866
1293.030600	36754.000000	549.633794	36298.133865
1294.802900	36944.000000	560.127613	36356.421768
1296.574600	37057.000000	583.011475	36407.358035
1298.344600	37013.000000	615.055373	36445.741143
1300.114400	36833.000000	657.753506	36480.224860
1301.882300	37125.000000	709.537256	36518.679825
1303.648300	37132.000000	779.726690	36561.398519
1305.415800	37395.000000	870.017333	36603.559756
1307.179700	37552.000000	987.116630	36653.388409
1308.943500	37730.000000	1138.784906	36709.485501
1310.707000	37875.000000	1350.517731	36764.896298
1312.468600	38048.000000	1606.712285	36818.097759
1314.230000	38655.000000	1897.111127	36869.759057
1315.989500	38955.000000	2215.025478	36935.181899
1317.748800	39303.000000	2528.389512	36987.383532
1319.506200	39624.000000	2819.244902	37045.130819
1321.263400	39747.000000	3093.651671	37097.397010
1323.018900	39902.000000	3363.937022	37171.240788
1324.774000	40176.000000	3713.726469	37258.366826
1326.527300	40825.000000	4162.564397	37332.351372
1328.278900	41390.000000	4783.071182	37401.577045
1330.031700	42215.000000	5630.446821	37494.735179
1331.781100	43550.000000	6637.483544	37617.794435
1333.531900	44424.000000	7634.241844	37759.938581
1335.279300	44955.000000	8177.298365	37850.101719
1337.027800	44999.000000	7930.256935	37865.344481
1338.773200	43862.000000	6989.192652	37792.106580
1340.518300	42694.000000	5828.857036	37669.803512
1342.263100	41739.000000	4775.796176	37562.782503
1344.006000	40665.000000	3917.746056	37458.077774
1345.748700	40082.000000	3273.851074	37397.277387
1347.489500	39609.000000	2805.071580	37357.520567
1349.230200	39175.000000	2494.892712	37332.783078
1350.969100	39015.000000	2293.373539	37306.217153
1352.707500	39099.000000	2162.561959	37293.901459
1354.445900	39061.000000	2097.855165	37319.433872
1356.180900	39141.000000	2075.566584	37341.316150
1357.917000	38995.000000	2088.587238	37369.109265
1359.649900	39165.000000	2143.741201	37413.059641
1361.384200	39332.000000	2257.849432	37459.024832
1363.115000	39639.000000	2412.556703	37497.808770
1364.847000	39931.000000	2604.458766	37538.768079
1366.577400	40201.000000	2817.203981	37588.826899
1368.305900	40482.000000	3031.788018	37644.740980
1370.034300	40668.000000	3177.831834	37684.052620
1371.760600	41081.000000	3233.598550	37728.807462
1373.486900	40555.000000	3163.890365	37783.178853
1375.211300	40469.000000	2996.492536	37817.406017
1376.935400	40342.000000	2772.774463	37831.393519
1378.657800	39975.000000	2539.967825	37844.015730
1380.380000	39758.000000	2326.650697	37863.995470
1382.100200	39754.000000	2166.043677	37901.401203
1383.820300	39727.000000	2061.264003	37929.455925
1385.540200	39616.000000	2023.198641	37949.049431
1387.256500	39823.000000	2031.685679	37989.692118
1388.974200	39895.000000	2071.367694	38013.402832
1390.690300	39716.000000	2014.386980	38012.674153
1392.404400	39733.000000	1828.955035	37998.042740
1394.118400	39373.000000	1537.791304	37979.101004
1395.830400	39089.000000	1242.427562	37961.845110
1397.542200	38948.000000	991.188997	37923.299762
1399.252300	38647.000000	790.958767	37890.473257
1400.962200	38491.000000	649.453409	37877.188049
1402.671800	38464.000000	561.600586	37875.594834
1404.379500	38321.000000	494.431481	37879.787829
1406.085600	38352.000000	445.040851	37890.056147
1407.791300	38216.000000	402.465977	37888.050875
1409.495200	38305.000000	365.177292	37886.579481
1411.199000	38357.000000	332.643761	37876.919706
1412.902500	38221.000000	303.234976	37863.598008
1414.604000	38175.000000	279.186921	37855.044726
1416.304000	38258.000000	261.707420	37831.568672
1418.003700	38052.000000	248.097205	37804.674336
1419.701500	37952.000000	238.871610	37780.370798
1421.399000	38017.000000	232.696763	37757.238312
1423.096400	37888.000000	228.091501	37738.014198
1424.792000	37791.000000	225.933654	37715.027112
1426.485700	37761.000000	225.920515	37701.456719
1428.179300	37926.000000	226.178366	37687.497286
1429.871100	37989.000000	229.338042	37674.448984
1431.562500	38079.000000	233.190468	37653.818035
1433.253900	37921.000000	237.760924	37641.154844
1434.943400	38083.000000	247.107305	37636.827678
1436.631000	38134.000000	259.698394	37628.461337
1438.318500	37833.000000	276.999532	37623.301635
1440.005600	37839.000000	299.921252	37619.078325
1441.691000	37764.000000	338.085910	37625.231120
1443.374800	37899.000000	388.258938	37633.845593
1445.058200	37943.000000	457.265740	37648.167120
1446.741300	38238.000000	551.640925	37663.470512
1448.422900	38299.000000	680.059982	37690.817325
1450.102400	38522.000000	841.060043	37716.935264
1451.781700	38797.000000	1039.878737	37747.968701
1453.460900	39130.000000	1265.510646	37774.051833
1455.138200	39095.000000	1502.030713	37795.442337
1456.813800	39457.000000	1704.059064	37808.908873
1458.489100	39530.000000	1798.276394	37809.009361
1460.164300	39379.000000	1745.012478	37805.682586
1461.837600	39261.000000	1576.001224	37785.666917
1463.509200	38954.000000	1359.594226	37764.225327
1465.180500	38649.000000	1139.126018	37739.088692
1466.851600	38509.000000	940.991514	37722.175244
1468.520900	38313.000000	770.908292	37713.873463
1470.189900	38512.000000	638.496902	37712.480663
1471.857200	38336.000000	534.158618	37704.091867
1473.522800	38075.000000	452.376311	37702.915762
1475.188100	38231.000000	388.301603	37701.558330
1476.853100	37998.000000	342.419813	37710.635386
1478.516500	37970.000000	306.417510	37719.203265
1480.178000	38158.000000	276.394831	37732.278514
1481.839200	37791.000000	249.645842	37740.433773
1483.500400	38099.000000	228.325283	37746.036409
1485.159700	38093.000000	210.137067	37745.728769
1486.818600	38038.000000	195.056686	37748.377390
1488.476000	37758.000000	183.843924	37748.644049
1490.131500	37963.000000	175.880220	37745.520495
1491.788300	37876.000000	169.955541	37737.231064
1493.441800	37780.000000	165.315630	37736.116151
1495.095100	37753.000000	161.273087	37738.010830
1496.748000	37891.000000	157.468239	37739.139778
1498.399400	37993.000000	154.204268	37737.127208
1500.050400	37851.000000	151.876252	37736.495087
1501.699700	37783.000000	151.560402	37739.136971
1503.347300	38130.000000	152.415463	37739.845441
1504.996100	37951.000000	154.739445	37735.596869
1506.641600	37856.000000	157.974100	37736.378318
1508.287000	37910.000000	161.846877	37740.901970
1509.932000	37883.000000	165.901928	37749.155472
1511.575300	37641.000000	170.259813	37757.719420
1513.218500	38049.000000	175.528195	37770.736847
1514.859700	37989.000000	183.053948	37779.332795
1516.500900	37981.000000	191.225365	37781.097793
1518.140300	38205.000000	202.274746	37781.589568
1519.777800	38048.000000	214.679542	37779.854884
1521.416700	38029.000000	226.831574	37780.919273
1523.052200	38242.000000	239.146601	37779.086346
1524.689200	38047.000000	255.771497	37773.803701
1526.322800	37961.000000	278.305825	37771.316198
1527.956200	38173.000000	304.183718	37777.594181
1529.589400	38067.000000	338.398743	37789.940751
1531.220800	38269.000000	385.088684	37805.586589
1532.851900	38451.000000	446.528209	37820.013095
1534.481400	38495.000000	540.125242	37825.706114
1536.110600	38322.000000	667.367949	37831.318293
1537.738000	38497.000000	827.178853	37849.045190
1539.365200	38969.000000	1020.995735	37872.872111
1540.990700	39102.000000	1260.975907	37902.797371
1542.616000	39329.000000	1529.960105	37927.790853
1544.239500	39555.000000	1809.224550	37958.151749
1545.862700	39990.000000	2064.858279	37990.865977
1547.484400	40228.000000	2219.184509	38018.982451
1549.105600	40073.000000	2212.651796	38029.528655
1550.725100	40041.000000	2052.104704	38020.309568
1552.344500	39651.000000	1794.226553	38003.819406
1553.962000	39106.000000	1507.430969	37984.522311
1555.579300	39153.000000	1241.029991	37971.092827
1557.195100	38903.000000	1011.181368	37947.710525
1558.810400	38843.000000	826.973947	37926.441841
1560.424100	38582.000000	679.214955	37911.542648
1562.037500	38229.000000	565.593095	37908.718313
1563.649200	38539.000000	476.074955	37899.210113
1565.260600	38115.000000	408.611824	37899.299373
1566.870500	38212.000000	354.945535	37902.448750
1568.479900	38074.000000	314.039733	37911.945723
1570.089100	38208.000000	282.161760	37916.819118
1571.695200	37921.000000	257.001406	37929.295368
1573.302500	38133.000000	236.056871	37942.890461
1574.906500	37823.000000	218.982849	37963.312013
1576.511800	38006.000000	203.927818	37980.834003
1578.115500	38419.000000	190.871358	38002.209350
1579.717400	38082.000000	180.803560	38012.938004
1581.319100	38137.000000	172.622425	38022.689846
1582.919100	38448.000000	165.487801	38028.565877
1584.518700	37994.000000	159.982723	38043.270831
1586.116600	38001.000000	153.009270	38065.935682
1587.714500	38217.000000	145.011681	38089.758673
1589.310500	38253.000000	138.213626	38109.782763
1590.906300	38215.000000	131.945580	38132.095625
1592.501800	38384.000000	126.766151	38156.756765
1594.095700	38258.000000	123.521417	38176.365429
1595.687900	38242.000000	120.366171	38195.535089
1597.279700	38244.000000	116.870068	38217.993911
1598.869900	38257.000000	114.323917	38246.132279
1600.459700	38430.000000	113.590203	38277.058491
1602.048100	38315.000000	113.723901	38301.527638
1603.636000	38300.000000	113.969569	38324.504620
1605.223900	38546.000000	113.464926	38351.461831
1606.809800	38259.000000	111.331421	38378.174839
1608.394200	38306.000000	108.275769	38404.535296
1609.978300	38186.000000	104.299154	38434.188846
1611.560700	38450.000000	101.053305	38473.447154
1613.142900	38669.000000	97.736538	38515.528675
1614.724700	38835.000000	95.521861	38550.027550
1616.304900	38746.000000	94.057046	38581.972117
1617.883500	38696.000000	99.910683	38611.164769
1619.461800	38750.000000	104.304189	38640.231108
1621.038300	38840.000000	107.989479	38670.937257
1622.614700	39000.000000	110.103915	38706.582483
1624.190800	38948.000000	113.671797	38744.705107
1625.765300	39093.000000	116.824622	38780.000028
1627.337900	39128.000000	118.079803	38812.334198
1628.910400	38811.000000	118.595173	38845.402660
1630.482700	39166.000000	140.880632	38878.133730
1632.053200	39123.000000	167.822010	38901.742271
1633.622100	39040.000000	189.262881	38920.940000
1635.190600	39027.000000	207.625933	38946.904119
1636.759000	39315.000000	225.827640	38975.410195
1638.325700	39391.000000	239.257756	38993.079269
1639.890700	39281.000000	256.724678	39004.189104
1641.455400	39311.000000	279.733817	39015.624544
1643.019900	39226.000000	300.240050	39023.271749
1644.582800	39220.000000	322.011173	39022.910216
1646.143900	39190.000000	341.780745	39013.782074
1647.704700	39269.000000	358.935203	39007.797696
1649.265500	39364.000000	369.058402	38996.542461
1650.824500	39150.000000	351.673986	38984.990253
1652.381600	39332.000000	329.989596	38971.766797
1653.938700	39394.000000	305.898999	38954.921839
1655.495500	39038.000000	276.478969	38932.010539
1657.050700	38910.000000	246.095722	38908.133655
1658.604100	38977.000000	213.135677	38880.104196
1660.157200	39039.000000	178.147922	38857.645935
1661.710200	39174.000000	144.684059	38827.334441
1663.261500	38752.000000	119.832328	38797.297464
1664.811200	38925.000000	95.808097	38766.130979
1666.361900	38810.000000	73.432466	38734.471034
1667.909700	38819.000000	56.020230	38698.488415
1669.457200	38854.000000	49.971222	38652.970087
1671.004300	38686.000000	43.643433	38598.593644
1672.549900	38511.000000	37.399497	38548.653276
1674.093600	38490.000000	31.692049	38502.144663
1675.637300	38491.000000	30.128500	38449.677495
1677.180800	38400.000000	28.969239	38397.573544
1678.722400	38504.000000	28.388347	38348.179966
1680.263900	38271.000000	27.352030	38300.964006
1681.803700	38306.000000	26.065385	38251.691126
1683.341800	38270.000000	25.311700	38197.091252
1684.881200	38186.000000	25.041131	38146.044391
1686.417500	38266.000000	25.255342	38099.700264
1687.953400	38127.000000	26.021994	38053.399925
1689.489100	38101.000000	26.795098	38003.456750
1691.023200	38039.000000	27.320838	37952.818018
1692.557100	37985.000000	27.339019	37902.346578
1694.089200	37860.000000	26.801667	37848.006625
1695.619800	37805.000000	26.210670	37792.116123
1697.151500	37756.000000	25.725067	37739.584396
1698.680200	37754.000000	25.085316	37692.211809
1700.208500	37654.000000	24.463980	37648.453427
1701.736600	37450.000000	23.808423	37605.684209
1703.263100	37841.000000	23.314417	37562.052700
1704.789300	37578.000000	22.625955	37520.222119
1706.314000	37532.000000	21.512516	37475.905720
1707.838100	37733.000000	20.490518	37429.257321
1709.361000	37270.000000	19.636389	37384.262206
1710.883300	37395.000000	18.941417	37338.460939
1712.404100	37514.000000	18.528216	37296.305316
1713.923100	37583.000000	18.116901	37252.964606
1715.443500	37353.000000	17.840214	37208.882865
1716.960700	37032.000000	17.598711	37166.600930
1718.479100	37269.000000	17.414545	37121.692268
1719.994500	37248.000000	17.347224	37082.965452
1721.509600	37103.000000	17.467123	37044.203689
1723.024400	36936.000000	18.124651	37009.937789
1724.537600	37054.000000	19.065209	36972.379359
1726.050700	37154.000000	20.264896	36932.362898
1727.561900	37113.000000	21.582040	36886.600086
1729.073000	37143.000000	23.151286	36841.606655
1730.582400	36957.000000	24.144369	36795.379296
1732.091700	37162.000000	25.244112	36741.326212
1733.599200	36729.000000	26.214854	36689.039810
1735.106600	36901.000000	26.655306	36638.219750
1736.612100	36498.000000	26.279556	36586.454315
1738.117600	36530.000000	25.973362	36549.150753
1739.621300	36744.000000	25.826910	36512.114412
1741.125000	36430.000000	25.205885	36474.948951
1742.626800	36492.000000	24.153902	36439.784833
1744.128400	36185.000000	22.970203	36404.966249
1745.628500	36529.000000	21.635121	36375.883910
1747.128300	36616.000000	20.383057	36343.700192
1748.626300	36430.000000	19.486244	36310.877616
1750.124300	36394.000000	18.887898	36283.164218
1751.620500	36373.000000	18.482073	36252.460876
1753.116600	36330.000000	18.306878	36221.159096
1754.612400	36382.000000	18.201324	36193.593342
1756.105100	36387.000000	18.143287	36164.757732
1757.599100	36385.000000	17.973140	36137.533863
1759.091300	36201.000000	17.696175	36109.485878
1760.582000	36346.000000	17.308236	36081.422736
1762.072400	36319.000000	17.171770	36052.849294
1763.561000	36039.000000	17.104093	36018.995732
1765.049600	36031.000000	16.999045	35992.392475
1766.536500	36155.000000	16.784376	35968.823792
1768.023200	36096.000000	16.665717	35949.424526
1769.508100	35998.000000	16.547810	35931.767241
1770.992900	35889.000000	16.410562	35913.832631
1772.477500	35950.000000	16.050904	35895.600487
1773.959000	36009.000000	15.813160	35880.118574
1775.441700	35989.000000	15.587280	35859.520186
1776.922700	35841.000000	15.281065	35840.099026
1778.402100	35952.000000	14.883203	35820.890350
1779.881300	35905.000000	14.598643	35803.738734
1781.358900	35778.000000	14.215170	35782.776708
1782.836200	35930.000000	13.906669	35765.639548
1784.311900	35818.000000	13.743584	35746.806720
1785.787400	35928.000000	13.652959	35730.034601
1787.262600	35835.000000	13.614591	35713.670049
1788.736200	35899.000000	13.786465	35696.392121
1790.208300	35876.000000	14.078656	35679.613686
1791.679800	35913.000000	14.439496	35660.161930
1793.150000	35872.000000	14.681679	35636.655701
1794.619900	35819.000000	14.907652	35611.521733
1796.089600	35815.000000	14.980632	35585.401970
1797.557600	35642.000000	15.042324	35561.443685
1799.023900	35616.000000	15.084611	35535.906922
1800.490100	35719.000000	14.974972	35511.361567
1801.954600	35498.000000	14.664665	35484.238326
1803.418900	35609.000000	14.506182	35463.375525
1804.883100	35464.000000	14.476414	35443.807421
1806.345500	35600.000000	14.440123	35422.558527
1807.806400	35514.000000	14.378309	35403.962183
1809.266800	35487.000000	14.423226	35388.862013
1810.727400	35343.000000	14.453192	35374.913949
1812.186000	35604.000000	14.431027	35361.934977
1813.643300	35412.000000	14.307895	35351.237199
1815.100100	35598.000000	14.270653	35343.151972
1816.556800	35322.000000	14.115800	35329.108472
1818.010400	35298.000000	14.039754	35316.712359
1819.465300	35592.000000	13.898870	35311.032252
1820.918500	35697.000000	13.685763	35307.139880
1822.370100	35342.000000	13.562619	35294.550651
1823.821400	35577.000000	13.456918	35280.362734
1825.272600	35405.000000	13.205516	35268.160440
1826.722200	35343.000000	12.772203	35256.835172
1828.169900	35245.000000	12.613023	35247.670821
1829.617600	35399.000000	12.574885	35241.667636
1831.065200	35324.000000	12.824775	35234.203162
1832.511000	35143.000000	13.362551	35228.851045
1833.956500	35219.000000	13.902692	35218.969242
1835.400500	35244.000000	14.173595	35208.445073
1836.842900	35612.000000	14.586369	35201.357430
1838.285200	35441.000000	14.698775	35196.583541
1839.727100	35064.000000	14.764314	35190.078055
1841.167400	35379.000000	14.469926	35183.544641
1842.606100	35165.000000	14.072332	35179.994574
1844.044400	35194.000000	13.656113	35177.176976
1845.482800	35083.000000	13.352227	35185.712434
1846.919400	35218.000000	13.352652	35189.968304
1848.356000	35161.000000	13.028700	35185.101786
1849.790800	35188.000000	13.194579	35183.433486
1851.224000	35342.000000	13.056823	35177.831552
1852.656900	35156.000000	12.958383	35176.791584
1854.089700	35407.000000	13.078200	35183.313771
1855.520800	35147.000000	13.273037	35190.372081
1856.951800	34981.000000	13.639927	35192.745904
1858.381100	35220.000000	14.115562	35188.779569
1859.808700	35510.000000	14.074425	35178.241365
1861.236300	35439.000000	14.044216	35181.062050
1862.663500	35321.000000	14.196315	35192.102835
1864.089100	35075.000000	14.018870	35211.029976
1865.514600	35275.000000	13.831511	35221.462359
1866.938500	35347.000000	13.327207	35230.403840
1868.360700	35489.000000	12.835933	35232.901729
1869.784200	35321.000000	12.329300	35236.638878
1871.204500	35319.000000	11.989515	35236.898799
1872.624600	35188.000000	11.879001	35242.465506
1874.044700	35458.000000	12.153762	35247.904638
1875.463000	35353.000000	12.219509	35257.655919
1876.881200	35481.000000	12.327066	35269.930211
1878.297700	35440.000000	12.318976	35279.542127
1879.714100	35358.000000	12.414141	35283.654423
1881.128800	35433.000000	12.818818	35289.390949
1882.541900	35739.000000	13.492564	35292.839545
1883.956200	35710.000000	14.249053	35290.328605
1885.367400	35647.000000	14.886459	35276.273315
1886.778600	35459.000000	15.210240	35245.181915
1888.189500	35779.000000	15.166586	35238.431665
