Raman_Shift Original_Spectrum Predicted_Raman Predicted_Baseline
294.894650 55065.000000 20.619690 54927.714844
297.232540 54965.000000 20.824253 54925.375000
299.568300 54944.000000 21.298147 54929.625000
301.905240 55089.000000 21.680187 54934.605469
304.238400 54867.000000 23.113270 54936.859375
306.571040 54678.000000 25.017990 54937.863281
308.903260 55390.000000 27.020664 54942.210938
311.233340 55347.000000 29.571426 54946.312500
313.562930 54918.000000 31.635498 54953.667969
315.890440 55022.000000 36.756527 54965.480469
318.215790 54793.000000 42.249733 54984.500000
320.540680 54852.000000 47.535042 55013.144531
322.865110 54962.000000 52.915138 55048.109375
325.187410 54735.000000 61.228119 55090.695312
327.509250 54997.000000 70.834648 55143.171875
329.828920 55315.000000 81.321075 55207.484375
332.148160 55245.000000 89.867279 55278.031250
334.465270 55481.000000 104.971848 55354.398438
336.781950 55478.000000 120.564804 55432.730469
339.096470 55343.000000 140.513184 55511.890625
341.408870 55762.000000 160.321838 55593.421875
343.722530 55542.000000 183.638000 55678.820312
346.032350 55954.000000 208.389084 55766.437500
348.341740 55878.000000 237.484100 55853.101562
350.650670 56425.000000 269.361633 55939.539062
352.957460 56275.000000 309.649109 56027.328125
355.263760 56572.000000 349.888367 56118.851562
357.568020 56505.000000 383.435120 56213.265625
359.871800 56584.000000 418.861176 56310.144531
362.173430 56701.000000 445.159424 56410.320312
364.474640 57213.000000 470.010162 56515.148438
366.773710 56940.000000 494.331482 56623.289062
369.072360 56779.000000 509.585449 56732.703125
371.368870 57186.000000 523.493042 56841.148438
373.664920 57193.000000 537.703735 56949.375000
375.958890 57481.000000 554.034424 57056.695312
378.252380 57351.000000 571.352051 57159.742188
380.543790 57777.000000 589.013123 57258.566406
382.834750 57875.000000 605.364136 57348.957031
385.123570 57935.000000 609.941956 57431.667969
387.411960 58210.000000 596.551514 57507.285156
389.698210 58262.000000 565.208008 57574.847656
391.984070 58305.000000 517.923035 57636.796875
394.267790 58071.000000 463.977539 57693.710938
396.551060 58018.000000 411.332581 57748.492188
398.832210 58146.000000 367.103699 57800.695312
401.112950 58240.000000 327.363495 57849.902344
403.391570 58493.000000 291.031372 57896.257812
405.669770 58596.000000 263.141418 57940.210938
407.945860 58635.000000 233.316315 57981.242188
410.221470 58435.000000 206.376129 58018.378906
412.495030 58609.000000 179.715469 58052.292969
414.768100 58282.000000 159.100327 58084.550781
417.039090 58316.000000 141.475327 58114.785156
419.309630 58237.000000 126.580894 58140.988281
421.579740 58187.000000 115.115524 58162.730469
423.846100 58311.000000 105.076111 58182.441406
426.113680 58257.000000 96.953506 58200.230469
428.377470 58426.000000 89.313599 58214.406250
430.642520 58034.000000 80.953064 58224.660156
432.905460 58520.000000 77.577538 58232.425781
435.166320 58584.000000 73.659134 58239.039062
437.426700 58252.000000 70.080795 58241.710938
439.685060 58311.000000 67.770103 58241.371094
441.942900 58323.000000 67.351006 58240.539062
444.198730 58471.000000 64.666702 58240.984375
446.454070 58460.000000 62.418415 58243.289062
448.708980 58451.000000 61.152233 58246.046875
450.961820 58462.000000 59.278168 58248.296875
453.212550 58244.000000 58.644905 58249.363281
455.462890 58163.000000 58.681385 58249.945312
457.711120 58302.000000 58.457359 58249.738281
459.958920 58305.000000 59.001293 58247.820312
462.204590 58369.000000 60.129150 58243.582031
464.449890 58312.000000 61.640930 58236.152344
466.694760 58491.000000 62.827293 58225.625000
468.937500 58203.000000 63.462463 58213.617188
471.178160 58377.000000 64.490784 58199.484375
473.418460 58289.000000 65.467773 58183.367188
475.656620 58077.000000 67.994713 58164.960938
477.894380 58315.000000 72.710495 58144.292969
480.131680 58192.000000 79.931259 58120.613281
482.366910 58165.000000 87.195587 58091.972656
484.600040 58232.000000 96.557793 58057.945312
486.832790 58257.000000 108.838623 58020.523438
489.063450 58501.000000 124.446243 57979.683594
491.293670 58297.000000 145.006577 57931.914062
493.523500 58055.000000 173.686859 57877.089844
495.751190 58123.000000 212.669434 57817.902344
497.976840 58301.000000 262.334015 57754.796875
500.202090 58063.000000 323.958557 57688.394531
502.426910 57907.000000 399.712830 57617.507812
504.649660 57993.000000 490.034729 57543.308594
506.870270 58147.000000 595.696655 57466.980469
509.090550 57684.000000 713.463135 57389.218750
511.310360 57966.000000 838.827759 57310.437500
513.528140 58262.000000 929.218750 57233.117188
515.743770 57987.000000 930.239746 57155.179688
517.959110 57865.000000 819.381653 57074.945312
520.173890 57735.000000 650.323425 56995.335938
522.386660 57371.000000 496.186523 56916.242188
524.597410 57152.000000 382.171600 56839.214844
526.807740 56861.000000 296.840332 56766.625000
529.017580 56622.000000 233.955688 56697.574219
531.225400 57031.000000 186.074524 56629.320312
533.431210 56780.000000 154.617676 56561.882812
535.636470 56585.000000 132.277710 56496.757812
537.841430 56185.000000 115.872192 56434.656250
540.044310 56462.000000 105.664345 56373.582031
542.245120 56674.000000 99.186569 56314.917969
544.445500 56534.000000 95.418320 56259.214844
546.645450 56207.000000 93.710945 56206.914062
548.843380 56287.000000 93.425919 56156.496094
551.040830 56433.000000 95.218491 56108.546875
553.236330 56193.000000 98.471603 56065.031250
555.429690 56289.000000 103.642899 56026.300781
557.622680 56303.000000 113.385681 55989.816406
559.815250 56136.000000 128.832916 55956.410156
562.005800 56280.000000 154.394455 55926.726562
564.195920 55917.000000 206.044632 55901.535156
566.383910 56208.000000 299.971497 55876.660156
568.569950 56563.000000 449.425873 55851.613281
570.755550 56450.000000 599.877686 55828.074219
572.940730 56564.000000 626.272034 55805.554688
575.123900 56458.000000 503.591980 55783.476562
577.306640 56129.000000 345.481598 55762.417969
579.487300 56045.000000 239.366913 55742.078125
581.665950 55864.000000 186.084030 55721.207031
583.844120 55941.000000 160.332245 55699.074219
586.021970 55650.000000 152.137634 55676.335938
588.197750 55702.000000 149.763031 55652.492188
590.373170 55897.000000 149.229630 55627.921875
592.546450 55868.000000 150.523590 55602.375000
594.719420 55533.000000 151.622528 55576.218750
596.890260 55713.000000 154.596909 55549.722656
599.059140 55555.000000 160.808319 55522.882812
601.229190 55406.000000 166.933701 55496.953125
603.395570 55625.000000 176.642914 55471.359375
605.561580 55362.000000 187.668900 55445.328125
607.727170 55710.000000 201.013199 55419.105469
609.890750 55576.000000 215.910797 55392.468750
612.053960 55677.000000 231.820526 55366.406250
614.215030 55584.000000 253.508698 55340.312500
616.375790 55654.000000 278.697998 55313.226562
618.534480 55403.000000 306.364044 55284.593750
620.692750 55662.000000 342.623108 55254.261719
622.849000 55802.000000 380.822815 55219.996094
625.004820 55354.000000 424.571289 55183.316406
627.158750 55713.000000 480.247620 55144.468750
629.310490 55525.000000 549.936096 55104.140625
631.463560 55571.000000 640.327332 55064.156250
633.612920 55432.000000 763.086609 55023.714844
635.763490 55894.000000 934.556458 54985.394531
637.910460 55832.000000 1154.884399 54950.343750
640.058650 56243.000000 1452.785645 54915.714844
642.203190 56737.000000 1859.489502 54881.593750
644.348880 57315.000000 2398.779053 54848.109375
646.491030 57807.000000 3051.986572 54816.812500
648.634400 58603.000000 3782.625000 54790.273438
650.774050 59050.000000 4482.425781 54765.742188
652.914980 59754.000000 5011.686035 54740.648438
655.052250 59904.000000 5107.974121 54712.402344
657.190730 59514.000000 4740.880371 54685.042969
659.325620 58556.000000 4094.572266 54660.351562
661.461730 58076.000000 3389.507324 54640.664062
663.594180 57400.000000 2758.091309 54621.347656
665.727910 56565.000000 2230.833496 54602.578125
667.857910 56529.000000 1830.179688 54589.003906
669.989200 55956.000000 1520.823608 54579.785156
672.118470 56083.000000 1273.894043 54572.984375
674.245670 55479.000000 1067.074707 54565.648438
676.372560 55375.000000 904.915649 54555.871094
678.497380 55530.000000 779.320435 54547.699219
680.621830 55325.000000 678.578674 54538.429688
682.744320 54907.000000 598.337158 54527.648438
684.866390 54983.000000 529.662109 54516.718750
686.986450 54865.000000 478.632507 54504.859375
689.106080 54966.000000 440.607422 54491.507812
691.223750 54688.000000 411.734131 54477.460938
693.341000 54639.000000 389.146057 54462.468750
695.457820 54844.000000 373.960510 54447.652344
697.571110 54738.000000 367.544220 54432.640625
699.685610 54424.000000 367.905304 54416.234375
701.798100 54734.000000 371.507507 54398.148438
703.908570 54898.000000 379.414978 54379.179688
706.018620 54847.000000 381.693146 54360.039062
708.126770 54679.000000 378.679108 54341.781250
710.234380 54759.000000 368.287048 54324.546875
712.340150 54704.000000 348.926239 54308.933594
714.445430 54601.000000 321.335815 54295.363281
716.550350 54430.000000 286.654968 54284.265625
718.653260 54522.000000 251.639191 54275.941406
720.754270 54552.000000 220.767212 54267.648438
722.854800 54620.000000 196.934296 54259.222656
724.953370 54246.000000 178.908722 54250.890625
727.051570 54358.000000 163.566010 54242.625000
729.149350 54173.000000 148.153351 54232.628906
731.243530 54240.000000 135.736252 54221.218750
733.338990 54262.000000 121.738991 54205.675781
735.432370 54350.000000 103.008995 54185.203125
737.523800 54325.000000 97.800728 54163.382812
739.614870 54229.000000 91.424561 54141.039062
741.705570 53947.000000 85.532623 54120.132812
743.792600 53973.000000 80.296638 54099.917969
745.880920 53841.000000 77.574600 54080.261719
747.967220 54151.000000 73.892372 54061.132812
750.051570 53881.000000 70.545639 54040.316406
752.135500 54124.000000 67.323502 54018.753906
754.219120 53920.000000 65.695679 53997.472656
756.300720 54327.000000 64.354324 53977.523438
758.380310 53927.000000 63.116596 53958.644531
760.459530 53766.000000 59.820213 53940.070312
762.538390 53578.000000 56.607330 53921.140625
764.615300 54114.000000 53.596363 53902.296875
766.690190 54049.000000 50.374905 53883.765625
768.764710 53851.000000 47.358082 53865.664062
770.838810 53995.000000 45.280037 53847.390625
772.909360 53903.000000 42.883533 53828.132812
774.981140 53853.000000 41.350010 53808.089844
777.050960 54114.000000 40.668755 53786.113281
779.120420 54110.000000 40.385746 53764.097656
781.187870 54068.000000 40.611870 53741.652344
783.253420 53653.000000 40.821831 53720.105469
785.318480 53759.000000 40.628868 53698.828125
787.383240 53737.000000 39.331272 53677.519531
789.445980 53632.000000 38.569538 53655.156250
791.506770 53405.000000 38.057564 53632.703125
793.567260 53737.000000 37.415054 53610.183594
795.627260 53977.000000 36.593422 53586.976562
797.685360 53663.000000 35.931950 53563.765625
799.741520 53701.000000 35.140785 53539.769531
801.797240 53584.000000 34.284019 53514.429688
803.852600 53675.000000 34.517460 53488.550781
805.906010 53063.000000 33.619320 53462.175781
807.959050 53544.000000 32.526100 53435.914062
810.010130 53285.000000 32.326267 53407.578125
812.059200 53301.000000 32.176460 53377.683594
814.107970 53622.000000 32.802422 53346.417969
816.156370 53517.000000 33.967976 53314.460938
818.202760 53540.000000 34.446838 53280.703125
820.247190 53271.000000 33.876057 53246.093750
822.292850 53236.000000 34.378902 53210.226562
824.335020 53551.000000 34.863876 53170.804688
826.376770 53221.000000 35.405918 53128.332031
828.418090 53127.000000 35.388977 53083.398438
830.457520 52993.000000 34.670647 53035.250000
832.496640 53292.000000 33.755901 52985.417969
834.533690 53144.000000 33.301273 52932.980469
836.568910 52761.000000 32.661247 52880.109375
838.603700 52860.000000 32.077526 52825.421875
840.638060 52957.000000 31.966221 52771.703125
842.670530 52765.000000 32.707321 52717.527344
844.702640 52273.000000 32.750221 52662.734375
846.732790 52795.000000 32.936584 52606.859375
848.762570 52721.000000 32.724682 52549.816406
850.790470 52449.000000 32.538185 52491.250000
852.816350 52515.000000 33.075813 52430.687500
854.843440 52403.000000 34.462440 52367.539062
856.867070 52557.000000 35.940174 52303.410156
858.890200 52383.000000 37.751579 52237.234375
860.913150 52336.000000 39.202827 52171.085938
862.934020 51909.000000 41.705555 52103.031250
864.954530 51937.000000 44.560295 52033.703125
866.973140 51982.000000 48.070522 51961.894531
868.991390 51598.000000 52.931969 51888.296875
871.007690 52119.000000 59.119038 51814.699219
873.023620 51847.000000 66.990433 51740.566406
875.037660 51513.000000 80.536148 51666.101562
877.051270 51781.000000 98.168076 51588.937500
879.062990 51755.000000 123.893456 51509.789062
881.074340 51653.000000 159.363663 51427.941406
883.083740 51583.000000 203.647507 51342.902344
885.092770 51741.000000 253.156006 51256.820312
887.099850 51435.000000 297.149170 51169.441406
889.104980 51599.000000 325.752106 51081.093750
891.111450 51077.000000 333.082916 50990.042969
893.114260 51071.000000 315.353668 50896.480469
895.118410 51015.000000 281.810120 50800.210938
897.119020 51162.000000 237.464645 50701.695312
899.120790 50853.000000 193.354218 50601.156250
901.119080 50703.000000 152.723511 50501.324219
903.118650 50654.000000 120.723953 50401.863281
905.114620 50540.000000 96.594925 50304.015625
907.111880 50211.000000 79.072372 50207.164062
909.107180 50084.000000 67.364738 50110.671875
911.100520 50170.000000 59.377525 50014.066406
913.093630 49874.000000 54.454002 49918.781250
915.084660 49855.000000 51.269917 49825.828125
917.075380 49975.000000 49.837643 49732.886719
919.064210 49683.000000 48.880894 49639.492188
921.052730 49430.000000 48.592896 49546.941406
923.039310 49666.000000 48.545910 49455.078125
925.025450 49415.000000 47.930824 49365.867188
927.009770 49188.000000 47.768105 49278.144531
928.993650 49145.000000 48.015022 49191.230469
930.975590 49282.000000 49.004814 49105.542969
932.957280 48984.000000 50.606590 49021.257812
934.937010 49025.000000 52.364014 48937.671875
936.916380 49023.000000 54.083244 48857.101562
938.895390 48890.000000 56.896355 48781.660156
940.870970 48531.000000 59.417572 48709.867188
942.847660 48771.000000 61.587719 48640.914062
944.822510 48585.000000 64.409477 48574.425781
946.795470 48352.000000 68.801666 48511.589844
948.768010 48385.000000 74.734444 48450.261719
950.738710 48537.000000 84.971733 48389.515625
952.708980 48351.000000 99.069183 48329.359375
954.677310 48232.000000 120.830467 48269.152344
956.645390 48328.000000 150.858246 48209.753906
958.613160 48619.000000 192.775131 48151.695312
960.578920 48367.000000 253.652496 48094.652344
962.542720 48333.000000 338.993225 48038.574219
964.506290 48493.000000 454.671326 47984.992188
966.467960 48406.000000 596.248352 47934.218750
968.429260 48739.000000 732.432068 47884.101562
970.390140 48584.000000 798.448425 47834.933594
972.347660 48640.000000 747.739563 47786.398438
974.306270 48441.000000 615.951416 47738.156250
976.263060 48361.000000 470.850281 47689.273438
978.218020 47924.000000 351.780823 47640.906250
980.172490 47656.000000 265.373596 47594.449219
982.125120 47709.000000 205.949860 47548.472656
984.077390 47957.000000 163.917755 47506.921875
986.029360 47544.000000 133.196976 47470.289062
987.979370 47930.000000 109.931847 47435.820312
989.927490 47624.000000 92.282730 47402.699219
991.875310 47460.000000 79.506958 47374.386719
993.822750 47669.000000 69.991714 47347.554688
995.768370 47509.000000 63.664093 47321.937500
997.711980 47569.000000 59.091911 47297.023438
999.655270 47318.000000 55.540306 47273.328125
1001.596700 47504.000000 52.340096 47249.945312
1003.537700 47191.000000 49.417656 47228.238281
1005.478600 47027.000000 47.333820 47207.605469
1007.417400 47394.000000 45.683609 47189.230469
1009.354300 47433.000000 44.364754 47171.632812
1011.291000 47163.000000 43.768719 47152.250000
1013.227200 47001.000000 43.190716 47131.863281
1015.161600 47258.000000 42.310131 47112.296875
1017.094100 46981.000000 41.875565 47095.160156
1019.026200 47266.000000 40.959206 47081.683594
1020.958000 47274.000000 40.487122 47069.355469
1022.888000 46736.000000 40.487446 47057.464844
1024.816000 47044.000000 41.385414 47046.257812
1026.743800 46795.000000 42.457848 47034.257812
1028.671100 46886.000000 44.434692 47023.781250
1030.596600 46937.000000 46.222286 47013.773438
1032.521700 46979.000000 47.938248 47004.867188
1034.444900 47153.000000 49.330574 46996.886719
1036.366300 47232.000000 50.754314 46988.062500
1038.287400 47370.000000 51.894825 46978.933594
1040.208100 46993.000000 53.448524 46968.203125
1042.127000 47109.000000 54.548927 46957.074219
1044.043800 47238.000000 56.685650 46947.257812
1045.960400 47172.000000 59.900745 46937.167969
1047.876700 47139.000000 64.105034 46927.187500
1049.791000 46966.000000 68.905838 46918.605469
1051.705100 47039.000000 76.582283 46911.222656
1053.617300 47321.000000 86.381714 46903.148438
1055.527600 46938.000000 101.066116 46894.566406
1057.437500 47014.000000 121.383888 46884.421875
1059.347300 47381.000000 150.793549 46872.757812
1061.255000 47114.000000 191.834366 46858.902344
1063.162500 46980.000000 250.824005 46844.250000
1065.068000 47167.000000 332.065735 46830.441406
1066.971700 47155.000000 447.939880 46816.917969
1068.875000 47343.000000 612.373108 46799.988281
1070.778100 47576.000000 801.675110 46781.945312
1072.679200 47739.000000 904.038879 46760.621094
1074.580000 47576.000000 801.119019 46736.882812
1076.479000 47253.000000 609.064331 46714.457031
1078.377600 47037.000000 441.288422 46689.449219
1080.274400 47168.000000 320.672943 46664.835938
1082.169200 47264.000000 244.244095 46640.152344
1084.065300 46925.000000 195.022354 46616.695312
1085.958000 46668.000000 162.183731 46596.207031
1087.850300 46559.000000 136.779388 46577.625000
1089.742400 46589.000000 119.111191 46560.468750
1091.632600 46579.000000 105.296471 46543.941406
1093.522500 46476.000000 94.764542 46529.882812
1095.410400 46676.000000 88.370796 46517.414062
1097.298100 46674.000000 84.366920 46504.914062
1099.183800 46592.000000 81.464775 46494.808594
1101.069300 46546.000000 78.787117 46485.574219
1102.952900 46391.000000 76.411545 46475.214844
1104.834600 46434.000000 77.205215 46465.125000
1106.717700 46741.000000 78.737640 46454.769531
1108.597200 46560.000000 79.834129 46446.187500
1110.477900 46383.000000 80.778656 46436.433594
1112.355300 46323.000000 81.594231 46426.582031
1114.232300 46275.000000 82.348709 46418.304688
1116.109100 46413.000000 82.827553 46410.402344
1117.984000 46511.000000 82.888657 46403.164062
1119.858500 46026.000000 81.345840 46395.839844
1121.731300 46401.000000 80.371223 46387.042969
1123.603600 46505.000000 80.282661 46378.636719
1125.474100 46629.000000 81.351242 46370.539062
1127.344400 46681.000000 84.046005 46362.285156
1129.212600 46402.000000 87.106003 46357.882812
1131.080700 46531.000000 92.033142 46355.230469
1132.946900 46406.000000 98.902054 46356.582031
1134.812700 46541.000000 111.303940 46359.832031
1136.676800 46381.000000 125.970459 46361.242188
1138.540400 46327.000000 144.433685 46362.957031
1140.402300 46807.000000 165.663437 46364.652344
1142.263800 46626.000000 191.256241 46367.718750
1144.123400 46735.000000 220.314819 46372.378906
1145.982800 46533.000000 252.305252 46378.582031
1147.841800 46368.000000 289.472992 46385.917969
1149.697500 46977.000000 335.025635 46396.863281
1151.554400 46831.000000 390.027130 46409.468750
1153.407800 46793.000000 450.355621 46425.734375
1155.262600 46886.000000 515.992554 46442.195312
1157.115500 47192.000000 584.562805 46459.222656
1158.966400 47010.000000 647.951233 46477.410156
1160.817100 47301.000000 695.814880 46496.558594
1162.666000 47316.000000 708.531250 46513.992188
1164.514500 47335.000000 689.823242 46533.511719
1166.361300 47187.000000 641.851440 46555.687500
1168.207600 47400.000000 579.137573 46577.914062
1170.052200 47047.000000 517.025696 46600.156250
1171.896500 47057.000000 471.375641 46621.312500
1173.740400 47207.000000 440.348816 46642.527344
1175.580900 46992.000000 424.016266 46664.847656
1177.422900 47207.000000 422.739685 46687.148438
1179.262700 47523.000000 440.547852 46707.933594
1181.100700 47147.000000 476.397064 46729.445312
1182.938600 47239.000000 532.705933 46751.570312
1184.774500 47398.000000 609.083069 46774.683594
1186.610200 47639.000000 714.108032 46800.808594
1188.444000 47427.000000 853.344910 46823.992188
1190.277500 47963.000000 1027.486084 46845.160156
1192.110700 48428.000000 1229.008911 46867.011719
1193.942000 48512.000000 1428.954712 46889.207031
1195.771600 48508.000000 1593.642822 46910.179688
1197.600700 48716.000000 1696.490601 46930.316406
1199.428100 48464.000000 1713.352905 46952.117188
1201.255200 48808.000000 1650.067017 46973.011719
1203.082000 48796.000000 1519.265991 46994.468750
1204.907000 48438.000000 1340.945801 47018.179688
1206.730100 48325.000000 1158.585083 47045.886719
1208.552900 48324.000000 1006.069641 47076.296875
1210.373900 48103.000000 898.963379 47110.089844
1212.194600 48065.000000 839.028137 47142.632812
1214.015000 48046.000000 820.988403 47173.753906
1215.833500 47995.000000 848.032104 47203.406250
1217.650300 48228.000000 926.159851 47234.976562
1219.466700 48387.000000 1064.853394 47267.343750
1221.281300 48505.000000 1256.015991 47300.003906
1223.095600 49077.000000 1499.478271 47332.921875
1224.909500 49279.000000 1777.317139 47369.207031
1226.721700 49420.000000 2038.528687 47406.046875
1228.532000 49518.000000 2219.006348 47441.886719
1230.342000 49758.000000 2256.642090 47477.066406
1232.151700 49559.000000 2128.594971 47514.187500
1233.959700 49478.000000 1873.724976 47550.367188
1235.765900 49270.000000 1573.111084 47587.855469
1237.571700 48889.000000 1280.204468 47626.214844
1239.377100 48877.000000 1037.444824 47665.191406
1241.180800 48626.000000 853.514282 47704.363281
1242.982700 48378.000000 733.210938 47743.804688
1244.784200 48445.000000 662.783447 47782.265625
1246.585300 48563.000000 630.994995 47820.906250
1248.384900 48310.000000 632.625366 47858.429688
1250.182500 48365.000000 658.948364 47893.402344
1251.979700 48522.000000 711.959106 47929.078125
1253.776900 48979.000000 802.744690 47968.574219
1255.572000 48978.000000 934.617188 48008.566406
1257.365500 48891.000000 1114.057739 48049.210938
1259.160000 49412.000000 1368.695435 48090.703125
1260.951300 50118.000000 1720.910156 48141.476562
1262.742300 50117.000000 2184.597168 48198.640625
1264.533100 51075.000000 2743.236328 48258.042969
1266.322000 51774.000000 3354.454346 48316.812500
1268.109000 52032.000000 3939.093018 48374.363281
1269.895800 52717.000000 4383.790527 48431.117188
1271.682400 52942.000000 4534.600098 48481.503906
1273.466900 52875.000000 4282.889160 48526.519531
1275.251500 52260.000000 3730.035645 48571.773438
1277.033900 51571.000000 3072.272217 48614.058594
1278.814700 51125.000000 2450.507080 48661.500000
1280.595200 50819.000000 1925.640991 48712.800781
1282.375400 50066.000000 1510.976318 48767.050781
1284.153800 49785.000000 1198.451660 48825.832031
1285.931900 49873.000000 963.299500 48887.953125
1287.708100 49857.000000 790.020935 48951.796875
1289.482500 49694.000000 663.407532 49018.269531
1291.256800 49818.000000 573.065796 49084.945312
1293.030600 49589.000000 506.778992 49152.039062
1294.802900 49767.000000 454.391998 49218.335938
1296.574600 50157.000000 415.519379 49285.496094
1298.344600 49623.000000 385.478088 49350.320312
1300.114400 49700.000000 368.391541 49415.203125
1301.882300 49854.000000 357.075806 49481.746094
1303.648300 49851.000000 351.950165 49551.984375
1305.415800 50038.000000 353.647034 49623.367188
1307.179700 49969.000000 356.172394 49696.144531
1308.943500 50479.000000 364.824524 49770.687500
1310.707000 50192.000000 378.004364 49846.285156
1312.468600 50336.000000 398.631775 49921.511719
1314.230000 50732.000000 426.315857 49998.648438
1315.989500 50532.000000 468.019135 50076.207031
1317.748800 50793.000000 530.783020 50154.746094
1319.506200 50986.000000 621.658264 50233.851562
1321.263400 51269.000000 743.030151 50311.394531
1323.018900 51072.000000 901.465637 50388.320312
1324.774000 51683.000000 1096.668335 50465.664062
1326.527300 51878.000000 1325.582153 50540.765625
1328.278900 52243.000000 1574.699951 50616.250000
1330.031700 52435.000000 1822.723877 50691.835938
1331.781100 52852.000000 2015.846924 50768.210938
1333.531900 52933.000000 2084.936035 50844.414062
1335.279300 52996.000000 1989.651611 50921.238281
1337.027800 52921.000000 1766.312744 50997.437500
1338.773200 52495.000000 1496.618774 51073.210938
1340.518300 52409.000000 1236.952271 51146.531250
1342.263100 52294.000000 1014.683289 51216.921875
1344.006000 52034.000000 834.996887 51284.050781
1345.748700 52240.000000 693.444275 51349.261719
1347.489500 52165.000000 585.547974 51411.085938
1349.230200 52022.000000 504.902893 51471.671875
1350.969100 51879.000000 444.458801 51530.164062
1352.707500 52280.000000 403.018127 51587.148438
1354.445900 52139.000000 376.552856 51643.667969
1356.180900 51928.000000 359.962402 51698.125000
1357.917000 51878.000000 353.627563 51748.324219
1359.649900 52101.000000 358.497192 51791.648438
1361.384200 52129.000000 372.364899 51829.007812
1363.115000 52433.000000 402.647522 51863.378906
1364.847000 52306.000000 452.573059 51894.628906
1366.577400 52425.000000 530.167664 51922.621094
1368.305900 52465.000000 646.481079 51948.304688
1370.034300 52702.000000 824.214355 51973.496094
1371.760600 53416.000000 1071.069092 51998.144531
1373.486900 53351.000000 1365.229736 52018.140625
1375.211300 53719.000000 1644.180664 52035.105469
1376.935400 53790.000000 1797.914062 52047.070312
1378.657800 53956.000000 1764.599609 52055.128906
1380.380000 53699.000000 1578.266724 52062.332031
1382.100200 53503.000000 1311.939087 52067.285156
1383.820300 53088.000000 1055.298950 52072.152344
1385.540200 52997.000000 830.419556 52075.406250
1387.256500 52788.000000 655.383240 52076.453125
1388.974200 52841.000000 521.916443 52075.421875
1390.690300 52390.000000 421.368225 52071.410156
1392.404400 52632.000000 346.980774 52065.535156
1394.118400 52335.000000 296.249481 52055.351562
1395.830400 52398.000000 260.859894 52042.769531
1397.542200 52411.000000 236.466034 52028.882812
1399.252300 52388.000000 216.409958 52014.140625
1400.962200 51897.000000 201.319458 51998.722656
1402.671800 52182.000000 187.849960 51982.324219
1404.379500 52267.000000 179.520233 51965.054688
1406.085600 52240.000000 172.371918 51948.058594
1407.791300 52107.000000 165.752411 51933.250000
1409.495200 52195.000000 163.333618 51920.140625
1411.199000 52279.000000 160.324722 51904.906250
1412.902500 52188.000000 159.243195 51888.085938
1414.604000 52483.000000 159.468414 51872.414062
1416.304000 52235.000000 159.158936 51856.777344
1418.003700 51872.000000 155.864685 51841.582031
1419.701500 52024.000000 153.331848 51825.671875
1421.399000 51851.000000 152.648132 51810.085938
1423.096400 51892.000000 155.040817 51794.964844
1424.792000 51763.000000 158.334381 51779.460938
1426.485700 51676.000000 163.528152 51765.335938
1428.179300 51728.000000 168.720490 51752.125000
1429.871100 52113.000000 175.594498 51739.199219
1431.562500 52039.000000 186.466705 51726.355469
1433.253900 52065.000000 201.740204 51714.667969
1434.943400 52112.000000 219.596237 51702.449219
1436.631000 52219.000000 241.246292 51689.468750
1438.318500 51810.000000 267.829071 51676.109375
1440.005600 51674.000000 303.405212 51661.070312
1441.691000 51592.000000 348.279999 51645.492188
1443.374800 51983.000000 405.137299 51628.566406
1445.058200 51938.000000 476.932037 51613.750000
1446.741300 52205.000000 566.428955 51600.285156
1448.422900 52215.000000 682.686157 51587.972656
1450.102400 52459.000000 826.459778 51575.820312
1451.781700 52821.000000 996.530273 51562.605469
1453.460900 52776.000000 1200.037354 51548.070312
1455.138200 52516.000000 1426.500732 51536.839844
1456.813800 53510.000000 1656.830444 51526.902344
1458.489100 53268.000000 1869.294678 51515.867188
1460.164300 53309.000000 2035.069580 51504.832031
1461.837600 53701.000000 2129.077393 51494.277344
1463.509200 53521.000000 2140.696289 51484.726562
1465.180500 53517.000000 2068.202637 51476.277344
1466.851600 53243.000000 1917.326416 51468.148438
1468.520900 52908.000000 1711.144287 51463.109375
1470.189900 53090.000000 1483.014526 51460.218750
1471.857200 52948.000000 1261.559814 51458.175781
1473.522800 52389.000000 1059.483154 51457.804688
1475.188100 52237.000000 882.072571 51457.777344
1476.853100 51943.000000 733.367188 51456.753906
1478.516500 51859.000000 611.014343 51454.921875
1480.178000 52134.000000 512.214233 51451.410156
1481.839200 51507.000000 432.425201 51448.375000
1483.500400 52066.000000 366.531860 51445.542969
1485.159700 51755.000000 322.500427 51443.085938
1486.818600 51711.000000 290.238098 51441.902344
1488.476000 51296.000000 266.100830 51440.003906
1490.131500 51623.000000 247.892487 51437.679688
1491.788300 51409.000000 233.806549 51435.769531
1493.441800 51436.000000 222.249222 51433.539062
1495.095100 51493.000000 214.248932 51431.324219
1496.748000 51501.000000 208.289993 51429.429688
1498.399400 51783.000000 204.718033 51427.398438
1500.050400 51685.000000 204.199310 51426.820312
1501.699700 51613.000000 205.895477 51426.660156
1503.347300 51877.000000 207.348602 51426.687500
1504.996100 51750.000000 208.256393 51427.339844
1506.641600 51331.000000 210.914841 51428.367188
1508.287000 51634.000000 215.697220 51432.531250
1509.932000 51699.000000 224.996140 51440.007812
1511.575300 51237.000000 237.165619 51450.191406
1513.218500 51942.000000 250.919144 51461.765625
1514.859700 51720.000000 268.920624 51474.039062
1516.500900 51843.000000 291.676666 51487.093750
1518.140300 52179.000000 319.357483 51499.453125
1519.777800 52048.000000 357.235107 51510.417969
1521.416700 51839.000000 403.288269 51521.710938
1523.052200 52143.000000 459.735107 51530.781250
1524.689200 52035.000000 528.562866 51540.187500
1526.322800 51944.000000 616.171143 51548.878906
1527.956200 52167.000000 729.260925 51553.863281
1529.589400 52199.000000 871.126343 51556.496094
1531.220800 52293.000000 1046.061768 51558.132812
1532.851900 53016.000000 1254.357178 51560.386719
1534.481400 53302.000000 1495.609985 51560.996094
1536.110600 53338.000000 1757.639282 51561.406250
1537.738000 53397.000000 2018.394531 51563.128906
1539.365200 53920.000000 2248.888428 51566.285156
1540.990700 53862.000000 2415.726074 51567.843750
1542.616000 53933.000000 2486.474121 51568.933594
1544.239500 53962.000000 2440.902588 51568.250000
1545.862700 53860.000000 2289.468018 51565.859375
1547.484400 53637.000000 2063.456787 51563.109375
1549.105600 53247.000000 1808.411743 51557.046875
1550.725100 53240.000000 1560.953369 51550.695312
1552.344500 52700.000000 1336.039795 51542.769531
1553.962000 52333.000000 1136.630615 51535.640625
1555.579300 52412.000000 964.682922 51530.109375
1557.195100 52355.000000 814.666016 51522.753906
1558.810400 52384.000000 690.184448 51515.207031
1560.424100 52231.000000 589.293518 51510.160156
1562.037500 52049.000000 508.461029 51506.707031
1563.649200 52080.000000 445.402893 51505.515625
1565.260600 51763.000000 392.191437 51506.773438
1566.870500 51825.000000 350.253387 51509.015625
1568.479900 51606.000000 315.578918 51512.550781
1570.089100 51870.000000 287.351227 51517.718750
1571.695200 51449.000000 264.902435 51524.011719
1573.302500 51807.000000 247.736542 51531.464844
1574.906500 51670.000000 232.470917 51540.074219
1576.511800 51447.000000 213.560333 51549.300781
1578.115500 51938.000000 197.262161 51557.585938
1579.717400 51812.000000 183.136124 51568.914062
1581.319100 51732.000000 170.829636 51582.222656
1582.919100 52245.000000 158.305344 51596.476562
1584.518700 51706.000000 145.634064 51611.472656
1586.116600 51702.000000 133.652283 51627.703125
1587.714500 51727.000000 124.108887 51643.175781
1589.310500 51905.000000 117.119568 51659.125000
1590.906300 51623.000000 110.143082 51674.796875
1592.501800 51695.000000 104.438782 51691.230469
1594.095700 51840.000000 98.967422 51708.367188
1595.687900 51675.000000 93.110962 51727.304688
1597.279700 51763.000000 86.654816 51748.734375
1598.869900 51889.000000 80.346169 51770.097656
1600.459700 51893.000000 76.025513 51791.937500
1602.048100 51818.000000 72.318611 51812.656250
1603.636000 51656.000000 68.193855 51832.601562
1605.223900 52074.000000 64.527054 51852.847656
1606.809800 51517.000000 61.369499 51873.375000
1608.394200 51731.000000 58.716347 51894.527344
1609.978300 51684.000000 56.866119 51916.824219
1611.560700 51857.000000 55.495819 51938.296875
1613.142900 52243.000000 54.693993 51958.734375
1614.724700 52213.000000 53.747272 51979.136719
1616.304900 52081.000000 53.076439 51999.285156
1617.883500 52041.000000 52.221874 52020.402344
1619.461800 52257.000000 50.657730 52040.664062
1621.038300 52158.000000 47.769173 52061.320312
1622.614700 52205.000000 45.495235 52082.613281
1624.190800 52208.000000 43.484291 52100.835938
1625.765300 52306.000000 41.518173 52117.027344
1627.337900 52517.000000 39.545753 52131.843750
1628.910400 52138.000000 37.215832 52144.242188
1630.482700 52527.000000 35.315384 52154.882812
1632.053200 52429.000000 33.606354 52164.347656
1633.622100 52313.000000 31.772360 52172.867188
1635.190600 52112.000000 29.972021 52180.093750
1636.759000 52502.000000 28.588058 52184.652344
1638.325700 52422.000000 27.567572 52188.769531
1639.890700 52528.000000 27.073526 52194.328125
1641.455400 52412.000000 26.723736 52199.640625
1643.019900 52357.000000 26.070719 52204.160156
1644.582800 52440.000000 25.164974 52208.281250
1646.143900 52262.000000 23.934948 52210.992188
1647.704700 52442.000000 22.324062 52212.152344
1649.265500 52452.000000 20.922390 52209.578125
1650.824500 52212.000000 20.351215 52202.410156
1652.381600 52390.000000 20.525000 52192.640625
1653.938700 52405.000000 20.582409 52179.531250
1655.495500 52171.000000 20.443033 52163.226562
1657.050700 52378.000000 20.067524 52142.574219
1658.604100 52020.000000 19.555763 52118.925781
1660.157200 52233.000000 18.769958 52093.187500
1661.710200 52244.000000 17.861134 52061.976562
1663.261500 51806.000000 17.393669 52025.609375
1664.811200 52102.000000 17.335850 51985.328125
1666.361900 51980.000000 17.092236 51940.683594
1667.909700 52050.000000 16.968143 51894.367188
1669.457200 52049.000000 16.873619 51844.917969
1671.004300 51575.000000 16.743944 51794.882812
1672.549900 51701.000000 16.689447 51743.875000
1674.093600 51302.000000 16.836182 51690.730469
1675.637300 51619.000000 16.923996 51636.718750
1677.180800 51413.000000 16.817959 51581.886719
1678.722400 51650.000000 17.083223 51527.390625
1680.263900 51409.000000 17.415665 51473.414062
1681.803700 51222.000000 17.774376 51420.656250
1683.341800 51540.000000 18.021269 51367.445312
1684.881200 51251.000000 18.254713 51313.773438
1686.417500 51255.000000 18.489140 51258.421875
1687.953400 51184.000000 18.804804 51201.671875
1689.489100 51212.000000 18.931173 51145.511719
1691.023200 51144.000000 18.571951 51089.953125
1692.557100 50988.000000 18.094324 51034.632812
1694.089200 50917.000000 17.423641 50979.277344
1695.619800 50827.000000 16.735910 50923.968750
1697.151500 50864.000000 16.309061 50868.800781
1698.680200 50824.000000 15.840475 50815.246094
1700.208500 50704.000000 15.570490 50762.726562
1701.736600 50450.000000 15.404051 50710.425781
1703.263100 50950.000000 14.970047 50658.527344
1704.789300 50649.000000 14.645241 50608.078125
1706.314000 50730.000000 14.346486 50558.824219
1707.838100 50791.000000 13.957835 50509.101562
1709.361000 50319.000000 14.015554 50458.695312
1710.883300 50562.000000 13.985187 50408.144531
1712.404100 50424.000000 13.569021 50358.605469
1713.923100 50365.000000 12.989850 50309.226562
1715.443500 50289.000000 12.394724 50258.574219
1716.960700 49962.000000 12.054304 50205.296875
1718.479100 50445.000000 11.427200 50150.410156
1719.994500 50169.000000 10.853042 50095.636719
1721.509600 49947.000000 10.317163 50040.582031
1723.024400 49859.000000 9.969966 49985.136719
1724.537600 49973.000000 9.776731 49928.382812
1726.050700 50041.000000 9.761318 49871.929688
1727.561900 50085.000000 9.761329 49816.531250
1729.073000 49981.000000 9.784305 49763.015625
1730.582400 49735.000000 9.796743 49710.019531
1732.091700 50015.000000 9.836508 49657.105469
1733.599200 49549.000000 10.160742 49604.253906
1735.106600 49704.000000 10.514742 49550.746094
1736.612100 49285.000000 10.560795 49497.144531
1738.117600 49325.000000 10.499070 49444.253906
1739.621300 49456.000000 10.453326 49391.421875
1741.125000 49050.000000 10.477678 49339.507812
1742.626800 49210.000000 10.551013 49287.699219
1744.128400 49027.000000 10.628590 49237.339844
1745.628500 49252.000000 10.795097 49188.851562
1747.128300 49305.000000 10.760663 49142.183594
1748.626300 49099.000000 10.706982 49097.699219
1750.124300 49009.000000 10.609118 49054.308594
1751.620500 48933.000000 10.553303 49012.679688
1753.116600 48932.000000 10.537338 48973.316406
1754.612400 48936.000000 10.540155 48935.312500
1756.105100 49028.000000 10.475838 48897.906250
1757.599100 49041.000000 10.342047 48860.554688
1759.091300 48951.000000 10.150632 48823.421875
1760.582000 48872.000000 9.797541 48785.289062
1762.072400 48997.000000 9.452152 48747.089844
1763.561000 48640.000000 9.081791 48710.718750
1765.049600 48275.000000 8.733311 48675.992188
1766.536500 48699.000000 8.472559 48641.949219
1768.023200 48615.000000 8.371340 48607.324219
1769.508100 48392.000000 8.279584 48571.550781
1770.992900 48451.000000 8.219973 48536.367188
1772.477500 48510.000000 8.118409 48501.898438
1773.959000 48788.000000 7.916166 48468.742188
1775.441700 48502.000000 7.623569 48436.476562
1776.922700 48261.000000 7.303631 48405.332031
1778.402100 48661.000000 7.187168 48375.261719
1779.881300 48277.000000 7.299478 48347.855469
1781.358900 48380.000000 7.340596 48320.781250
1782.836200 48329.000000 7.357382 48294.921875
1784.311900 48412.000000 7.282290 48268.683594
1785.787400 48228.000000 7.285226 48242.265625
1787.262600 48095.000000 7.373843 48215.597656
1788.736200 48119.000000 7.461053 48187.675781
1790.208300 48178.000000 7.638495 48157.992188
1791.679800 48371.000000 7.795324 48127.273438
1793.150000 48156.000000 7.826140 48096.246094
1794.619900 48266.000000 7.781489 48065.359375
1796.089600 48137.000000 7.648762 48035.738281
1797.557600 47893.000000 7.538450 48008.691406
1799.023900 48009.000000 7.439205 47982.828125
1800.490100 48027.000000 7.331496 47957.074219
1801.954600 47763.000000 7.201218 47931.117188
1803.418900 48044.000000 7.148170 47905.531250
1804.883100 47603.000000 7.191588 47882.492188
1806.345500 48168.000000 7.163449 47860.121094
1807.806400 47796.000000 7.161097 47838.207031
1809.266800 47803.000000 7.166054 47816.445312
1810.727400 47618.000000 7.200195 47795.226562
1812.186000 47765.000000 7.182695 47775.312500
1813.643300 47686.000000 7.091071 47755.027344
1815.100100 47931.000000 7.060076 47733.093750
1816.556800 47501.000000 6.955820 47712.878906
1818.010400 47565.000000 6.785963 47694.609375
1819.465300 47690.000000 6.693950 47677.328125
1820.918500 47928.000000 6.608075 47660.859375
1822.370100 47548.000000 6.550287 47645.300781
1823.821400 48018.000000 6.548748 47631.417969
1825.272600 47678.000000 6.398524 47620.597656
1826.722200 47639.000000 6.293476 47612.386719
1828.169900 47552.000000 6.047200 47605.804688
1829.617600 47488.000000 5.702033 47599.515625
1831.065200 47479.000000 5.381506 47591.769531
1832.511000 47516.000000 5.227448 47582.937500
1833.956500 47448.000000 5.130673 47573.414062
1835.400500 47637.000000 5.078147 47564.640625
1836.842900 47948.000000 5.178281 47556.171875
1838.285200 47517.000000 5.406425 47549.226562
1839.727100 47174.000000 5.697496 47543.792969
1841.167400 47502.000000 5.988938 47536.855469
1842.606100 47546.000000 6.155235 47529.390625
1844.044400 47337.000000 6.267649 47522.296875
1845.482800 47247.000000 6.299042 47516.511719
1846.919400 47406.000000 6.345819 47509.496094
1848.356000 47163.000000 6.525380 47503.445312
1849.790800 47524.000000 6.845929 47497.671875
1851.224000 47569.000000 7.293256 47490.773438
1852.656900 47096.000000 7.545497 47486.246094
1854.089700 47332.000000 7.561950 47482.703125
1855.520800 47348.000000 7.502518 47479.593750
1856.951800 47198.000000 7.334634 47480.148438
1858.381100 47292.000000 7.029149 47483.785156
1859.808700 47499.000000 6.731920 47489.375000
1861.236300 47690.000000 6.515645 47494.570312
1862.663500 47531.000000 6.372900 47499.679688
1864.089100 47244.000000 6.088962 47506.164062
1865.514600 47564.000000 5.891355 47513.777344
1866.938500 47535.000000 5.781419 47522.742188
1868.360700 47566.000000 5.773183 47532.914062
1869.784200 47586.000000 5.904559 47543.050781
1871.204500 47537.000000 5.858024 47553.488281
1872.624600 47284.000000 5.784280 47565.437500
1874.044700 47719.000000 5.555756 47576.437500
1875.463000 47578.000000 5.303050 47587.132812
1876.881200 47713.000000 5.055079 47596.863281
1878.297700 47574.000000 4.931361 47604.863281
1879.714100 47554.000000 4.864955 47611.167969
1881.128800 47644.000000 4.792525 47615.359375
1882.541900 47925.000000 4.685541 47616.378906
1883.956200 47986.000000 4.753509 47617.886719
1885.367400 47950.000000 4.951708 47617.289062
1886.778600 47708.000000 5.288543 47615.488281
1888.189500 48037.000000 5.492451 47614.175781
