Raman_Shift Original_Spectrum Predicted_Raman Predicted_Baseline
294.894650 54638.000000 412.962982 53442.601562
297.232540 54519.000000 448.371002 53069.464844
299.568300 54508.000000 466.329041 53139.574219
301.905240 54496.000000 433.811432 53483.671875
304.238400 54542.000000 456.280945 53811.601562
306.571040 54352.000000 482.398834 53685.902344
308.903260 54866.000000 486.093903 53675.660156
311.233340 54837.000000 488.369476 53747.347656
313.562930 54630.000000 507.256348 53656.851562
315.890440 54509.000000 539.058228 53621.011719
318.215790 54316.000000 578.513550 53660.386719
320.540680 54545.000000 648.870117 53681.750000
322.865110 54691.000000 735.816101 53716.980469
325.187410 54470.000000 813.522583 53690.898438
327.509250 54945.000000 896.782043 53736.007812
329.828920 55379.000000 994.917175 53788.210938
332.148160 55260.000000 1114.041016 53925.527344
334.465270 55671.000000 1247.416626 54041.890625
336.781950 56171.000000 1392.408569 54155.890625
339.096470 56208.000000 1574.443970 54247.937500
341.408870 56896.000000 1794.686890 54425.390625
343.722530 57198.000000 2034.962280 54566.429688
346.032350 57879.000000 2288.757568 54770.699219
348.341740 58111.000000 2572.149902 54967.750000
350.650670 58848.000000 2914.148926 55275.664062
352.957460 59397.000000 3289.846191 55505.953125
355.263760 60088.000000 3672.562500 55748.718750
357.568020 60343.000000 4029.553955 55922.824219
359.871800 60781.000000 4417.171387 56169.152344
362.173430 61185.000000 4795.526367 56303.742188
364.474640 61665.000000 5183.118164 56499.226562
366.773710 61773.000000 5483.448242 56643.183594
369.072360 61595.000000 5801.357422 56838.683594
371.368870 62072.000000 6014.741699 56952.804688
373.664920 62407.000000 6174.342285 57132.015625
375.958890 62578.000000 6100.469727 57243.855469
378.252380 62529.000000 5963.466797 57393.585938
380.543790 62835.000000 5730.266602 57441.343750
382.834750 62648.000000 5452.148926 57570.992188
385.123570 62392.000000 5070.320801 57588.359375
387.411960 62309.000000 4625.279297 57639.578125
389.698210 62207.000000 4173.215820 57618.617188
391.984070 61749.000000 3794.163330 57653.183594
394.267790 61196.000000 3399.259033 57585.984375
396.551060 60612.000000 2991.174316 57598.960938
398.832210 60355.000000 2604.060059 57589.320312
401.112950 60111.000000 2308.179443 57603.257812
403.391570 60020.000000 2025.995361 57516.785156
405.669770 59782.000000 1800.224365 57490.839844
407.945860 59566.000000 1601.129272 57457.988281
410.221470 59124.000000 1436.264404 57465.972656
412.495030 59099.000000 1273.645020 57394.746094
414.768100 58945.000000 1128.898193 57363.757812
417.039090 58747.000000 1001.701355 57347.492188
419.309630 58347.000000 899.658813 57351.917969
421.579740 58446.000000 804.577026 57297.054688
423.846100 58233.000000 740.020142 57274.152344
426.113680 58191.000000 698.487915 57258.324219
428.377470 58331.000000 673.891724 57261.437500
430.642520 57991.000000 649.334229 57231.949219
432.905460 58414.000000 627.393982 57234.617188
435.166320 58510.000000 602.185059 57230.839844
437.426700 58278.000000 589.762268 57255.386719
439.685060 58264.000000 581.040833 57245.140625
441.942900 58210.000000 579.101501 57266.136719
444.198730 58275.000000 577.499817 57273.718750
446.454070 58477.000000 577.578247 57294.476562
448.708980 58184.000000 582.788696 57276.527344
450.961820 58341.000000 597.181885 57294.968750
453.212550 58016.000000 611.308105 57297.398438
455.462890 58080.000000 631.843872 57312.410156
457.711120 58308.000000 653.283264 57285.902344
459.958920 58135.000000 670.557922 57295.710938
462.204590 58266.000000 682.752380 57305.769531
464.449890 58038.000000 693.646118 57317.820312
466.694760 58384.000000 718.555054 57285.722656
468.937500 58144.000000 753.259338 57285.164062
471.178160 58035.000000 787.996765 57280.750000
473.418460 58073.000000 824.559570 57278.128906
475.656620 58060.000000 884.246582 57220.242188
477.894380 58374.000000 949.893921 57205.328125
480.131680 58012.000000 990.213867 57193.132812
482.366910 58112.000000 1030.844360 57182.812500
484.600040 58462.000000 1085.202271 57109.355469
486.832790 58674.000000 1164.701294 57061.394531
489.063450 58981.000000 1288.884888 57013.921875
491.293670 58883.000000 1434.923584 56970.351562
493.523500 58918.000000 1639.803711 56910.828125
495.751190 59265.000000 1898.539795 56910.066406
497.976840 59799.000000 2202.288330 56922.500000
500.202090 60292.000000 2611.270264 56942.921875
502.426910 61058.000000 3194.363037 56990.375000
504.649660 62026.000000 4065.966797 57104.429688
506.870270 63539.000000 5330.333984 57214.125000
509.090550 64616.000000 6936.510742 57381.859375
511.310360 66057.000000 8618.736328 57478.621094
513.528140 67415.000000 10129.492188 57438.523438
515.743770 67889.000000 10728.410156 57317.390625
517.959110 67249.000000 10065.470703 57293.445312
520.173890 65668.000000 8430.720703 57242.632812
522.386660 63454.000000 6493.490723 57091.703125
524.597410 61885.000000 4857.229980 56816.320312
526.807740 60308.000000 3740.030029 56651.332031
529.017580 59339.000000 2960.232178 56366.625000
531.225400 58858.000000 2431.864014 56181.542969
533.431210 58013.000000 2034.127197 56082.718750
535.636470 57476.000000 1797.114868 56003.304688
537.841430 57153.000000 1625.712891 55843.281250
540.044310 57076.000000 1511.603394 55692.789062
542.245120 57120.000000 1452.419678 55605.082031
544.445500 57100.000000 1420.291260 55536.886719
546.645450 56753.000000 1420.449463 55422.214844
548.843380 56555.000000 1435.411377 55362.695312
551.040830 56789.000000 1434.859497 55327.679688
553.236330 56773.000000 1473.693237 55310.300781
555.429690 56971.000000 1552.014526 55245.925781
557.622680 57281.000000 1662.459229 55252.593750
559.815250 57528.000000 1867.176392 55280.406250
562.005800 58071.000000 2188.241699 55352.417969
564.195920 58361.000000 2723.867188 55437.132812
566.383910 59528.000000 3509.010986 55591.132812
568.569950 60926.000000 4511.377930 55643.734375
570.755550 61993.000000 5439.259277 55603.699219
572.940730 61838.000000 5561.018555 55439.601562
575.123900 60459.000000 4804.027832 55392.992188
577.306640 59196.000000 3638.453857 55328.121094
579.487300 58349.000000 2787.506104 55303.851562
581.665950 57873.000000 2228.353027 55172.039062
583.844120 57551.000000 1906.639648 55134.113281
586.021970 57100.000000 1710.326904 55059.390625
588.197750 56998.000000 1626.332886 55011.335938
590.373170 57177.000000 1612.292603 54906.082031
592.546450 57061.000000 1599.051514 54851.972656
594.719420 56589.000000 1596.396851 54810.707031
596.890260 57054.000000 1619.467163 54785.179688
599.059140 56509.000000 1670.371704 54719.363281
601.229190 56520.000000 1756.007202 54693.328125
603.395570 56682.000000 1804.858643 54653.242188
605.561580 56955.000000 1872.775635 54648.046875
607.727170 57135.000000 1976.230225 54601.171875
609.890750 57206.000000 2092.176025 54586.003906
612.053960 57425.000000 2244.331299 54552.546875
614.215030 57723.000000 2411.066895 54552.527344
616.375790 58003.000000 2653.243652 54513.710938
618.534480 57916.000000 2985.652344 54493.406250
620.692750 58573.000000 3376.949707 54482.496094
622.849000 59342.000000 3887.496094 54540.156250
625.004820 59429.000000 4554.675293 54559.109375
627.158750 60503.000000 5470.313477 54556.097656
629.310490 61009.000000 6312.485840 54578.652344
631.463560 62120.000000 7457.547852 54646.417969
633.612920 63097.000000 8827.737305 54844.031250
635.763490 65063.000000 11062.003906 54863.910156
637.910460 67163.000000 13284.041992 55091.812500
640.058650 70394.000000 16580.925781 55422.722656
642.203190 74838.000000 19842.144531 55935.648438
644.348880 80464.000000 25269.800781 56710.355469
646.491030 87860.000000 31187.660156 57562.343750
648.634400 95751.000000 39935.277344 58158.695312
650.774050 104017.000000 47694.070312 58429.117188
652.914980 111456.000000 55133.367188 57604.050781
655.052250 114974.000000 56682.449219 57188.199219
657.190730 110655.000000 51123.050781 56660.445312
659.325620 102428.000000 44398.195312 56308.281250
661.461730 94390.000000 37017.074219 55551.289062
663.594180 87109.000000 31537.328125 55789.656250
665.727910 81412.000000 26665.974609 56351.550781
667.857910 77188.000000 23025.451172 56255.640625
669.989200 73625.000000 19431.390625 56327.570312
672.118470 71076.000000 16772.824219 56674.917969
674.245670 68339.000000 14074.541016 56707.183594
676.372560 66450.000000 12185.349609 56544.890625
678.497380 64964.000000 10060.023438 56332.125000
680.621830 63429.000000 8373.726562 56384.390625
682.744320 62057.000000 6951.092773 56206.289062
684.866390 61158.000000 6011.530273 55866.593750
686.986450 60546.000000 5277.647949 55654.019531
689.106080 59841.000000 4691.187500 55621.914062
691.223750 59236.000000 4294.033203 55517.781250
693.341000 59077.000000 4026.056152 55319.000000
695.457820 59012.000000 3844.183594 55228.632812
697.571110 58984.000000 3765.048096 55267.914062
699.685610 58768.000000 3868.278076 55298.281250
701.798100 59223.000000 4097.218750 55264.320312
703.908570 59779.000000 4537.500977 55333.769531
706.018620 60352.000000 5134.383789 55425.902344
708.126770 60533.000000 5821.079102 55464.222656
710.234380 61388.000000 6241.558594 55302.832031
712.340150 61243.000000 6198.842285 55223.996094
714.445430 60576.000000 5626.162598 55119.562500
716.550350 59488.000000 4819.058105 55145.500000
718.653260 58512.000000 3917.617188 55017.261719
720.754270 57870.000000 3192.903564 54924.820312
722.854800 57301.000000 2636.408447 54798.476562
724.953370 56768.000000 2225.109863 54734.304688
727.051570 56208.000000 1898.767334 54576.484375
729.149350 55888.000000 1617.086792 54479.046875
731.243530 55738.000000 1421.225830 54423.902344
733.338990 55593.000000 1265.974731 54372.027344
735.432370 55579.000000 1128.824341 54240.914062
737.523800 55323.000000 1043.791748 54158.308594
739.614870 55276.000000 990.493286 54099.730469
741.705570 54860.000000 939.041016 54065.195312
743.792600 54591.000000 892.393921 53950.585938
745.880920 54500.000000 848.100403 53901.929688
747.967220 54722.000000 818.811646 53855.613281
750.051570 54483.000000 795.192993 53854.410156
752.135500 54376.000000 771.756897 53785.875000
754.219120 54472.000000 723.767944 53751.250000
756.300720 54606.000000 688.308167 53729.699219
758.380310 54299.000000 663.226257 53757.125000
760.459530 54245.000000 641.045105 53713.714844
762.538390 53759.000000 599.595154 53715.160156
764.615300 54268.000000 566.934509 53686.546875
766.690190 54766.000000 549.524841 53679.710938
768.764710 54707.000000 537.069641 53642.710938
770.838810 54162.000000 523.878296 53664.164062
772.909360 54024.000000 510.353516 53628.863281
774.981140 53894.000000 496.373199 53607.812500
777.050960 53988.000000 489.700836 53555.039062
779.120420 54112.000000 480.153381 53545.773438
781.187870 54084.000000 478.122070 53520.292969
783.253420 53839.000000 485.524841 53521.390625
785.318480 53967.000000 492.569763 53470.269531
787.383240 53959.000000 474.601715 53461.269531
789.445980 53775.000000 452.987305 53450.089844
791.506770 53571.000000 435.904144 53459.062500
793.567260 53749.000000 431.043457 53420.625000
795.627260 53999.000000 427.748138 53413.472656
797.685360 53935.000000 431.013092 53389.789062
799.741520 53764.000000 437.490784 53394.863281
801.797240 53747.000000 445.021393 53336.441406
803.852600 53757.000000 428.692230 53312.726562
805.906010 53321.000000 417.191833 53280.390625
807.959050 53851.000000 409.078796 53256.800781
810.010130 53307.000000 411.630127 53224.507812
812.059200 53509.000000 414.474945 53194.945312
814.107970 53701.000000 422.197205 53148.355469
816.156370 53583.000000 429.018707 53132.113281
818.202760 53557.000000 433.332611 53074.601562
820.247190 53312.000000 417.317474 53056.730469
822.292850 53384.000000 407.587280 53001.253906
824.335020 53566.000000 402.747681 52973.601562
826.376770 53439.000000 406.517365 52911.234375
828.418090 53460.000000 404.370270 52887.527344
830.457520 53162.000000 409.029602 52826.347656
832.496640 53509.000000 414.935455 52768.765625
834.533690 53313.000000 420.236633 52694.332031
836.568910 52802.000000 411.582611 52665.433594
838.603700 52866.000000 412.128082 52582.195312
840.638060 52953.000000 416.662262 52511.570312
842.670530 52995.000000 418.251862 52421.460938
844.702640 52592.000000 400.368622 52385.214844
846.732790 52739.000000 383.634613 52302.164062
848.762570 52877.000000 373.437897 52242.554688
850.790470 52593.000000 371.427917 52144.937500
852.816350 52718.000000 367.128571 52095.964844
854.843440 52399.000000 367.501648 52001.964844
856.867070 52916.000000 372.618744 51925.054688
858.890200 52474.000000 378.889923 51824.816406
860.913150 52297.000000 376.744080 51762.234375
862.934020 52120.000000 382.101105 51673.632812
864.954530 52290.000000 398.453827 51594.414062
866.973140 52211.000000 425.924652 51485.937500
868.991390 51970.000000 454.117004 51416.488281
871.007690 52452.000000 510.122711 51335.140625
873.023620 52293.000000 594.793579 51278.824219
875.037660 52038.000000 731.233582 51204.507812
877.051270 52550.000000 906.507507 51196.914062
879.062990 53088.000000 1142.024048 51213.773438
881.074340 53239.000000 1484.294678 51257.742188
883.083740 53802.000000 1930.891968 51208.671875
885.092770 54477.000000 2439.092529 51200.605469
887.099850 54493.000000 2770.030518 51115.992188
889.104980 54634.000000 2697.594482 51104.292969
891.111450 53382.000000 2292.553223 50963.816406
893.114260 52946.000000 1779.825439 50837.285156
895.118410 52307.000000 1330.321655 50682.621094
897.119020 52149.000000 1010.455872 50606.960938
899.120790 51637.000000 794.258484 50406.656250
901.119080 51400.000000 642.628418 50273.210938
903.118650 51272.000000 552.695190 50138.593750
905.114620 51004.000000 491.325623 50030.234375
907.111880 50526.000000 443.923981 49857.351562
909.107180 50374.000000 401.307068 49751.648438
911.100520 50386.000000 369.684265 49647.816406
913.093630 49945.000000 351.573822 49584.183594
915.084660 49989.000000 339.017609 49437.421875
917.075380 50103.000000 323.337006 49347.289062
919.064210 49781.000000 315.665955 49254.070312
921.052730 49616.000000 315.135254 49219.894531
923.039310 49772.000000 313.735260 49111.187500
925.025450 49719.000000 303.885803 49043.359375
927.009770 49300.000000 298.845490 48956.863281
928.993650 49546.000000 303.544220 48938.437500
930.975590 49599.000000 310.007233 48849.492188
932.957280 49360.000000 313.056458 48772.535156
934.937010 49362.000000 320.618256 48679.527344
936.916380 49375.000000 333.024658 48637.816406
938.895390 49408.000000 348.521545 48538.816406
940.870970 48705.000000 358.551666 48495.644531
942.847660 48994.000000 378.632111 48455.429688
944.822510 48853.000000 412.256744 48473.539062
946.795470 48803.000000 461.493805 48426.527344
948.768010 48955.000000 524.911133 48395.511719
950.738710 48980.000000 600.657837 48395.925781
952.708980 49028.000000 707.671936 48457.621094
954.677310 49266.000000 862.364563 48505.371094
956.645390 49566.000000 1089.649658 48575.718750
958.613160 50106.000000 1426.641357 48624.699219
960.578920 50778.000000 1956.777100 48785.234375
962.542720 51631.000000 2781.901855 48923.875000
964.506290 52993.000000 4072.485107 49129.484375
966.467960 55049.000000 5877.275391 49358.253906
968.429260 57089.000000 7843.411133 49474.664062
970.390140 58037.000000 8944.421875 49416.269531
972.347660 57598.000000 8610.205078 49394.144531
974.306270 56216.000000 7241.801758 49264.507812
976.263060 54275.000000 5532.811523 49080.046875
978.218020 52104.000000 3953.620361 48857.246094
980.172490 50861.000000 2774.866211 48648.785156
982.125120 49903.000000 1969.097412 48408.101562
984.077390 49754.000000 1468.594360 48304.570312
986.029360 48899.000000 1140.859741 48141.496094
987.979370 48690.000000 896.154785 47999.867188
989.927490 48391.000000 736.094238 47922.285156
991.875310 48317.000000 628.669006 47879.476562
993.822750 48073.000000 548.503662 47807.300781
995.768370 48141.000000 488.492004 47708.945312
997.711980 47923.000000 450.108948 47611.414062
999.655270 47693.000000 427.235016 47582.199219
1001.596700 47813.000000 411.287506 47535.796875
1003.537700 47708.000000 388.111877 47494.242188
1005.478600 47446.000000 371.424957 47422.656250
1007.417400 47777.000000 364.587891 47400.398438
1009.354300 47755.000000 360.465088 47334.367188
1011.291000 47385.000000 345.434998 47263.976562
1013.227200 47193.000000 334.272095 47202.453125
1015.161600 47481.000000 330.797058 47214.207031
1017.094100 47238.000000 328.161346 47190.105469
1019.026200 47288.000000 319.652802 47143.292969
1020.958000 47370.000000 318.712158 47073.355469
1022.888000 47072.000000 325.358063 47100.687500
1024.816000 47281.000000 332.645996 47076.007812
1026.743800 47010.000000 330.068390 47075.277344
1028.671100 47385.000000 332.648621 47067.269531
1030.596600 47500.000000 339.675232 47099.890625
1032.521700 47257.000000 349.579926 47110.539062
1034.444900 47614.000000 353.388184 47099.101562
1036.366300 47519.000000 360.461365 47073.136719
1038.287400 47673.000000 371.796204 47081.886719
1040.208100 47350.000000 386.428436 47056.882812
1042.127000 47307.000000 394.681549 47045.832031
1044.043800 47455.000000 406.508636 47038.566406
1045.960400 47436.000000 424.810974 47082.765625
1047.876700 47637.000000 449.072571 47088.121094
1049.791000 47313.000000 469.474213 47097.835938
1051.705100 47609.000000 504.292908 47118.597656
1053.617300 47847.000000 556.597595 47174.769531
1055.527600 47825.000000 626.195007 47172.613281
1057.437500 47808.000000 712.839966 47172.261719
1059.347300 48238.000000 817.186035 47196.933594
1061.255000 48242.000000 972.898560 47326.277344
1063.162500 48350.000000 1222.589355 47459.585938
1065.068000 49181.000000 1642.974609 47615.628906
1066.971700 49698.000000 2274.614990 47761.722656
1068.875000 50922.000000 3205.928223 47921.621094
1070.778100 52374.000000 4413.385742 48044.062500
1072.679200 53653.000000 5554.925293 48005.703125
1074.580000 53795.000000 6000.375977 47857.816406
1076.479000 52888.000000 5363.597656 47797.382812
1078.377600 51441.000000 4127.759277 47691.207031
1080.274400 50360.000000 3026.786865 47600.746094
1082.169200 49573.000000 2216.339600 47434.070312
1084.065300 48613.000000 1688.754517 47312.816406
1085.958000 47930.000000 1348.209961 47151.031250
1087.850300 47298.000000 1093.408936 47065.691406
1089.742400 47617.000000 934.599731 47003.300781
1091.632600 47342.000000 828.865417 46958.640625
1093.522500 47296.000000 752.327942 46884.199219
1095.410400 47101.000000 687.875305 46787.527344
1097.298100 47117.000000 644.756348 46727.492188
1099.183800 47135.000000 621.403931 46701.597656
1101.069300 47256.000000 608.379944 46640.597656
1102.952900 46847.000000 596.273682 46586.007812
1104.834600 46930.000000 608.107483 46553.839844
1106.717700 47128.000000 628.208862 46540.792969
1108.597200 47035.000000 651.054077 46512.164062
1110.477900 46890.000000 667.873047 46467.960938
1112.355300 46937.000000 683.697327 46432.476562
1114.232300 46776.000000 704.402832 46445.773438
1116.109100 47018.000000 736.926819 46446.304688
1117.984000 47098.000000 764.290649 46379.769531
1119.858500 46695.000000 775.790161 46384.738281
1121.731300 46994.000000 794.296265 46404.906250
1123.603600 46923.000000 818.885193 46420.382812
1125.474100 47317.000000 850.886230 46360.925781
1127.344400 47421.000000 892.652222 46297.355469
1129.212600 46954.000000 942.132507 46272.609375
1131.080700 47072.000000 1008.185364 46242.386719
1132.946900 47084.000000 1087.090576 46218.785156
1134.812700 47315.000000 1158.521851 46236.226562
1136.676800 47164.000000 1250.443848 46273.871094
1138.540400 47345.000000 1357.885864 46300.273438
1140.402300 47941.000000 1491.398804 46295.667969
1142.263800 47820.000000 1638.795288 46313.753906
1144.123400 48224.000000 1829.098877 46379.429688
1145.982800 48444.000000 2073.027100 46463.273438
1147.841800 48486.000000 2425.403564 46545.472656
1149.697500 49490.000000 2799.095215 46653.355469
1151.554400 49725.000000 3225.830078 46784.113281
1153.407800 50249.000000 3672.614502 46923.156250
1155.262600 50733.000000 4202.704102 46973.851562
1157.115500 51544.000000 4690.920898 47013.796875
1158.966400 51747.000000 5129.702148 47056.453125
1160.817100 52379.000000 5414.565430 47087.703125
1162.666000 52491.000000 5602.063965 47027.476562
1164.514500 52140.000000 5505.083984 46912.519531
1166.361300 51615.000000 5290.488770 46880.910156
1168.207600 51495.000000 4939.297852 46860.910156
1170.052200 50678.000000 4650.072266 46815.328125
1171.896500 50599.000000 4450.551270 46745.671875
1173.740400 50537.000000 4355.750488 46741.792969
1175.580900 50801.000000 4330.639648 46715.781250
1177.422900 50914.000000 4466.906250 46558.582031
1179.262700 51452.000000 4736.389648 46469.843750
1181.100700 51431.000000 5251.387695 46354.140625
1182.938600 52267.000000 5950.842285 46294.679688
1184.774500 53026.000000 7119.242188 46220.714844
1186.610200 54542.000000 8338.004883 46282.460938
1188.444000 56016.000000 10026.521484 46620.417969
1190.277500 58348.000000 11963.642578 47121.500000
1192.110700 60912.000000 14534.893555 47570.750000
1193.942000 63369.000000 16953.898438 47969.789062
1195.771600 65613.000000 19366.892578 48053.601562
1197.600700 67139.000000 20707.423828 48072.144531
1199.428100 67687.000000 20831.083984 47755.746094
1201.255200 66815.000000 19804.783203 47541.757812
1203.082000 64888.000000 17623.632812 47348.343750
1204.907000 62163.000000 15169.853516 47241.281250
1206.730100 59678.000000 12798.441406 46905.031250
1208.552900 58063.000000 10910.625977 46850.347656
1210.373900 56878.000000 9716.763672 46747.890625
1212.194600 55916.000000 9090.520508 46533.804688
1214.015000 55757.000000 9128.556641 46396.527344
1215.833500 56138.000000 9394.719727 46533.144531
1217.650300 57175.000000 10329.397461 46735.230469
1219.466700 58834.000000 11683.009766 47119.199219
1221.281300 60942.000000 13976.470703 47657.843750
1223.095600 64041.000000 16610.337891 48339.125000
1224.909500 67305.000000 19990.966797 48889.187500
1226.721700 70285.000000 22752.441406 49267.750000
1228.532000 72202.000000 24914.003906 49277.089844
1230.342000 72939.000000 25499.792969 49239.062500
1232.151700 71926.000000 23965.562500 49085.398438
1233.959700 69557.000000 21458.705078 48908.304688
1235.765900 66760.000000 18020.468750 48381.597656
1237.571700 63219.000000 14914.072266 48314.105469
1239.377100 60266.000000 12282.424805 48306.593750
1241.180800 57951.000000 10313.412109 48193.656250
1242.982700 56385.000000 8933.757812 48104.984375
1244.784200 55600.000000 8038.295410 48237.878906
1246.585300 55095.000000 7631.067383 48327.996094
1248.384900 54771.000000 7536.119629 48248.402344
1250.182500 54997.000000 7970.152344 48063.226562
1251.979700 55724.000000 8519.313477 48127.902344
1253.776900 56927.000000 9605.505859 48131.421875
1255.572000 58377.000000 10890.404297 48184.667969
1257.365500 59749.000000 12989.823242 48242.914062
1259.160000 62853.000000 15279.226562 48332.007812
1260.951300 66758.000000 18904.699219 48641.398438
1262.742300 71157.000000 22980.488281 49111.453125
1264.533100 77814.000000 29443.816406 49843.179688
1266.322000 85134.000000 35923.574219 50851.875000
1268.109000 92208.000000 44042.718750 51001.367188
1269.895800 98774.000000 49951.808594 50723.527344
1271.682400 101560.000000 52550.031250 49938.445312
1273.466900 100408.000000 50395.105469 49760.984375
1275.251500 94697.000000 44345.207031 49333.347656
1277.033900 87220.000000 38053.996094 49290.148438
1278.814700 79814.000000 30831.019531 48812.878906
1280.595200 73448.000000 25327.302734 49199.105469
1282.375400 67731.000000 20479.214844 49640.035156
1284.153800 63709.000000 16929.183594 49396.859375
1285.931900 61121.000000 13725.825195 49458.707031
1287.708100 58810.000000 11570.099609 49883.511719
1289.482500 57134.000000 9464.340820 50042.453125
1291.256800 56194.000000 8136.694336 50045.496094
1293.030600 55072.000000 6822.948242 50097.394531
1294.802900 54800.000000 5828.184570 50381.097656
1296.574600 54316.000000 5030.624512 50401.984375
1298.344600 53799.000000 4525.067871 50298.972656
1300.114400 53488.000000 4156.247559 50260.960938
1301.882300 53510.000000 3885.505127 50340.609375
1303.648300 53575.000000 3746.946777 50376.269531
1305.415800 53551.000000 3702.468018 50299.414062
1307.179700 53680.000000 3731.802246 50225.785156
1308.943500 53910.000000 3852.548828 50311.273438
1310.707000 54014.000000 4078.163330 50410.550781
1312.468600 54054.000000 4407.359863 50423.675781
1314.230000 54795.000000 4900.625977 50405.621094
1315.989500 55088.000000 5349.118164 50548.171875
1317.748800 55974.000000 6054.903320 50756.210938
1319.506200 57135.000000 6951.594727 51043.867188
1321.263400 58761.000000 8485.494141 51274.035156
1323.018900 60070.000000 10244.499023 51610.863281
1324.774000 62939.000000 12491.794922 52182.324219
1326.527300 65564.000000 14913.528320 52710.585938
1328.278900 68550.000000 17892.207031 53146.566406
1330.031700 71084.000000 20510.343750 53416.832031
1331.781100 73524.000000 22778.855469 53408.539062
1333.531900 74387.000000 23410.861328 53333.738281
1335.279300 73317.000000 22198.957031 52994.562500
1337.027800 71372.000000 20012.833984 52777.406250
1338.773200 68093.000000 17047.160156 52577.359375
1340.518300 65020.000000 14147.343750 52491.171875
1342.263100 62672.000000 11497.248047 52162.066406
1344.006000 60193.000000 9486.295898 51909.601562
1345.748700 58783.000000 7914.290527 51796.144531
1347.489500 57670.000000 6698.398438 51626.429688
1349.230200 56570.000000 5696.381836 51515.949219
1350.969100 55889.000000 4881.798828 51578.535156
1352.707500 55880.000000 4342.361328 51567.699219
1354.445900 55624.000000 3971.999268 51454.496094
1356.180900 55371.000000 3832.077393 51292.210938
1357.917000 55073.000000 3800.040527 51303.007812
1359.649900 55168.000000 3951.409424 51281.714844
1361.384200 55359.000000 4239.284668 51211.859375
1363.115000 56054.000000 4827.814941 51188.605469
1364.847000 56494.000000 5507.482910 51355.582031
1366.577400 57540.000000 6635.600098 51620.058594
1368.305900 58742.000000 8061.334473 51997.316406
1370.034300 60735.000000 10221.765625 52456.015625
1371.760600 64155.000000 12890.263672 53033.496094
1373.486900 67014.000000 16292.576172 53677.867188
1375.211300 70509.000000 19217.080078 54073.718750
1376.935400 72589.000000 21062.353516 54029.832031
1378.657800 72807.000000 20849.730469 53868.992188
1380.380000 70728.000000 18519.031250 53723.640625
1382.100200 67550.000000 15566.770508 53611.542969
1383.820300 64106.000000 12166.216797 53166.578125
1385.540200 61603.000000 9376.127930 52961.210938
1387.256500 59249.000000 7231.600586 52866.683594
1388.974200 57849.000000 5582.553223 52624.453125
1390.690300 56337.000000 4349.493652 52485.628906
1392.404400 55974.000000 3470.475342 52488.183594
1394.118400 55086.000000 2856.137939 52496.105469
1395.830400 54707.000000 2445.101074 52364.710938
1397.542200 54455.000000 2158.118896 52225.359375
1399.252300 54262.000000 1952.668335 52193.250000
1400.962200 53956.000000 1812.606812 52138.261719
1402.671800 53942.000000 1716.300781 52026.250000
1404.379500 53668.000000 1650.363525 51974.613281
1406.085600 53622.000000 1605.182983 51975.242188
1407.791300 53575.000000 1558.911133 51973.679688
1409.495200 53508.000000 1548.196655 51899.613281
1411.199000 53842.000000 1530.836304 51879.636719
1412.902500 53643.000000 1520.892822 51865.402344
1414.604000 53817.000000 1520.136475 51852.953125
1416.304000 53812.000000 1554.729370 51769.160156
1418.003700 53372.000000 1587.329956 51772.781250
1419.701500 53573.000000 1592.400391 51741.066406
1421.399000 53295.000000 1599.092896 51743.695312
1423.096400 53229.000000 1630.590576 51687.539062
1424.792000 53249.000000 1672.410889 51713.945312
1426.485700 53297.000000 1721.395874 51758.828125
1428.179300 53196.000000 1791.564209 51838.125000
1429.871100 53725.000000 1891.727783 51831.523438
1431.562500 53918.000000 2020.911499 51856.730469
1433.253900 53938.000000 2123.822510 51874.523438
1434.943400 53967.000000 2256.157959 51938.933594
1436.631000 54251.000000 2436.030029 51903.242188
1438.318500 54167.000000 2703.345703 51901.289062
1440.005600 54586.000000 3025.964111 51920.148438
1441.691000 55044.000000 3482.824951 52060.375000
1443.374800 55720.000000 4077.389404 52189.488281
1445.058200 56567.000000 4894.950684 52303.617188
1446.741300 57735.000000 5779.339844 52492.476562
1448.422900 58801.000000 6969.606445 52831.550781
1450.102400 60359.000000 8386.333008 53193.648438
1451.781700 62379.000000 10399.660156 53429.945312
1453.460900 64460.000000 12493.306641 53770.578125
1455.138200 66637.000000 15005.926758 54280.875000
1456.813800 69679.000000 17247.648438 54674.882812
1458.489100 71890.000000 19750.019531 54872.976562
1460.164300 73879.000000 21568.371094 54963.992188
1461.837600 75326.000000 22913.339844 54953.464844
1463.509200 75430.000000 23033.269531 54968.234375
1465.180500 74809.000000 21926.552734 54684.421875
1466.851600 72953.000000 20190.281250 54516.046875
1468.520900 70243.000000 17791.996094 54370.687500
1470.189900 67975.000000 15218.276367 54232.277344
1471.857200 65415.000000 12535.932617 53893.472656
1473.522800 63086.000000 10376.410156 53596.585938
1475.188100 60938.000000 8604.943359 53421.246094
1476.853100 59255.000000 7179.809570 53098.847656
1478.516500 58168.000000 5903.489258 52852.664062
1480.178000 57207.000000 4878.096191 52780.117188
1481.839200 55925.000000 4132.990723 52696.671875
1483.500400 55605.000000 3586.656738 52501.406250
1485.159700 54836.000000 3190.934814 52320.632812
1486.818600 54609.000000 2831.312012 52245.035156
1488.476000 54033.000000 2567.736084 52152.332031
1490.131500 54071.000000 2375.309570 51979.949219
1491.788300 53791.000000 2227.508301 51889.492188
1493.441800 53704.000000 2126.768799 51873.109375
1495.095100 53627.000000 2049.412598 51843.351562
1496.748000 53548.000000 2017.085938 51760.007812
1498.399400 53713.000000 1984.411499 51765.781250
1500.050400 53448.000000 1924.869507 51787.417969
1501.699700 53407.000000 1896.805054 51823.246094
1503.347300 53965.000000 1905.759521 51776.578125
1504.996100 53665.000000 1912.465820 51816.375000
1506.641600 53190.000000 1933.052368 51867.375000
1508.287000 53579.000000 1978.696533 51943.355469
1509.932000 53837.000000 2057.316895 51937.765625
1511.575300 53628.000000 2155.945801 51977.789062
1513.218500 54283.000000 2260.900391 52011.523438
1514.859700 54122.000000 2399.019043 52094.882812
1516.500900 54303.000000 2588.439941 52091.953125
1518.140300 54907.000000 2861.281982 52112.906250
1519.777800 55153.000000 3158.445557 52147.183594
1521.416700 55526.000000 3584.398926 52280.851562
1523.052200 56414.000000 4144.816895 52384.472656
1524.689200 57051.000000 4940.448730 52455.390625
1526.322800 57624.000000 5806.626465 52591.460938
1527.956200 58986.000000 6965.686523 52877.304688
1529.589400 60275.000000 8382.192383 53253.230469
1531.220800 62274.000000 10443.696289 53488.003906
1532.851900 64814.000000 12598.025391 53863.507812
1534.481400 67693.000000 15309.864258 54453.562500
1536.110600 70223.000000 17811.855469 54942.820312
1537.738000 73195.000000 20773.003906 55295.566406
1539.365200 76396.000000 23190.666016 55497.562500
1540.990700 78338.000000 25555.529297 55495.976562
1542.616000 79356.000000 26718.136719 55603.750000
1544.239500 79512.000000 26655.816406 55395.398438
1545.862700 78926.000000 25614.900391 55222.207031
1547.484400 76747.000000 23455.281250 55115.261719
1549.105600 73745.000000 20931.771484 55095.562500
1550.725100 71216.000000 17877.273438 54732.046875
1552.344500 68034.000000 15227.708984 54510.609375
1553.962000 65459.000000 12772.595703 54446.554688
1555.579300 63488.000000 10704.298828 54144.781250
1557.195100 61437.000000 8721.622070 53855.839844
1558.810400 60112.000000 7165.888184 53727.523438
1560.424100 58687.000000 5969.401367 53587.390625
1562.037500 57349.000000 5034.833496 53334.902344
1563.649200 56825.000000 4192.048828 53118.300781
1565.260600 55772.000000 3485.026855 53012.121094
1566.870500 55341.000000 2969.394043 52888.605469
1568.479900 54838.000000 2581.403320 52672.605469
1570.089100 54764.000000 2289.846191 52541.066406
1571.695200 54144.000000 2057.470947 52519.933594
1573.302500 54248.000000 1880.281860 52439.226562
1574.906500 53813.000000 1724.079834 52298.281250
1576.511800 53644.000000 1558.579956 52246.894531
1578.115500 54061.000000 1432.079834 52211.828125
1579.717400 53499.000000 1329.808960 52202.433594
1581.319100 53221.000000 1248.880127 52103.289062
1582.919100 53519.000000 1142.711670 52068.554688
1584.518700 52901.000000 1059.816772 52060.554688
1586.116600 53003.000000 1003.423645 52056.437500
1587.714500 52873.000000 945.745605 51988.511719
1589.310500 52842.000000 870.760254 51985.566406
1590.906300 52535.000000 814.864380 51991.906250
1592.501800 52613.000000 772.063904 51994.464844
1594.095700 52510.000000 735.277832 51960.062500
1595.687900 52328.000000 682.130432 51974.054688
1597.279700 52563.000000 642.923218 51969.750000
1598.869900 52392.000000 613.796509 51985.332031
1600.459700 52588.000000 586.787048 51935.101562
1602.048100 52327.000000 547.846008 51959.089844
1603.636000 52178.000000 520.050232 51947.523438
1605.223900 52516.000000 499.107574 51953.097656
1606.809800 52084.000000 482.790131 51938.679688
1608.394200 51990.000000 451.437012 51977.687500
1609.978300 52105.000000 419.934998 51993.007812
1611.560700 52101.000000 398.476135 52012.578125
1613.142900 52524.000000 383.558685 51976.289062
1614.724700 52655.000000 364.528076 51995.871094
1616.304900 52430.000000 353.010620 51992.773438
1617.883500 52519.000000 344.396393 52015.519531
1619.461800 52487.000000 335.344971 51986.429688
1621.038300 52449.000000 317.453125 52002.433594
1622.614700 52756.000000 302.767029 51992.460938
1624.190800 52246.000000 293.966675 52028.527344
1625.765300 52466.000000 286.150055 51980.789062
1627.337900 52620.000000 272.985199 52007.960938
1628.910400 52296.000000 267.927216 52004.074219
1630.482700 52706.000000 265.793732 52015.687500
1632.053200 52563.000000 259.321869 51993.683594
1633.622100 52364.000000 241.133255 52029.117188
1635.190600 52377.000000 225.579315 52019.484375
1636.759000 52635.000000 217.708298 52025.523438
1638.325700 52672.000000 213.664795 51989.656250
1639.890700 52544.000000 207.619873 52014.175781
1641.455400 52374.000000 204.936005 51998.285156
1643.019900 52389.000000 202.929001 51997.085938
1644.582800 52328.000000 200.535629 51958.031250
1646.143900 52087.000000 194.404373 51978.820312
1647.704700 52311.000000 193.002304 51956.074219
1649.265500 52508.000000 193.907074 51951.960938
1650.824500 52241.000000 195.989807 51908.062500
1652.381600 52368.000000 191.827515 51916.621094
1653.938700 52227.000000 190.811188 51901.375000
1655.495500 52315.000000 191.731735 51899.167969
1657.050700 52272.000000 192.436066 51849.843750
1658.604100 51980.000000 190.003067 51857.789062
1660.157200 52167.000000 192.811508 51818.089844
1661.710200 52417.000000 195.061005 51813.828125
1663.261500 51665.000000 197.350189 51771.046875
1664.811200 51964.000000 192.356461 51765.375000
1666.361900 51866.000000 190.364151 51723.652344
1667.909700 52048.000000 190.924896 51668.687500
1669.457200 52114.000000 190.939896 51593.285156
1671.004300 51554.000000 185.457550 51582.726562
1672.549900 51551.000000 182.795715 51529.867188
1674.093600 51504.000000 180.355927 51492.726562
1675.637300 51478.000000 179.455902 51419.585938
1677.180800 51456.000000 176.462982 51389.402344
1678.722400 51858.000000 178.093552 51322.574219
1680.263900 51471.000000 180.007874 51285.542969
1681.803700 51262.000000 182.225983 51190.656250
1683.341800 51548.000000 178.522003 51162.046875
1684.881200 51231.000000 177.450958 51113.179688
1686.417500 51188.000000 177.088379 51083.410156
1687.953400 51275.000000 175.330124 51002.156250
1689.489100 51179.000000 170.590057 50964.296875
1691.023200 51199.000000 171.766495 50898.109375
1692.557100 51052.000000 173.460754 50870.863281
1694.089200 50874.000000 171.994461 50795.304688
1695.619800 50793.000000 162.738876 50762.187500
1697.151500 50838.000000 156.497467 50696.281250
1698.680200 50973.000000 153.104187 50646.726562
1700.208500 50645.000000 150.767715 50581.921875
1701.736600 50322.000000 147.070404 50550.378906
1703.263100 50931.000000 145.710953 50479.921875
1704.789300 50565.000000 145.251099 50428.675781
1706.314000 50568.000000 141.290115 50331.906250
1707.838100 50642.000000 130.461685 50316.402344
1709.361000 50157.000000 122.446487 50267.320312
1710.883300 50280.000000 118.375404 50224.453125
1712.404100 50476.000000 116.431435 50137.406250
1713.923100 50449.000000 116.080002 50093.433594
1715.443500 50255.000000 117.046288 50032.300781
1716.960700 49825.000000 118.430336 49997.406250
1718.479100 50240.000000 115.769859 49910.054688
1719.994500 50028.000000 109.479248 49868.445312
1721.509600 50124.000000 104.894302 49795.769531
1723.024400 49753.000000 103.199440 49772.621094
1724.537600 49822.000000 100.633163 49688.613281
1726.050700 50019.000000 97.101852 49661.335938
1727.561900 49858.000000 95.820084 49590.417969
1729.073000 49910.000000 96.297615 49565.601562
1730.582400 49685.000000 94.814484 49461.527344
1732.091700 50131.000000 91.227295 49411.039062
1733.599200 49621.000000 90.266922 49328.656250
1735.106600 49639.000000 91.215683 49291.070312
1736.612100 49174.000000 90.593933 49204.738281
1738.117600 49480.000000 90.026443 49166.257812
1739.621300 49395.000000 90.692734 49115.343750
1741.125000 48974.000000 92.939812 49111.945312
1742.626800 49211.000000 91.572983 49041.644531
1744.128400 49180.000000 88.331268 49009.011719
1745.628500 49414.000000 86.377556 48928.933594
1747.128300 49343.000000 86.443611 48893.832031
1748.626300 49070.000000 86.187843 48801.453125
1750.124300 49047.000000 84.797340 48792.644531
1751.620500 48794.000000 85.333847 48753.437500
1753.116600 48885.000000 87.948349 48763.660156
1754.612400 48864.000000 88.600693 48698.609375
1756.105100 48914.000000 86.938652 48674.652344
1757.599100 48899.000000 85.513382 48604.062500
1759.091300 48811.000000 85.350784 48597.054688
1760.582000 48764.000000 85.075249 48530.003906
1762.072400 48945.000000 84.562553 48493.750000
1763.561000 48622.000000 85.516777 48423.527344
1765.049600 48260.000000 87.286514 48452.902344
1766.536500 48703.000000 87.472061 48418.812500
1768.023200 48448.000000 85.623184 48411.542969
1769.508100 48373.000000 84.215714 48340.046875
1770.992900 48538.000000 83.798515 48342.226562
1772.477500 48533.000000 83.623123 48288.699219
1773.959000 48472.000000 81.664391 48284.203125
1775.441700 48178.000000 81.312790 48223.695312
1776.922700 48187.000000 82.392357 48254.902344
1778.402100 48476.000000 83.299110 48214.304688
1779.881300 48282.000000 82.014977 48203.085938
1781.358900 48039.000000 81.729019 48135.816406
1782.836200 48073.000000 82.135269 48170.246094
1784.311900 48336.000000 82.728531 48145.511719
1785.787400 48277.000000 80.626266 48145.171875
1787.262600 48156.000000 80.898422 48078.207031
1788.736200 48208.000000 81.548706 48114.003906
1790.208300 48127.000000 82.793839 48101.117188
1791.679800 48486.000000 80.809700 48091.703125
1793.150000 48064.000000 80.584969 48018.945312
1794.619900 48196.000000 80.351822 48023.542969
1796.089600 48168.000000 80.744354 47981.351562
1797.557600 47954.000000 78.584946 47984.710938
1799.023900 47861.000000 77.830391 47923.765625
1800.490100 48037.000000 77.622009 47933.710938
1801.954600 47848.000000 78.516724 47896.437500
1803.418900 47944.000000 76.220894 47877.257812
1804.883100 47477.000000 76.161728 47816.269531
1806.345500 47928.000000 76.126511 47828.566406
1807.806400 47675.000000 77.289322 47791.843750
1809.266800 47697.000000 75.324982 47787.730469
1810.727400 47571.000000 76.061592 47736.664062
1812.186000 47733.000000 77.771385 47761.316406
1813.643300 47611.000000 79.762672 47745.742188
1815.100100 47919.000000 77.842575 47740.253906
1816.556800 47623.000000 77.289810 47684.140625
1818.010400 47569.000000 76.063187 47718.777344
1819.465300 47709.000000 75.615219 47705.675781
1820.918500 47824.000000 72.271378 47696.562500
1822.370100 47447.000000 72.222198 47640.003906
1823.821400 47946.000000 72.302750 47651.894531
1825.272600 47650.000000 72.977524 47619.800781
1826.722200 47564.000000 70.450386 47604.156250
1828.169900 47566.000000 70.114349 47544.894531
1829.617600 47525.000000 70.052162 47566.707031
1831.065200 47561.000000 69.744553 47538.878906
1832.511000 47342.000000 67.060097 47534.679688
1833.956500 47439.000000 66.616524 47489.183594
1835.400500 47584.000000 66.908188 47494.355469
1836.842900 47752.000000 68.161621 47444.421875
1838.285200 47420.000000 66.302475 47405.519531
1839.727100 47206.000000 66.938927 47353.621094
1841.167400 47492.000000 67.407150 47374.078125
1842.606100 47312.000000 68.678497 47336.675781
1844.044400 47183.000000 67.422249 47305.082031
1845.482800 47163.000000 69.720200 47275.757812
1846.919400 47405.000000 72.050583 47293.109375
1848.356000 47143.000000 73.767288 47283.816406
1849.790800 47352.000000 71.525833 47279.230469
1851.224000 47539.000000 71.471794 47225.421875
1852.656900 47227.000000 71.980576 47249.644531
1854.089700 47385.000000 73.178856 47235.402344
1855.520800 47265.000000 71.219910 47250.167969
1856.951800 47083.000000 71.372887 47262.246094
1858.381100 47458.000000 71.052948 47314.726562
1859.808700 47518.000000 72.062088 47323.117188
1861.236300 47711.000000 69.198006 47291.703125
1862.663500 47326.000000 67.780678 47260.750000
1864.089100 47181.000000 65.903419 47361.242188
1865.514600 47528.000000 64.491730 47380.035156
1866.938500 47409.000000 61.918068 47405.121094
1868.360700 47578.000000 64.722198 47367.656250
1869.784200 47693.000000 68.759529 47406.722656
1871.204500 47336.000000 71.880875 47402.863281
1872.624600 47096.000000 69.625290 47461.058594
1874.044700 47846.000000 66.523758 47448.230469
1875.463000 47587.000000 65.365089 47442.542969
1876.881200 47694.000000 66.302345 47428.570312
1878.297700 47542.000000 67.484413 47444.894531
1879.714100 47642.000000 70.166084 47433.312500
1881.128800 47691.000000 71.396515 47501.582031
1882.541900 47599.000000 70.809830 47473.585938
1883.956200 47862.000000 66.171913 47351.492188
1885.367400 48011.000000 60.192848 47120.113281
1886.778600 47789.000000 67.235291 46941.414062
1888.189500 48092.000000 93.477036 46990.257812
