Raman_Shift Original_Spectrum Predicted_Raman Predicted_Baseline
294.894650 26569.000000 118.913429 26252.351562
297.232540 26556.000000 134.590973 26009.375000
299.568300 26517.000000 131.539658 26050.798828
301.905240 26472.000000 121.175377 26303.810547
304.238400 26555.000000 124.417015 26522.042969
306.571040 26329.000000 121.668800 26480.546875
308.903260 26719.000000 114.895813 26479.521484
311.233340 26821.000000 107.493576 26496.761719
313.562930 26538.000000 106.717422 26437.195312
315.890440 26664.000000 107.234253 26398.933594
318.215790 26461.000000 113.353806 26421.019531
320.540680 26456.000000 120.556030 26421.660156
322.865110 26518.000000 122.889023 26442.763672
325.187410 26348.000000 123.634239 26414.214844
327.509250 26582.000000 126.415062 26424.744141
329.828920 26572.000000 129.682251 26434.246094
332.148160 26615.000000 134.365982 26484.933594
334.465270 26745.000000 135.679947 26526.234375
336.781950 26759.000000 139.410858 26575.416016
339.096470 26757.000000 144.500275 26592.515625
341.408870 26825.000000 148.236282 26646.896484
343.722530 26870.000000 153.293854 26670.148438
346.032350 26984.000000 160.693436 26730.089844
348.341740 26962.000000 170.684708 26755.070312
350.650670 27132.000000 185.568237 26840.992188
352.957460 27078.000000 210.026077 26933.689453
355.263760 27242.000000 242.987747 27039.613281
357.568020 27396.000000 286.556671 27102.517578
359.871800 27609.000000 337.456543 27216.441406
362.173430 27810.000000 396.567444 27306.048828
364.474640 28158.000000 471.584076 27405.931641
366.773710 28207.000000 578.395935 27454.960938
369.072360 28204.000000 724.080505 27579.861328
371.368870 28392.000000 913.447449 27673.771484
373.664920 28663.000000 1135.013184 27776.660156
375.958890 28926.000000 1396.666748 27833.916016
378.252380 29122.000000 1681.960693 27950.201172
380.543790 29360.000000 1953.073853 28021.367188
382.834750 29729.000000 2170.824463 28113.554688
385.123570 29800.000000 2272.989990 28125.533203
387.411960 29971.000000 2209.041016 28163.613281
389.698210 30034.000000 1984.613525 28132.626953
391.984070 29841.000000 1680.674438 28156.699219
394.267790 29373.000000 1343.991211 28125.056641
396.551060 29063.000000 1036.118774 28126.699219
398.832210 28654.000000 805.352539 28096.394531
401.112950 28500.000000 654.447632 28092.031250
403.391570 28462.000000 540.789246 28032.343750
405.669770 28232.000000 454.061127 28004.335938
407.945860 28328.000000 396.621948 27971.341797
410.221470 28060.000000 355.392212 27953.017578
412.495030 28065.000000 324.338196 27897.675781
414.768100 27963.000000 298.684875 27881.320312
417.039090 27889.000000 282.296936 27867.562500
419.309630 27907.000000 277.934753 27869.630859
421.579740 27851.000000 282.819489 27832.875000
423.846100 27966.000000 290.683838 27828.341797
426.113680 27972.000000 307.135864 27819.390625
428.377470 28015.000000 332.691650 27830.214844
430.642520 27817.000000 371.308655 27805.443359
432.905460 28155.000000 412.540192 27816.773438
435.166320 28260.000000 474.216553 27837.345703
437.426700 28326.000000 566.999634 27877.230469
439.685060 28416.000000 738.304077 27911.316406
441.942900 28897.000000 1039.313965 27998.466797
444.198730 29450.000000 1471.846924 28072.103516
446.454070 30007.000000 1998.830078 28132.109375
448.708980 30387.000000 2312.479980 28080.533203
450.961820 30343.000000 2207.322998 28082.929688
453.212550 29811.000000 1747.500977 28060.011719
455.462890 29295.000000 1280.945068 28090.494141
457.711120 28844.000000 930.595581 28034.722656
459.958920 28417.000000 711.094421 28012.740234
462.204590 28432.000000 604.957886 27973.253906
464.449890 28330.000000 545.712402 27948.134766
466.694760 28312.000000 512.579712 27894.416016
468.937500 27962.000000 493.174316 27871.417969
471.178160 28185.000000 489.609131 27839.125000
473.418460 28125.000000 490.398773 27828.013672
475.656620 27996.000000 513.402893 27788.896484
477.894380 28262.000000 543.271423 27763.035156
480.131680 28114.000000 558.578491 27754.326172
482.366910 28027.000000 574.914856 27759.591797
484.600040 28265.000000 603.189331 27716.664062
486.832790 28311.000000 642.832458 27691.548828
489.063450 28654.000000 702.151978 27656.255859
491.293670 28499.000000 782.805725 27630.173828
493.523500 28492.000000 902.566040 27574.242188
495.751190 28851.000000 1085.226807 27552.035156
497.976840 29056.000000 1301.999146 27593.468750
500.202090 29342.000000 1628.918213 27690.824219
502.426910 29834.000000 2098.822754 27821.056641
504.649660 30849.000000 2872.048584 28024.748047
506.870270 32008.000000 4093.448730 28271.310547
509.090550 33505.000000 5776.618164 28500.132812
511.310360 34937.000000 7284.895996 28540.558594
513.528140 35836.000000 8026.328125 28433.812500
515.743770 35215.000000 7496.568848 28277.164062
517.959110 33903.000000 6169.157227 28165.646484
520.173890 32408.000000 4701.012695 28046.802734
522.386660 31020.000000 3400.313721 27846.021484
524.597410 30034.000000 2472.972168 27647.048828
526.807740 29178.000000 1876.836548 27546.849609
529.017580 28798.000000 1483.262085 27408.867188
531.225400 28345.000000 1207.504028 27321.720703
533.431210 28110.000000 1009.487122 27274.875000
535.636470 27944.000000 891.483276 27240.466797
537.841430 27667.000000 807.640259 27176.105469
540.044310 27724.000000 748.265198 27100.392578
542.245120 27806.000000 713.653931 27073.171875
544.445500 27719.000000 695.655151 27068.337891
546.645450 27617.000000 692.021790 27029.556641
548.843380 27581.000000 699.358704 27027.800781
551.040830 27671.000000 697.097412 27032.728516
553.236330 27637.000000 703.716919 27043.855469
555.429690 27720.000000 727.697021 27010.375000
557.622680 27971.000000 778.699707 27007.984375
559.815250 28059.000000 875.799011 27044.751953
562.005800 28224.000000 1029.000000 27149.076172
564.195920 28388.000000 1347.558472 27296.902344
566.383910 29278.000000 1956.376343 27478.695312
568.569950 30870.000000 2876.361816 27632.173828
570.755550 31883.000000 3814.439941 27595.863281
572.940730 31927.000000 3951.754639 27475.439453
575.123900 30711.000000 3178.924072 27399.041016
577.306640 29442.000000 2146.637207 27311.941406
579.487300 28655.000000 1473.956543 27263.203125
581.665950 28129.000000 1120.614990 27117.044922
583.844120 27901.000000 955.633301 27022.556641
586.021970 27810.000000 901.124207 26960.800781
588.197750 27784.000000 893.752441 26925.828125
590.373170 27799.000000 918.175293 26863.023438
592.546450 27900.000000 942.155151 26810.505859
594.719420 27792.000000 969.696899 26775.087891
596.890260 27929.000000 1007.550598 26746.437500
599.059140 27569.000000 1060.118408 26704.318359
601.229190 27781.000000 1141.479736 26676.517578
603.395570 27952.000000 1181.798950 26656.462891
605.561580 27926.000000 1228.915283 26662.916016
607.727170 28112.000000 1291.368896 26648.939453
609.890750 28150.000000 1368.684326 26648.830078
612.053960 28227.000000 1483.085205 26666.076172
614.215030 28406.000000 1626.134644 26720.685547
616.375790 28672.000000 1822.370361 26713.744141
618.534480 28663.000000 2085.921875 26705.093750
620.692750 29033.000000 2372.760254 26708.642578
622.849000 29473.000000 2751.033691 26768.675781
625.004820 29489.000000 3210.830322 26795.705078
627.158750 30234.000000 3896.949219 26784.390625
629.310490 30698.000000 4505.127441 26806.681641
631.463560 31424.000000 5379.570312 26866.398438
633.612920 32203.000000 6358.421875 27024.607422
635.763490 33666.000000 7939.880371 27082.601562
637.910460 35194.000000 9414.790039 27201.164062
640.058650 37424.000000 11798.337891 27436.974609
642.203190 40571.000000 14138.737305 27779.724609
644.348880 44763.000000 17975.054688 28389.697266
646.491030 49543.000000 21952.316406 28949.470703
648.634400 54863.000000 27713.759766 29259.462891
650.774050 60007.000000 32645.355469 29349.160156
652.914980 64237.000000 36478.972656 28811.742188
655.052250 65212.000000 36300.664062 28528.152344
657.190730 62202.000000 32198.894531 28122.513672
659.325620 57075.000000 27859.503906 27924.923828
661.461730 51984.000000 23037.908203 27418.429688
663.594180 47092.000000 19436.191406 27622.160156
665.727910 43114.000000 16154.057617 28018.138672
667.857910 40073.000000 13680.135742 27881.082031
669.989200 37817.000000 11257.322266 27907.355469
672.118470 36006.000000 9599.513672 28132.449219
674.245670 34441.000000 7950.551758 28167.005859
676.372560 33403.000000 6870.240723 28095.785156
678.497380 32757.000000 5656.916504 27992.863281
680.621830 31943.000000 4737.941406 28086.175781
682.744320 31278.000000 3906.339844 28022.451172
684.866390 30764.000000 3387.299316 27834.310547
686.986450 30384.000000 2973.396973 27728.435547
689.106080 30250.000000 2635.453125 27720.425781
691.223750 30026.000000 2419.361816 27675.464844
693.341000 29787.000000 2282.962158 27548.361328
695.457820 29652.000000 2188.230713 27496.046875
697.571110 29731.000000 2159.510010 27541.070312
699.685610 29716.000000 2250.840576 27573.634766
701.798100 30096.000000 2426.070801 27599.574219
703.908570 30499.000000 2763.648193 27652.136719
706.018620 30870.000000 3243.158203 27762.273438
708.126770 31160.000000 3815.376465 27822.533203
710.234380 31537.000000 4201.782227 27747.326172
712.340150 31656.000000 4247.060547 27694.794922
714.445430 31383.000000 3831.746094 27641.306641
716.550350 30384.000000 3178.616699 27641.277344
718.653260 29498.000000 2491.862793 27518.160156
720.754270 29016.000000 1949.857178 27437.035156
722.854800 28419.000000 1568.553589 27326.324219
724.953370 28167.000000 1302.766357 27251.916016
727.051570 27813.000000 1110.426270 27124.007812
729.149350 27556.000000 941.934570 27046.648438
731.243530 27555.000000 824.776489 27007.464844
733.338990 27489.000000 733.421326 26974.419922
735.432370 27408.000000 653.921326 26899.769531
737.523800 27346.000000 603.539856 26840.357422
739.614870 27328.000000 571.242065 26812.873047
741.705570 27219.000000 541.282532 26797.437500
743.792600 27032.000000 514.879761 26737.074219
745.880920 26997.000000 485.552399 26710.058594
747.967220 27100.000000 466.566254 26690.000000
750.051570 26944.000000 452.213531 26690.439453
752.135500 26967.000000 438.588623 26646.808594
754.219120 26942.000000 407.345734 26636.234375
756.300720 26984.000000 383.991150 26633.625000
758.380310 26902.000000 368.888031 26639.726562
760.459530 26875.000000 357.230652 26611.773438
762.538390 26706.000000 330.805206 26620.771484
764.615300 26910.000000 307.859528 26613.646484
766.690190 26899.000000 292.055237 26617.429688
768.764710 26849.000000 282.525238 26590.544922
770.838810 26939.000000 273.949738 26598.869141
772.909360 26782.000000 266.495300 26602.050781
774.981140 26694.000000 259.898682 26603.000000
777.050960 26913.000000 259.261047 26573.638672
779.120420 26865.000000 258.352112 26580.990234
781.187870 26827.000000 262.303162 26574.376953
783.253420 26613.000000 268.027405 26581.662109
785.318480 26710.000000 271.964355 26547.458984
787.383240 26779.000000 260.314392 26552.500000
789.445980 26725.000000 250.579620 26548.994141
791.506770 26667.000000 243.027512 26555.289062
793.567260 26657.000000 242.717194 26529.048828
795.627260 26754.000000 239.889069 26541.687500
797.685360 26680.000000 238.938690 26536.607422
799.741520 26647.000000 239.352097 26544.966797
801.797240 26786.000000 241.974518 26511.439453
803.852600 26805.000000 231.973755 26522.324219
805.906010 26486.000000 226.237869 26518.666016
807.959050 26661.000000 222.278397 26515.085938
810.010130 26556.000000 222.448334 26495.156250
812.059200 26482.000000 220.478149 26495.773438
814.107970 26719.000000 222.608353 26480.296875
816.156370 26567.000000 224.010590 26482.621094
818.202760 26559.000000 224.876755 26452.958984
820.247190 26450.000000 214.017975 26462.650391
822.292850 26521.000000 209.780487 26446.710938
824.335020 26722.000000 208.587738 26440.714844
826.376770 26562.000000 211.599091 26408.853516
828.418090 26531.000000 207.790237 26404.791016
830.457520 26458.000000 206.365524 26376.916016
832.496640 26496.000000 205.550659 26359.406250
834.533690 26425.000000 205.891312 26323.498047
836.568910 26217.000000 199.173355 26315.919922
838.603700 26280.000000 196.473602 26286.009766
840.638060 26310.000000 193.944733 26264.519531
842.670530 26290.000000 189.133514 26229.644531
844.702640 26097.000000 174.116180 26221.375000
846.732790 26262.000000 163.034424 26184.076172
848.762570 26352.000000 156.382996 26162.609375
850.790470 26181.000000 155.058090 26123.421875
852.816350 26207.000000 152.154724 26120.230469
854.843440 26078.000000 151.380859 26079.039062
856.867070 26213.000000 151.396439 26044.660156
858.890200 26268.000000 151.630173 25983.056641
860.913150 26175.000000 146.912857 25964.179688
862.934020 25842.000000 143.712494 25926.589844
864.954530 25876.000000 141.120132 25900.572266
866.973140 25942.000000 137.712433 25852.166016
868.991390 25797.000000 132.529602 25826.812500
871.007690 26053.000000 131.429352 25781.425781
873.023620 25973.000000 131.080078 25758.812500
875.037660 25754.000000 130.069229 25701.009766
877.051270 25942.000000 121.360184 25684.550781
879.062990 25897.000000 112.387146 25663.134766
881.074340 25854.000000 106.754295 25660.757812
883.083740 25806.000000 104.178505 25589.523438
885.092770 25985.000000 102.128922 25561.853516
887.099850 25837.000000 104.061462 25508.283203
889.104980 25956.000000 107.193993 25484.873047
891.111450 25566.000000 109.357040 25420.845703
893.114260 25618.000000 107.232986 25390.927734
895.118410 25679.000000 104.599464 25337.046875
897.119020 25615.000000 104.659729 25306.455078
899.120790 25497.000000 105.833054 25231.453125
901.119080 25436.000000 104.939674 25191.919922
903.118650 25430.000000 106.893700 25136.974609
905.114620 25330.000000 110.969193 25103.546875
907.111880 25267.000000 115.021194 25021.292969
909.107180 25154.000000 116.052780 24977.248047
911.100520 25150.000000 116.266617 24928.560547
913.093630 24914.000000 117.966942 24917.908203
915.084660 25039.000000 120.175880 24857.802734
917.075380 25021.000000 122.250809 24816.134766
919.064210 24972.000000 126.217697 24760.052734
921.052730 24841.000000 131.447205 24744.792969
923.039310 24962.000000 133.931274 24685.240234
925.025450 24778.000000 131.594498 24654.421875
927.009770 24717.000000 130.138626 24608.033203
928.993650 24660.000000 132.997604 24614.371094
930.975590 24705.000000 137.341125 24567.925781
932.957280 24655.000000 142.677490 24531.988281
934.937010 24636.000000 150.211517 24484.964844
936.916380 24654.000000 159.173309 24488.251953
938.895390 24637.000000 168.345856 24440.609375
940.870970 24523.000000 176.662964 24419.236328
942.847660 24578.000000 189.159409 24385.613281
944.822510 24557.000000 207.158524 24400.910156
946.795470 24513.000000 232.926483 24361.328125
948.768010 24554.000000 265.796631 24354.312500
950.738710 24493.000000 302.840637 24366.937500
952.708980 24567.000000 350.119873 24440.806641
954.677310 24666.000000 414.417236 24471.912109
956.645390 25005.000000 508.866455 24496.369141
958.613160 25243.000000 642.447266 24521.259766
960.578920 25501.000000 862.372437 24617.541016
962.542720 25996.000000 1233.461548 24684.750000
964.506290 26624.000000 1886.015869 24845.513672
966.467960 27692.000000 2938.828613 25051.154297
968.429260 29362.000000 4449.568359 25214.138672
970.390140 30785.000000 5761.409180 25227.332031
972.347660 31329.000000 6164.241211 25199.490234
974.306270 30156.000000 5303.045898 25106.818359
976.263060 28508.000000 3792.889160 24931.439453
978.218020 26933.000000 2463.004150 24799.640625
980.172490 25929.000000 1609.079834 24653.529297
982.125120 25432.000000 1107.880981 24482.751953
984.077390 25121.000000 814.420715 24429.433594
986.029360 24628.000000 628.728088 24344.566406
987.979370 24609.000000 495.024475 24257.923828
989.927490 24440.000000 409.944916 24203.576172
991.875310 24272.000000 354.733185 24181.900391
993.822750 24119.000000 312.846863 24128.789062
995.768370 24183.000000 277.441101 24066.986328
997.711980 24122.000000 252.049469 23995.449219
999.655270 23951.000000 236.573730 23958.216797
1001.596700 23897.000000 227.206009 23927.421875
1003.537700 24006.000000 214.856903 23905.972656
1005.478600 23691.000000 205.932281 23869.892578
1007.417400 23896.000000 202.022980 23859.207031
1009.354300 23961.000000 200.514191 23827.994141
1011.291000 23870.000000 192.534271 23781.056641
1013.227200 23660.000000 186.337234 23741.123047
1015.161600 23879.000000 184.127319 23743.941406
1017.094100 23716.000000 182.788010 23730.589844
1019.026200 23761.000000 178.138397 23698.972656
1020.958000 23745.000000 177.884338 23654.544922
1022.888000 23620.000000 181.264786 23665.679688
1024.816000 23710.000000 185.627228 23649.869141
1026.743800 23611.000000 185.145767 23634.089844
1028.671100 23735.000000 187.979889 23615.998047
1030.596600 23756.000000 192.345551 23640.830078
1032.521700 23708.000000 197.480042 23647.912109
1034.444900 23696.000000 198.664597 23649.431641
1036.366300 23877.000000 201.620560 23639.699219
1038.287400 24014.000000 208.157913 23643.027344
1040.208100 23798.000000 217.449661 23626.111328
1042.127000 23686.000000 224.138885 23625.896484
1044.043800 23857.000000 233.926666 23624.283203
1045.960400 23807.000000 247.263824 23660.197266
1047.876700 23852.000000 265.147400 23662.654297
1049.791000 23819.000000 285.139282 23668.347656
1051.705100 23952.000000 314.982513 23678.310547
1053.617300 23965.000000 356.004333 23720.312500
1055.527600 23931.000000 410.824799 23730.308594
1057.437500 24071.000000 481.101471 23748.449219
1059.347300 24308.000000 570.283264 23786.003906
1061.255000 24420.000000 704.923706 23891.179688
1063.162500 24586.000000 914.964966 23976.011719
1065.068000 24964.000000 1252.240479 24081.982422
1066.971700 25508.000000 1732.755493 24190.015625
1068.875000 26247.000000 2389.593994 24290.720703
1070.778100 27176.000000 3036.617676 24304.462891
1072.679200 27519.000000 3351.097168 24266.335938
1074.580000 27083.000000 3121.759766 24167.849609
1076.479000 26324.000000 2505.672363 24122.416016
1078.377600 25573.000000 1842.091064 24092.789062
1080.274400 25035.000000 1355.649902 24023.669922
1082.169200 24758.000000 1029.704346 23913.718750
1084.065300 24385.000000 822.193054 23860.939453
1085.958000 24108.000000 680.501160 23782.318359
1087.850300 23897.000000 562.834839 23732.931641
1089.742400 24022.000000 486.488861 23694.832031
1091.632600 23859.000000 435.067688 23656.892578
1093.522500 23819.000000 396.130066 23606.650391
1095.410400 23747.000000 361.019165 23545.560547
1097.298100 23664.000000 336.449219 23504.048828
1099.183800 23642.000000 323.670135 23495.515625
1101.069300 23714.000000 317.284271 23463.734375
1102.952900 23542.000000 308.758881 23437.056641
1104.834600 23636.000000 311.745270 23416.490234
1106.717700 23690.000000 320.503235 23417.658203
1108.597200 23628.000000 327.637146 23395.449219
1110.477900 23519.000000 327.521515 23375.730469
1112.355300 23625.000000 327.940216 23363.789062
1114.232300 23525.000000 333.386993 23373.628906
1116.109100 23570.000000 342.477722 23370.000000
1117.984000 23645.000000 348.727783 23337.931641
1119.858500 23506.000000 355.077942 23334.144531
1121.731300 23679.000000 364.725830 23334.960938
1123.603600 23604.000000 373.624969 23334.482422
1125.474100 23658.000000 382.320496 23302.986328
1127.344400 23826.000000 396.515747 23269.812500
1129.212600 23629.000000 414.615479 23261.416016
1131.080700 23727.000000 435.383728 23245.041016
1132.946900 23655.000000 453.196228 23221.703125
1134.812700 23703.000000 469.640198 23223.300781
1136.676800 23763.000000 491.801117 23227.671875
1138.540400 23711.000000 521.582703 23238.119141
1140.402300 23911.000000 560.658081 23203.251953
1142.263800 23701.000000 602.248962 23211.654297
1144.123400 23967.000000 650.927246 23231.398438
1145.982800 23905.000000 716.046326 23248.505859
1147.841800 23942.000000 806.299744 23242.203125
1149.697500 24332.000000 897.695679 23282.664062
1151.554400 24347.000000 1027.695312 23346.945312
1153.407800 24463.000000 1216.982788 23429.179688
1155.262600 24725.000000 1520.860596 23498.189453
1157.115500 25391.000000 1955.240479 23596.296875
1158.966400 25948.000000 2597.913574 23696.550781
1160.817100 26915.000000 3267.591553 23774.046875
1162.666000 27479.000000 3680.522217 23734.410156
1164.514500 27276.000000 3506.135254 23662.347656
1166.361300 26523.000000 3003.276123 23621.482422
1168.207600 25983.000000 2464.164307 23597.001953
1170.052200 25423.000000 2150.628174 23595.685547
1171.896500 25317.000000 2004.956055 23564.335938
1173.740400 25270.000000 1962.560791 23584.648438
1175.580900 25438.000000 2010.552490 23588.453125
1177.422900 25578.000000 2154.529297 23535.289062
1179.262700 25856.000000 2362.283203 23512.339844
1181.100700 26195.000000 2717.522217 23477.072266
1182.938600 26543.000000 3181.733643 23473.910156
1184.774500 27104.000000 3915.095215 23442.492188
1186.610200 28083.000000 4674.214844 23505.714844
1188.444000 28858.000000 5695.738281 23739.232422
1190.277500 30220.000000 6804.540527 24057.492188
1192.110700 31684.000000 8256.476562 24317.308594
1193.942000 33099.000000 9570.170898 24527.953125
1195.771600 34336.000000 10887.017578 24571.396484
1197.600700 35138.000000 11623.752930 24580.982422
1199.428100 35390.000000 11767.167969 24399.029297
1201.255200 35174.000000 11298.324219 24257.861328
1203.082000 34253.000000 10198.003906 24171.207031
1204.907000 32795.000000 8894.674805 24122.683594
1206.730100 31425.000000 7572.916504 23922.083984
1208.552900 30306.000000 6479.817383 23881.951172
1210.373900 29764.000000 5770.189453 23849.730469
1212.194600 29157.000000 5359.594727 23725.531250
1214.015000 29196.000000 5338.710449 23621.365234
1215.833500 29199.000000 5452.416992 23686.910156
1217.650300 30027.000000 6023.194824 23810.998047
1219.466700 30842.000000 6834.682129 24079.781250
1221.281300 32226.000000 8297.791992 24446.115234
1223.095600 34383.000000 10089.814453 24914.673828
1224.909500 36685.000000 12540.122070 25296.968750
1226.721700 38908.000000 14599.322266 25535.390625
1228.532000 40251.000000 16038.458008 25454.603516
1230.342000 40225.000000 15980.929688 25312.285156
1232.151700 38907.000000 14220.193359 25114.117188
1233.959700 36651.000000 12057.917969 24929.787109
1235.765900 34402.000000 9588.973633 24614.625000
1237.571700 32163.000000 7623.080566 24631.119141
1239.377100 30719.000000 6149.813477 24672.591797
1241.180800 29509.000000 5125.690918 24618.271484
1242.982700 28713.000000 4429.402832 24615.625000
1244.784200 28419.000000 4021.053467 24718.333984
1246.585300 28173.000000 3871.446533 24780.253906
1248.384900 28138.000000 3896.357910 24749.212891
1250.182500 28389.000000 4260.870117 24647.976562
1251.979700 28597.000000 4665.807129 24692.625000
1253.776900 29557.000000 5385.494141 24717.517578
1255.572000 30307.000000 6222.524414 24781.658203
1257.365500 31254.000000 7542.000000 24807.828125
1259.160000 33246.000000 8946.321289 24860.671875
1260.951300 35670.000000 11283.599609 25054.773438
1262.742300 38793.000000 14032.687500 25407.175781
1264.533100 43109.000000 18438.712891 25904.318359
1266.322000 47947.000000 22718.785156 26565.884766
1268.109000 52256.000000 27910.687500 26567.353516
1269.895800 56110.000000 31264.050781 26266.103516
1271.682400 57325.000000 31989.144531 25741.701172
1273.466900 56130.000000 30226.582031 25586.089844
1275.251500 52378.000000 26321.171875 25196.921875
1277.033900 47750.000000 22439.082031 25141.148438
1278.814700 43226.000000 18156.736328 24841.833984
1280.595200 39267.000000 14903.664062 25054.025391
1282.375400 35909.000000 12053.964844 25336.031250
1284.153800 33356.000000 9917.912109 25190.660156
1285.931900 31582.000000 7921.174316 25205.773438
1287.708100 30518.000000 6631.364746 25466.117188
1289.482500 29321.000000 5379.122070 25559.078125
1291.256800 28864.000000 4618.107422 25557.734375
1293.030600 28326.000000 3830.047607 25581.880859
1294.802900 28131.000000 3276.407715 25750.630859
1296.574600 28096.000000 2845.219238 25758.412109
1298.344600 27614.000000 2578.413086 25696.197266
1300.114400 27556.000000 2411.911865 25662.138672
1301.882300 27506.000000 2294.133301 25708.341797
1303.648300 27683.000000 2246.315918 25729.927734
1305.415800 27668.000000 2260.956787 25694.750000
1307.179700 27851.000000 2317.137451 25658.416016
1308.943500 27977.000000 2431.744629 25710.734375
1310.707000 28114.000000 2623.909668 25773.990234
1312.468600 28113.000000 2886.378418 25785.169922
1314.230000 28675.000000 3269.156738 25769.800781
1315.989500 28933.000000 3603.776855 25862.382812
1317.748800 29432.000000 4105.738281 25998.335938
1319.506200 30191.000000 4727.097656 26209.755859
1321.263400 31247.000000 5777.095703 26397.042969
1323.018900 32369.000000 6917.306152 26632.789062
1324.774000 33882.000000 8342.520508 27010.779297
1326.527300 35475.000000 9780.687500 27351.943359
1328.278900 37285.000000 11502.297852 27569.601562
1330.031700 38607.000000 12862.820312 27681.937500
1331.781100 39699.000000 13859.187500 27671.623047
1333.531900 39975.000000 13898.073242 27614.648438
1335.279300 39254.000000 13002.701172 27385.935547
1337.027800 37946.000000 11713.659180 27272.757812
1338.773200 36335.000000 10086.929688 27198.246094
1340.518300 34473.000000 8471.427734 27139.105469
1342.263100 33143.000000 6952.157227 26949.691406
1344.006000 31843.000000 5792.992676 26814.070312
1345.748700 31075.000000 4885.688477 26745.771484
1347.489500 30327.000000 4192.565430 26619.544922
1349.230200 29682.000000 3611.890137 26530.015625
1350.969100 29411.000000 3128.553223 26559.207031
1352.707500 29281.000000 2807.390625 26540.984375
1354.445900 28991.000000 2591.094971 26463.000000
1356.180900 28983.000000 2514.834961 26360.279297
1357.917000 28689.000000 2497.657959 26351.398438
1359.649900 28717.000000 2587.866699 26320.136719
1361.384200 28797.000000 2765.739502 26252.826172
1363.115000 29118.000000 3134.137939 26229.001953
1364.847000 29438.000000 3521.651855 26354.644531
1366.577400 30102.000000 4184.036621 26504.902344
1368.305900 30880.000000 5007.496094 26719.097656
1370.034300 31954.000000 6309.063477 26991.957031
1371.760600 33745.000000 7866.574219 27326.396484
1373.486900 35472.000000 9892.690430 27763.316406
1375.211300 37729.000000 11761.481445 28110.201172
1376.935400 39404.000000 13320.880859 28101.347656
1378.657800 40175.000000 13760.596680 27984.404297
1380.380000 39401.000000 12486.201172 27839.404297
1382.100200 37230.000000 10552.443359 27717.535156
1383.820300 34873.000000 8182.942871 27396.375000
1385.540200 33014.000000 6265.339355 27300.699219
1387.256500 31416.000000 4797.361328 27245.671875
1388.974200 30427.000000 3686.635254 27116.898438
1390.690300 29521.000000 2847.678223 27049.675781
1392.404400 29120.000000 2266.208740 27073.962891
1394.118400 28663.000000 1865.846436 27092.560547
1395.830400 28358.000000 1612.299561 27009.455078
1397.542200 28280.000000 1446.489258 26920.244141
1399.252300 28180.000000 1321.728271 26904.193359
1400.962200 27832.000000 1238.024170 26882.064453
1402.671800 27950.000000 1182.017334 26802.962891
1404.379500 27761.000000 1144.676880 26768.109375
1406.085600 27779.000000 1121.428711 26764.660156
1407.791300 27750.000000 1095.402588 26771.773438
1409.495200 27714.000000 1097.418579 26718.316406
1411.199000 27831.000000 1097.180908 26699.750000
1412.902500 27641.000000 1092.233765 26693.826172
1414.604000 27743.000000 1092.002319 26700.744141
1416.304000 27826.000000 1123.317627 26645.650391
1418.003700 27674.000000 1156.805542 26640.845703
1419.701500 27693.000000 1162.643433 26639.509766
1421.399000 27679.000000 1170.681885 26658.669922
1423.096400 27572.000000 1198.305298 26617.984375
1424.792000 27653.000000 1236.019165 26613.562500
1426.485700 27661.000000 1276.220093 26640.708984
1428.179300 27758.000000 1325.217041 26695.896484
1429.871100 27801.000000 1393.283569 26686.523438
1431.562500 28004.000000 1490.315552 26695.103516
1433.253900 28031.000000 1561.180908 26719.921875
1434.943400 28135.000000 1659.472656 26771.677734
1436.631000 28459.000000 1791.938721 26766.375000
1438.318500 28591.000000 1999.719482 26762.140625
1440.005600 28728.000000 2249.194336 26776.917969
1441.691000 28960.000000 2597.998535 26880.730469
1443.374800 29564.000000 3045.795410 26998.001953
1445.058200 30243.000000 3664.277344 27066.617188
1446.741300 30913.000000 4293.432617 27182.310547
1448.422900 31746.000000 5138.431152 27402.646484
1450.102400 32648.000000 6105.495117 27636.585938
1451.781700 34159.000000 7482.474121 27794.005859
1453.460900 35385.000000 8854.702148 28020.277344
1455.138200 36829.000000 10491.603516 28330.654297
1456.813800 38727.000000 11885.646484 28578.226562
1458.489100 40057.000000 13448.398438 28668.753906
1460.164300 41170.000000 14479.140625 28691.654297
1461.837600 41921.000000 15113.146484 28650.046875
1463.509200 41879.000000 15029.212891 28630.880859
1465.180500 41131.000000 14234.998047 28392.968750
1466.851600 39811.000000 13132.525391 28287.927734
1468.520900 38456.000000 11642.894531 28229.125000
1470.189900 36988.000000 10079.590820 28107.001953
1471.857200 35633.000000 8414.371094 27886.222656
1473.522800 34185.000000 7080.448242 27720.955078
1475.188100 32904.000000 5955.502441 27629.390625
1476.853100 31704.000000 5041.914551 27436.962891
1478.516500 30872.000000 4180.085938 27271.865234
1480.178000 30291.000000 3489.979736 27220.460938
1481.839200 29557.000000 2975.085449 27157.314453
1483.500400 29135.000000 2593.291260 27021.960938
1485.159700 28786.000000 2290.808838 26901.271484
1486.818600 28356.000000 2015.524048 26858.498047
1488.476000 28036.000000 1815.090820 26802.421875
1490.131500 28022.000000 1682.942139 26674.826172
1491.788300 27880.000000 1586.947510 26612.927734
1493.441800 27805.000000 1511.946167 26613.281250
1495.095100 27730.000000 1462.437744 26599.306641
1496.748000 27737.000000 1439.655396 26532.718750
1498.399400 27779.000000 1421.145020 26505.191406
1500.050400 27639.000000 1382.744629 26530.451172
1501.699700 27596.000000 1362.365356 26562.492188
1503.347300 27784.000000 1360.019287 26520.585938
1504.996100 27767.000000 1365.668579 26508.906250
1506.641600 27511.000000 1384.124756 26547.175781
1508.287000 27735.000000 1420.596436 26615.843750
1509.932000 27771.000000 1478.322388 26617.011719
1511.575300 27846.000000 1545.510010 26625.996094
1513.218500 28143.000000 1616.576416 26675.605469
1514.859700 28132.000000 1718.651978 26756.031250
1516.500900 28288.000000 1857.652710 26772.998047
1518.140300 28611.000000 2063.186035 26792.750000
1519.777800 28860.000000 2278.871094 26816.660156
1521.416700 29132.000000 2599.668457 26915.117188
1523.052200 29620.000000 3009.313477 27023.066406
1524.689200 30186.000000 3628.384277 27081.734375
1526.322800 30681.000000 4285.011230 27202.435547
1527.956200 31711.000000 5185.500977 27433.412109
1529.589400 32793.000000 6231.684570 27719.378906
1531.220800 34312.000000 7767.746094 27949.796875
1532.851900 36034.000000 9334.415039 28251.601562
1534.481400 38145.000000 11313.446289 28657.851562
1536.110600 39918.000000 13030.233398 28952.929688
1537.738000 42001.000000 14974.650391 29069.744141
1539.365200 43501.000000 16338.135742 29098.242188
1540.990700 44318.000000 17285.353516 29019.128906
1542.616000 44499.000000 17379.623047 28987.308594
1544.239500 43906.000000 16626.265625 28749.675781
1545.862700 42760.000000 15483.554688 28634.152344
1547.484400 41003.000000 13805.384766 28580.099609
1549.105600 39011.000000 12065.359375 28477.630859
1550.725100 37197.000000 10133.516602 28250.527344
1552.344500 35440.000000 8519.879883 28115.968750
1553.962000 34068.000000 7015.045410 28049.060547
1555.579300 32780.000000 5805.597656 27845.048828
1557.195100 31666.000000 4678.328125 27659.708984
1558.810400 30892.000000 3804.287842 27614.390625
1560.424100 30035.000000 3151.255371 27543.853516
1562.037500 29468.000000 2659.389893 27404.087891
1563.649200 29090.000000 2232.245605 27278.392578
1565.260600 28640.000000 1874.642578 27224.351562
1566.870500 28412.000000 1611.200562 27161.767578
1568.479900 28075.000000 1419.142334 27017.125000
1570.089100 28048.000000 1268.046265 26930.015625
1571.695200 27701.000000 1147.358765 26903.814453
1573.302500 27862.000000 1056.411377 26857.345703
1574.906500 27548.000000 976.323608 26783.355469
1576.511800 27283.000000 888.138306 26752.832031
1578.115500 27622.000000 822.955872 26728.419922
1579.717400 27328.000000 772.406372 26729.039062
1581.319100 27323.000000 736.624207 26661.394531
1582.919100 27411.000000 683.895569 26632.023438
1584.518700 26992.000000 640.507874 26628.599609
1586.116600 26987.000000 608.113708 26619.806641
1587.714500 26926.000000 572.505493 26564.546875
1589.310500 27010.000000 527.707397 26546.683594
1590.906300 26947.000000 498.427399 26538.070312
1592.501800 26864.000000 476.381531 26536.246094
1594.095700 26749.000000 458.617737 26496.478516
1595.687900 26748.000000 428.029053 26492.556641
1597.279700 26646.000000 404.503113 26485.578125
1598.869900 26685.000000 389.281738 26483.748047
1600.459700 26735.000000 373.483490 26447.425781
1602.048100 26521.000000 349.720795 26453.443359
1603.636000 26582.000000 331.967224 26438.763672
1605.223900 26598.000000 318.341492 26441.277344
1606.809800 26385.000000 310.427490 26421.103516
1608.394200 26461.000000 292.743835 26431.236328
1609.978300 26465.000000 276.139313 26425.869141
1611.560700 26530.000000 264.669647 26427.343750
1613.142900 26554.000000 256.689545 26394.583984
1614.724700 26590.000000 243.393402 26392.847656
1616.304900 26580.000000 233.410858 26384.527344
1617.883500 26449.000000 225.383377 26395.328125
1619.461800 26510.000000 218.744720 26366.212891
1621.038300 26478.000000 205.424194 26376.080078
1622.614700 26568.000000 195.345184 26369.248047
1624.190800 26500.000000 190.213531 26386.904297
1625.765300 26474.000000 186.659393 26357.968750
1627.337900 26653.000000 179.176422 26374.882812
1628.910400 26450.000000 175.207306 26375.111328
1630.482700 26657.000000 172.585312 26388.796875
1632.053200 26621.000000 168.812531 26373.474609
1633.622100 26738.000000 156.806152 26397.490234
1635.190600 26546.000000 146.661606 26404.841797
1636.759000 26769.000000 141.926483 26417.982422
1638.325700 26941.000000 139.309799 26393.554688
1639.890700 26830.000000 136.441818 26395.513672
1641.455400 26941.000000 136.345413 26369.607422
1643.019900 26710.000000 136.087555 26377.599609
1644.582800 26522.000000 136.766953 26341.240234
1646.143900 26441.000000 133.723312 26341.416016
1647.704700 26446.000000 134.376358 26320.375000
1649.265500 26587.000000 136.159653 26309.728516
1650.824500 26363.000000 138.496262 26281.152344
1652.381600 26450.000000 135.968781 26279.556641
1653.938700 26347.000000 135.196075 26271.500000
1655.495500 26286.000000 135.137100 26268.941406
1657.050700 26376.000000 137.001968 26234.611328
1658.604100 26251.000000 137.774933 26231.468750
1660.157200 26315.000000 142.023041 26206.484375
1661.710200 26267.000000 144.737915 26199.636719
1663.261500 26156.000000 146.511185 26168.189453
1664.811200 26069.000000 141.342194 26169.433594
1666.361900 26120.000000 139.021667 26144.765625
1667.909700 26148.000000 137.766281 26126.195312
1669.457200 26212.000000 137.520477 26085.671875
1671.004300 26110.000000 132.842255 26084.988281
1672.549900 26025.000000 130.462723 26065.291016
1674.093600 25983.000000 128.545822 26054.220703
1675.637300 26040.000000 128.304779 26015.013672
1677.180800 25997.000000 126.025612 26002.601562
1678.722400 26158.000000 127.132736 25964.117188
1680.263900 25984.000000 127.460403 25947.250000
1681.803700 25882.000000 127.776810 25900.593750
1683.341800 25999.000000 122.685425 25894.542969
1684.881200 25871.000000 119.456741 25880.660156
1686.417500 25806.000000 117.312820 25875.486328
1687.953400 25957.000000 116.250793 25831.310547
1689.489100 25970.000000 113.970871 25817.203125
1691.023200 25956.000000 115.762863 25775.750000
1692.557100 25937.000000 117.108116 25758.212891
1694.089200 25774.000000 117.312599 25711.195312
1695.619800 25761.000000 112.555069 25706.640625
1697.151500 25595.000000 109.219627 25685.146484
1698.680200 25615.000000 106.586288 25674.412109
1700.208500 25651.000000 104.436073 25647.412109
1701.736600 25575.000000 101.902924 25637.816406
1703.263100 25772.000000 102.146469 25606.970703
1704.789300 25547.000000 102.778519 25592.078125
1706.314000 25704.000000 100.992264 25540.296875
1707.838100 25689.000000 93.547729 25537.753906
1709.361000 25409.000000 87.544601 25509.767578
1710.883300 25575.000000 83.341003 25492.835938
1712.404100 25571.000000 81.140900 25453.742188
1713.923100 25525.000000 79.890236 25444.337891
1715.443500 25476.000000 79.599197 25411.865234
1716.960700 25339.000000 79.547134 25397.357422
1718.479100 25535.000000 77.121513 25350.519531
1719.994500 25409.000000 72.586952 25346.878906
1721.509600 25356.000000 69.401817 25316.074219
1723.024400 25267.000000 67.610565 25316.925781
1724.537600 25380.000000 65.729309 25277.392578
1726.050700 25440.000000 63.393127 25279.609375
1727.561900 25345.000000 62.649132 25241.199219
1729.073000 25434.000000 63.077526 25241.962891
1730.582400 25298.000000 62.583477 25185.367188
1732.091700 25507.000000 60.251171 25169.359375
1733.599200 25219.000000 59.569633 25125.015625
1735.106600 25346.000000 60.100822 25110.445312
1736.612100 25085.000000 59.858063 25054.630859
1738.117600 25104.000000 58.676105 25034.949219
1739.621300 25125.000000 58.508106 25000.121094
1741.125000 25015.000000 60.075481 25002.011719
1742.626800 24906.000000 60.074726 24964.007812
1744.128400 24904.000000 58.331715 24959.462891
1745.628500 25168.000000 57.249664 24923.605469
1747.128300 25018.000000 57.969475 24917.851562
1748.626300 24939.000000 58.081787 24872.029297
1750.124300 24911.000000 56.688805 24878.757812
1751.620500 24965.000000 56.490437 24861.814453
1753.116600 24967.000000 58.058342 24869.718750
1754.612400 25013.000000 58.620831 24826.148438
1756.105100 24981.000000 57.170074 24817.316406
1757.599100 24991.000000 56.028770 24778.869141
1759.091300 24897.000000 55.799061 24783.849609
1760.582000 24821.000000 55.754383 24743.041016
1762.072400 25015.000000 55.768726 24724.365234
1763.561000 24783.000000 56.968945 24684.199219
1765.049600 24526.000000 58.803589 24700.498047
1766.536500 24833.000000 59.161674 24675.402344
1768.023200 24727.000000 57.950672 24673.695312
1769.508100 24683.000000 56.657085 24637.417969
1770.992900 24740.000000 56.610271 24651.544922
1772.477500 24756.000000 56.711357 24620.007812
1773.959000 24736.000000 55.778259 24612.076172
1775.441700 24607.000000 56.023487 24582.455078
1776.922700 24537.000000 57.510273 24612.451172
1778.402100 24735.000000 58.300529 24590.492188
1779.881300 24606.000000 56.976185 24590.564453
1781.358900 24581.000000 56.194080 24554.429688
1782.836200 24636.000000 56.887653 24572.179688
1784.311900 24658.000000 57.942303 24541.464844
1785.787400 24662.000000 56.517139 24536.833984
1787.262600 24472.000000 56.371162 24507.625000
1788.736200 24520.000000 57.042492 24537.753906
1790.208300 24558.000000 57.769775 24520.417969
1791.679800 24619.000000 56.180870 24505.123047
1793.150000 24505.000000 55.209126 24462.134766
1794.619900 24476.000000 55.191639 24475.851562
1796.089600 24572.000000 55.454674 24443.417969
1797.557600 24360.000000 53.449615 24442.830078
1799.023900 24302.000000 52.788902 24412.978516
1800.490100 24477.000000 53.330238 24437.351562
1801.954600 24321.000000 54.395813 24414.673828
1803.418900 24421.000000 52.400982 24411.388672
1804.883100 24236.000000 51.963787 24380.404297
1806.345500 24614.000000 52.713051 24389.898438
1807.806400 24304.000000 54.116676 24361.410156
1809.266800 24324.000000 52.486187 24373.226562
1810.727400 24253.000000 52.421692 24361.363281
1812.186000 24355.000000 54.033985 24383.285156
1813.643300 24352.000000 55.665943 24356.015625
1815.100100 24438.000000 54.723492 24353.392578
1816.556800 24309.000000 54.273060 24324.962891
1818.010400 24173.000000 53.112682 24366.419922
1819.465300 24296.000000 52.023815 24361.992188
1820.918500 24480.000000 49.423244 24351.210938
1822.370100 24261.000000 49.242039 24313.365234
1823.821400 24422.000000 49.507408 24329.656250
1825.272600 24271.000000 49.525089 24307.820312
1826.722200 24207.000000 47.112595 24310.431641
1828.169900 24223.000000 46.027073 24287.107422
1829.617600 24346.000000 46.214287 24301.214844
1831.065200 24264.000000 46.400154 24268.464844
1832.511000 24097.000000 44.765942 24270.960938
1833.956500 24188.000000 44.411427 24248.255859
1835.400500 24200.000000 45.332073 24264.652344
1836.842900 24294.000000 46.881710 24224.378906
1838.285200 24239.000000 46.630322 24205.855469
1839.727100 23906.000000 47.643471 24180.921875
1841.167400 24179.000000 48.011757 24203.880859
1842.606100 24160.000000 48.522434 24180.984375
1844.044400 24098.000000 47.702438 24153.978516
1845.482800 24060.000000 49.064476 24126.412109
1846.919400 24081.000000 50.752781 24154.337891
1848.356000 24111.000000 51.487816 24137.138672
1849.790800 24113.000000 49.919487 24132.664062
1851.224000 24187.000000 49.498726 24102.339844
1852.656900 24018.000000 49.569168 24125.320312
1854.089700 24240.000000 50.275417 24107.888672
1855.520800 24187.000000 49.763420 24105.914062
1856.951800 24019.000000 50.846603 24096.550781
1858.381100 24009.000000 50.802540 24141.917969
1859.808700 24227.000000 50.107769 24144.369141
1861.236300 24301.000000 47.350864 24125.207031
1862.663500 24211.000000 45.721291 24095.437500
1864.089100 24066.000000 44.485680 24146.355469
1865.514600 24251.000000 43.434204 24142.480469
1866.938500 24052.000000 41.502930 24159.771484
1868.360700 24228.000000 42.420197 24137.826172
1869.784200 24120.000000 45.006107 24180.396484
1871.204500 24116.000000 47.004478 24173.203125
1872.624600 24052.000000 45.721138 24200.554688
1874.044700 24277.000000 43.795197 24180.128906
1875.463000 24197.000000 43.427406 24188.746094
1876.881200 24233.000000 44.298336 24179.031250
1878.297700 24274.000000 45.057060 24178.662109
1879.714100 24193.000000 46.571575 24163.117188
1881.128800 24169.000000 47.414268 24206.425781
1882.541900 24198.000000 47.213581 24188.369141
1883.956200 24439.000000 44.303749 24091.291016
1885.367400 24292.000000 41.422581 23930.060547
1886.778600 24279.000000 48.029678 23815.162109
1888.189500 24491.000000 67.832809 23854.441406
