Raman_Shift Original_Spectrum Predicted_Raman Predicted_Baseline
294.894650 27852.000000 96.763779 27449.068359
297.232540 27853.000000 108.782875 27241.103516
299.568300 27721.000000 107.560654 27289.695312
301.905240 27727.000000 98.239960 27517.365234
304.238400 27725.000000 100.728226 27727.298828
306.571040 27608.000000 97.607643 27681.847656
308.903260 27895.000000 91.516930 27684.169922
311.233340 28028.000000 85.524933 27710.996094
313.562930 27778.000000 85.950081 27658.205078
315.890440 27858.000000 88.118965 27624.179688
318.215790 27670.000000 96.666420 27647.609375
320.540680 27768.000000 106.388893 27660.542969
322.865110 27732.000000 111.848427 27681.257812
325.187410 27703.000000 112.796509 27656.568359
327.509250 27913.000000 113.017700 27670.355469
329.828920 27937.000000 114.373146 27690.697266
332.148160 27985.000000 118.114563 27750.361328
334.465270 28155.000000 120.391235 27796.039062
336.781950 28083.000000 125.469620 27849.759766
339.096470 28165.000000 130.147736 27870.033203
341.408870 28199.000000 133.877167 27926.572266
343.722530 28211.000000 138.015091 27951.443359
346.032350 28410.000000 144.459381 28015.201172
348.341740 28320.000000 152.918610 28052.900391
350.650670 28575.000000 165.924362 28138.515625
352.957460 28591.000000 185.620438 28229.761719
355.263760 28737.000000 212.324509 28326.845703
357.568020 28833.000000 245.094147 28379.468750
359.871800 28883.000000 280.686554 28488.000000
362.173430 28937.000000 326.882477 28570.908203
364.474640 29340.000000 387.765686 28668.437500
366.773710 29235.000000 476.540436 28716.550781
369.072360 29378.000000 598.396179 28838.531250
371.368870 29477.000000 754.678589 28953.923828
373.664920 29847.000000 944.022156 29086.042969
375.958890 30296.000000 1177.734863 29166.626953
378.252380 30551.000000 1438.300903 29290.607422
380.543790 30822.000000 1696.261475 29364.427734
382.834750 31045.000000 1901.180298 29454.230469
385.123570 31193.000000 1976.976929 29448.533203
387.411960 31176.000000 1885.842773 29475.365234
389.698210 31288.000000 1648.402588 29453.025391
391.984070 31067.000000 1364.107178 29490.906250
394.267790 30750.000000 1069.369019 29481.210938
396.551060 30447.000000 814.538757 29500.847656
398.832210 30293.000000 626.865417 29492.207031
401.112950 30223.000000 505.085632 29512.509766
403.391570 30144.000000 409.840759 29460.851562
405.669770 29965.000000 335.743652 29440.308594
407.945860 29924.000000 286.823059 29420.472656
410.221470 29795.000000 255.926346 29420.917969
412.495030 29688.000000 232.626755 29392.476562
414.768100 29567.000000 212.385956 29385.841797
417.039090 29695.000000 192.788559 29377.777344
419.309630 29589.000000 182.757339 29386.142578
421.579740 29645.000000 176.553680 29375.201172
423.846100 29596.000000 172.135773 29383.195312
426.113680 29557.000000 170.620148 29380.978516
428.377470 29634.000000 174.382401 29392.210938
430.642520 29482.000000 178.283112 29385.347656
432.905460 29614.000000 180.738373 29393.068359
435.166320 29655.000000 179.513519 29392.937500
437.426700 29553.000000 181.833282 29404.939453
439.685060 29548.000000 185.386597 29398.169922
441.942900 29560.000000 191.903778 29398.994141
444.198730 29612.000000 198.886124 29397.771484
446.454070 29702.000000 208.121628 29412.828125
448.708980 29467.000000 215.711136 29404.814453
450.961820 29695.000000 223.945770 29411.273438
453.212550 29643.000000 229.809723 29406.962891
455.462890 29674.000000 239.196732 29413.958984
457.711120 29726.000000 249.745331 29404.013672
459.958920 29563.000000 259.051910 29406.320312
462.204590 29713.000000 269.898834 29403.718750
464.449890 29635.000000 284.666931 29404.933594
466.694760 29671.000000 302.307800 29388.968750
468.937500 29589.000000 321.230560 29385.273438
471.178160 29667.000000 337.803986 29373.355469
473.418460 29587.000000 355.343140 29370.296875
475.656620 29571.000000 384.973267 29340.148438
477.894380 29774.000000 421.787659 29325.187500
480.131680 29701.000000 442.892029 29309.775391
482.366910 29841.000000 464.448914 29315.109375
484.600040 29841.000000 494.602448 29268.763672
486.832790 29922.000000 536.372375 29235.460938
489.063450 30049.000000 591.591614 29197.800781
491.293670 30018.000000 653.760498 29192.326172
493.523500 30045.000000 738.952942 29160.625000
495.751190 30295.000000 861.138367 29157.953125
497.976840 30561.000000 1007.024902 29158.187500
500.202090 30757.000000 1205.347046 29152.429688
502.426910 31032.000000 1495.823730 29166.226562
504.649660 31584.000000 1973.171631 29253.853516
506.870270 32330.000000 2728.456299 29388.562500
509.090550 33151.000000 3786.532715 29606.134766
511.310360 34488.000000 5078.526367 29747.730469
513.528140 35842.000000 6355.290527 29685.562500
515.743770 36070.000000 6880.001465 29581.437500
517.959110 35538.000000 6281.727539 29543.455078
520.173890 34219.000000 4988.958496 29492.880859
522.386660 32696.000000 3605.764404 29371.277344
524.597410 31713.000000 2566.576172 29206.863281
526.807740 30774.000000 1919.386353 29106.083984
529.017580 30446.000000 1493.931030 28950.728516
531.225400 29853.000000 1212.519653 28881.562500
533.431210 29712.000000 1005.754517 28847.240234
535.636470 29608.000000 885.872925 28816.318359
537.841430 29201.000000 803.290894 28750.392578
540.044310 29430.000000 743.004944 28680.136719
542.245120 29446.000000 707.320068 28639.699219
544.445500 29390.000000 690.378052 28622.242188
546.645450 29065.000000 684.777222 28567.000000
548.843380 28980.000000 692.071289 28536.125000
551.040830 29301.000000 689.127075 28512.066406
553.236330 29168.000000 701.039978 28512.460938
555.429690 29254.000000 727.234558 28475.613281
557.622680 29294.000000 769.108765 28469.441406
559.815250 29517.000000 850.421204 28475.308594
562.005800 29607.000000 973.732422 28513.533203
564.195920 29786.000000 1185.541260 28568.195312
566.383910 30418.000000 1526.904419 28669.398438
568.569950 31223.000000 2078.926270 28753.771484
570.755550 31996.000000 2805.553711 28765.253906
572.940730 32407.000000 3229.125000 28667.433594
575.123900 32025.000000 3039.478271 28618.435547
577.306640 31165.000000 2373.763916 28568.988281
579.487300 30526.000000 1763.416016 28564.820312
581.665950 30057.000000 1337.680542 28475.632812
583.844120 29843.000000 1104.402710 28408.677734
586.021970 29516.000000 978.815796 28322.117188
588.197750 29359.000000 931.673218 28274.111328
590.373170 29498.000000 929.008484 28196.609375
592.546450 29341.000000 928.381836 28144.039062
594.719420 29141.000000 933.517944 28100.636719
596.890260 29487.000000 959.021118 28066.328125
599.059140 29306.000000 1004.291504 28024.185547
601.229190 29333.000000 1074.314697 28008.537109
603.395570 29376.000000 1107.624878 27976.437500
605.561580 29522.000000 1151.863403 27975.626953
607.727170 29668.000000 1214.405884 27952.029297
609.890750 29720.000000 1297.881470 27951.984375
612.053960 29782.000000 1409.241089 27944.400391
614.215030 29914.000000 1525.129150 27976.265625
616.375790 30143.000000 1690.976196 27966.695312
618.534480 30228.000000 1911.471680 27968.138672
620.692750 30437.000000 2159.072266 27985.621094
622.849000 31013.000000 2484.910889 28058.652344
625.004820 30976.000000 2905.918945 28099.904297
627.158750 31625.000000 3506.891846 28109.781250
629.310490 32159.000000 4048.356689 28150.664062
631.463560 32816.000000 4798.488770 28225.669922
633.612920 33368.000000 5699.179199 28380.310547
635.763490 34858.000000 7193.481934 28445.105469
637.910460 36241.000000 8627.184570 28614.351562
640.058650 38398.000000 10825.671875 28855.667969
642.203190 41143.000000 12993.602539 29186.335938
644.348880 44953.000000 16660.656250 29738.894531
646.491030 49687.000000 20589.292969 30295.683594
648.634400 55209.000000 26385.433594 30657.939453
650.774050 60779.000000 31413.437500 30719.519531
652.914980 64753.000000 35389.605469 30167.828125
655.052250 65249.000000 35177.308594 29910.341797
657.190730 62188.000000 31255.597656 29525.699219
659.325620 57785.000000 27162.019531 29392.974609
661.461730 52834.000000 22788.396484 28942.005859
663.594180 48307.000000 19485.410156 29084.904297
665.727910 44516.000000 16433.230469 29446.291016
667.857910 41778.000000 14121.090820 29335.171875
669.989200 39565.000000 11853.221680 29351.880859
672.118470 38020.000000 10214.884766 29564.257812
674.245670 36260.000000 8534.837891 29572.527344
676.372560 35181.000000 7363.739258 29467.281250
678.497380 34201.000000 6046.063477 29327.429688
680.621830 33415.000000 5007.586914 29372.894531
682.744320 32473.000000 4094.954346 29262.167969
684.866390 32124.000000 3516.333984 29056.240234
686.986450 31554.000000 3052.484131 28935.500000
689.106080 31144.000000 2676.895996 28910.341797
691.223750 30880.000000 2411.388184 28838.277344
693.341000 30805.000000 2224.543457 28688.535156
695.457820 30693.000000 2076.506348 28624.824219
697.571110 30357.000000 1981.484741 28639.550781
699.685610 30326.000000 1976.014282 28636.187500
701.798100 30554.000000 2029.883423 28588.306641
703.908570 30859.000000 2189.364746 28613.208984
706.018620 30980.000000 2444.252441 28657.687500
708.126770 31078.000000 2790.902832 28692.210938
710.234380 31587.000000 3100.655762 28621.025391
712.340150 31714.000000 3263.381592 28583.119141
714.445430 31583.000000 3127.734863 28523.435547
716.550350 31001.000000 2784.512695 28546.253906
718.653260 30478.000000 2324.019531 28464.843750
720.754270 30189.000000 1919.950562 28408.148438
722.854800 29722.000000 1589.846802 28330.681641
724.953370 29470.000000 1337.523193 28285.359375
727.051570 29073.000000 1129.669189 28174.353516
729.149350 28880.000000 953.216797 28115.128906
731.243530 28844.000000 835.475708 28071.208984
733.338990 28851.000000 744.849487 28030.980469
735.432370 28624.000000 667.871460 27948.273438
737.523800 28529.000000 617.008972 27890.371094
739.614870 28355.000000 581.057495 27847.935547
741.705570 28188.000000 547.613342 27815.367188
743.792600 28165.000000 518.059204 27742.435547
745.880920 28022.000000 488.326721 27710.156250
747.967220 28193.000000 468.667053 27678.613281
750.051570 27973.000000 453.402588 27674.949219
752.135500 28102.000000 439.475830 27625.537109
754.219120 28029.000000 411.958801 27607.392578
756.300720 28000.000000 392.623169 27594.082031
758.380310 27892.000000 380.466278 27597.794922
760.459530 27942.000000 369.856781 27562.167969
762.538390 27574.000000 346.581909 27571.199219
764.615300 27933.000000 327.193176 27546.898438
766.690190 27929.000000 316.617523 27537.960938
768.764710 27929.000000 310.848267 27504.691406
770.838810 27832.000000 304.258850 27509.931641
772.909360 27662.000000 297.907898 27495.541016
774.981140 27672.000000 291.950531 27480.179688
777.050960 27767.000000 290.021057 27442.324219
779.120420 27736.000000 287.065826 27447.482422
781.187870 27757.000000 289.584076 27429.400391
783.253420 27543.000000 296.264313 27429.490234
785.318480 27546.000000 303.264343 27390.326172
787.383240 27671.000000 292.839203 27387.570312
789.445980 27500.000000 280.687622 27382.728516
791.506770 27440.000000 271.253235 27383.615234
793.567260 27572.000000 268.404724 27351.453125
795.627260 27556.000000 265.148621 27355.542969
797.685360 27637.000000 265.155945 27341.007812
799.741520 27463.000000 265.710297 27346.816406
801.797240 27479.000000 268.287262 27306.447266
803.852600 27534.000000 256.137115 27309.136719
805.906010 27301.000000 246.553024 27300.564453
807.959050 27517.000000 240.203415 27293.156250
810.010130 27373.000000 240.506958 27269.927734
812.059200 27517.000000 240.624725 27268.363281
814.107970 27578.000000 243.956345 27251.419922
816.156370 27505.000000 246.045441 27249.576172
818.202760 27512.000000 246.496017 27211.703125
820.247190 27408.000000 235.127045 27208.697266
822.292850 27347.000000 229.580902 27179.037109
824.335020 27471.000000 226.875641 27157.421875
826.376770 27376.000000 228.371292 27122.101562
828.418090 27176.000000 223.801682 27116.539062
830.457520 27129.000000 222.429276 27074.470703
832.496640 27307.000000 222.327225 27033.685547
834.533690 27353.000000 225.031372 26991.427734
836.568910 27082.000000 221.395340 26986.677734
838.603700 26986.000000 221.294846 26944.552734
840.638060 27058.000000 220.442139 26907.173828
842.670530 27174.000000 218.419022 26860.671875
844.702640 27053.000000 205.317703 26845.462891
846.732790 26941.000000 193.177872 26801.464844
848.762570 26989.000000 183.927750 26768.330078
850.790470 26996.000000 179.297562 26717.283203
852.816350 26921.000000 174.748276 26694.847656
854.843440 26846.000000 173.793854 26638.095703
856.867070 26983.000000 174.315338 26594.492188
858.890200 26897.000000 174.958328 26533.724609
860.913150 26747.000000 170.333145 26500.308594
862.934020 26595.000000 168.327850 26449.410156
864.954530 26682.000000 169.033081 26408.568359
866.973140 26597.000000 170.888031 26349.183594
868.991390 26529.000000 172.793610 26310.898438
871.007690 26783.000000 182.485992 26266.539062
873.023620 26585.000000 198.435699 26244.380859
875.037660 26444.000000 225.587967 26198.484375
877.051270 26613.000000 252.301926 26200.636719
879.062990 26835.000000 295.568848 26235.814453
881.074340 26876.000000 372.899567 26270.607422
883.083740 27146.000000 502.467957 26222.570312
885.092770 27607.000000 683.565247 26190.554688
887.099850 27549.000000 798.235229 26137.000000
889.104980 27605.000000 750.779846 26125.703125
891.111450 26967.000000 574.151489 26038.039062
893.114260 26712.000000 399.375763 25983.507812
895.118410 26506.000000 285.376282 25911.064453
897.119020 26377.000000 222.249100 25886.880859
899.120790 26041.000000 189.913040 25780.671875
901.119080 26243.000000 170.954941 25714.136719
903.118650 26000.000000 162.399200 25659.298828
905.114620 25910.000000 158.478836 25627.718750
907.111880 25726.000000 154.145966 25545.312500
909.107180 25697.000000 146.670242 25501.628906
911.100520 25793.000000 140.483246 25446.734375
913.093630 25670.000000 138.000214 25419.664062
915.084660 25566.000000 137.122482 25335.677734
917.075380 25655.000000 133.574127 25286.361328
919.064210 25421.000000 132.079926 25231.363281
921.052730 25387.000000 133.444336 25209.957031
923.039310 25450.000000 132.515228 25150.654297
925.025450 25328.000000 126.627182 25120.527344
927.009770 25186.000000 123.005104 25070.730469
928.993650 25269.000000 124.972473 25065.056641
930.975590 25290.000000 127.516701 25020.218750
932.957280 25161.000000 129.387772 24987.230469
934.937010 25218.000000 133.770355 24934.720703
936.916380 25265.000000 140.209946 24916.701172
938.895390 25166.000000 146.211487 24849.777344
940.870970 24968.000000 149.997803 24817.447266
942.847660 25072.000000 157.438812 24778.882812
944.822510 24983.000000 168.831192 24783.890625
946.795470 24827.000000 184.664139 24743.744141
948.768010 24898.000000 204.650146 24738.607422
950.738710 24866.000000 229.317429 24745.460938
952.708980 24967.000000 264.130402 24779.105469
954.677310 25155.000000 315.565613 24781.789062
956.645390 25147.000000 388.601379 24794.179688
958.613160 25403.000000 491.802582 24831.853516
960.578920 25586.000000 659.031311 24941.128906
962.542720 26034.000000 968.208191 25014.099609
964.506290 26790.000000 1567.654175 25161.607422
966.467960 27834.000000 2629.774902 25338.654297
968.429260 29475.000000 4176.046387 25437.455078
970.390140 30783.000000 5317.149414 25411.027344
972.347660 31006.000000 5287.383789 25393.839844
974.306270 29681.000000 4166.535156 25300.396484
976.263060 27936.000000 2698.624268 25113.074219
978.218020 26262.000000 1580.893188 24997.841797
980.172490 25645.000000 977.012207 24855.789062
982.125120 25324.000000 687.707520 24726.402344
984.077390 25247.000000 534.057251 24697.992188
986.029360 24838.000000 439.189850 24627.828125
987.979370 24845.000000 363.412384 24562.933594
989.927490 24800.000000 311.628479 24518.171875
991.875310 24509.000000 278.433289 24496.640625
993.822750 24548.000000 255.945221 24450.462891
995.768370 24582.000000 236.075104 24400.726562
997.711980 24493.000000 223.976883 24341.583984
999.655270 24247.000000 218.750900 24339.134766
1001.596700 24431.000000 215.770096 24324.697266
1003.537700 24439.000000 207.683868 24309.269531
1005.478600 24263.000000 202.755951 24263.193359
1007.417400 24473.000000 203.865952 24251.089844
1009.354300 24398.000000 207.458328 24215.830078
1011.291000 24267.000000 205.763153 24186.746094
1013.227200 24152.000000 204.780365 24151.564453
1015.161600 24249.000000 206.881638 24166.609375
1017.094100 24268.000000 208.953278 24148.320312
1019.026200 24213.000000 207.795685 24118.707031
1020.958000 24312.000000 210.288284 24063.119141
1022.888000 24021.000000 216.620087 24072.824219
1024.816000 24146.000000 225.721634 24044.306641
1026.743800 24031.000000 233.022980 24038.484375
1028.671100 24162.000000 240.546188 24027.269531
1030.596600 24179.000000 249.304031 24057.972656
1032.521700 24172.000000 259.331848 24054.535156
1034.444900 24265.000000 268.678375 24046.125000
1036.366300 24382.000000 280.044250 24026.917969
1038.287400 24371.000000 296.837830 24036.654297
1040.208100 24213.000000 317.972900 24010.281250
1042.127000 24128.000000 340.692322 24014.962891
1044.043800 24273.000000 366.967133 24031.617188
1045.960400 24399.000000 402.677612 24070.599609
1047.876700 24346.000000 441.970612 24072.939453
1049.791000 24377.000000 488.053223 24086.572266
1051.705100 24506.000000 548.623962 24107.996094
1053.617300 24786.000000 635.596680 24162.683594
1055.527600 24688.000000 757.942566 24203.025391
1057.437500 24934.000000 932.154114 24252.267578
1059.347300 25125.000000 1145.142578 24312.527344
1061.255000 25474.000000 1404.297119 24407.601562
1063.162500 25636.000000 1698.802368 24481.533203
1065.068000 26095.000000 2044.259155 24537.771484
1066.971700 26407.000000 2377.151367 24550.509766
1068.875000 26739.000000 2675.740723 24562.500000
1070.778100 27118.000000 2835.921387 24548.906250
1072.679200 27028.000000 2796.892334 24504.714844
1074.580000 26705.000000 2594.736572 24428.916016
1076.479000 26211.000000 2284.030762 24405.695312
1078.377600 25767.000000 1917.510010 24361.142578
1080.274400 25514.000000 1583.428345 24283.804688
1082.169200 25273.000000 1322.950439 24188.248047
1084.065300 24952.000000 1134.102417 24137.294922
1085.958000 24567.000000 986.241089 24068.085938
1087.850300 24407.000000 853.316528 24013.994141
1089.742400 24462.000000 745.684753 23990.785156
1091.632600 24377.000000 661.237732 23943.646484
1093.522500 24167.000000 594.255371 23895.789062
1095.410400 24149.000000 539.030823 23850.273438
1097.298100 24161.000000 502.212463 23821.822266
1099.183800 24077.000000 475.526367 23801.412109
1101.069300 24114.000000 454.386292 23759.173828
1102.952900 23938.000000 434.446777 23728.195312
1104.834600 24090.000000 432.267181 23715.601562
1106.717700 24096.000000 438.483734 23700.494141
1108.597200 24085.000000 446.803864 23663.068359
1110.477900 23965.000000 449.589203 23627.195312
1112.355300 23933.000000 449.810059 23606.759766
1114.232300 23848.000000 456.499756 23611.445312
1116.109100 23993.000000 473.396088 23604.427734
1117.984000 23974.000000 488.050629 23562.867188
1119.858500 23780.000000 502.134918 23573.015625
1121.731300 24057.000000 519.610413 23584.453125
1123.603600 23996.000000 538.694458 23587.691406
1125.474100 24113.000000 559.427246 23540.714844
1127.344400 24251.000000 584.372314 23504.333984
1129.212600 24109.000000 614.930603 23483.117188
1131.080700 24174.000000 656.045715 23463.833984
1132.946900 24009.000000 701.792175 23436.050781
1134.812700 24145.000000 737.404663 23435.908203
1136.676800 24147.000000 779.717102 23435.980469
1138.540400 24089.000000 826.162109 23432.710938
1140.402300 24459.000000 881.410034 23394.244141
1142.263800 24329.000000 950.148132 23382.078125
1144.123400 24513.000000 1031.169067 23383.681641
1145.982800 24507.000000 1137.605225 23396.880859
1147.841800 24538.000000 1288.504150 23390.607422
1149.697500 25024.000000 1452.708862 23430.806641
1151.554400 25110.000000 1657.833984 23483.669922
1153.407800 25284.000000 1892.149780 23555.585938
1155.262600 25550.000000 2196.957520 23586.945312
1157.115500 26090.000000 2484.057129 23603.925781
1158.966400 26564.000000 2763.931396 23585.019531
1160.817100 26784.000000 2991.494873 23565.937500
1162.666000 26875.000000 3190.794189 23488.611328
1164.514500 26634.000000 3213.790039 23409.541016
1166.361300 26536.000000 3182.992432 23379.007812
1168.207600 26427.000000 3062.810059 23379.337891
1170.052200 26080.000000 2998.103516 23352.636719
1171.896500 26075.000000 2979.025146 23311.166016
1173.740400 26282.000000 3030.415039 23286.458984
1175.580900 26396.000000 3118.372803 23263.417969
1177.422900 26600.000000 3325.825684 23136.980469
1179.262700 26906.000000 3588.163574 23064.556641
1181.100700 27133.000000 4040.170410 23025.691406
1182.938600 27690.000000 4609.819824 23050.298828
1184.774500 28296.000000 5499.917480 23047.554688
1186.610200 29410.000000 6357.449219 23160.812500
1188.444000 30365.000000 7465.085938 23405.583984
1190.277500 31650.000000 8610.956055 23749.835938
1192.110700 33116.000000 10058.212891 24015.101562
1193.942000 34397.000000 11279.431641 24230.263672
1195.771600 35586.000000 12463.470703 24291.408203
1197.600700 36291.000000 13067.716797 24306.587891
1199.428100 36470.000000 13139.505859 24124.763672
1201.255200 36289.000000 12672.108398 24020.753906
1203.082000 35374.000000 11599.141602 23965.402344
1204.907000 33889.000000 10327.956055 23936.548828
1206.730100 32671.000000 8999.055664 23786.773438
1208.552900 31505.000000 7877.612305 23810.011719
1210.373900 30868.000000 7116.299805 23781.388672
1212.194600 30290.000000 6673.506348 23666.230469
1214.015000 30127.000000 6627.893066 23588.394531
1215.833500 30210.000000 6682.007812 23704.900391
1217.650300 30738.000000 7154.139160 23851.667969
1219.466700 31691.000000 7874.807617 24105.863281
1221.281300 32841.000000 9204.709961 24458.316406
1223.095600 34706.000000 10761.439453 24925.671875
1224.909500 36824.000000 12827.291016 25276.927734
1226.721700 38544.000000 14533.159180 25495.128906
1228.532000 39812.000000 15851.720703 25475.134766
1230.342000 40161.000000 16119.848633 25416.894531
1232.151700 39278.000000 14911.773438 25310.136719
1233.959700 37723.000000 13157.789062 25141.812500
1235.765900 35769.000000 10907.402344 24797.421875
1237.571700 33476.000000 8931.193359 24761.560547
1239.377100 31775.000000 7300.717285 24772.443359
1241.180800 30381.000000 6132.450195 24700.515625
1242.982700 29388.000000 5294.611328 24656.955078
1244.784200 28980.000000 4791.426758 24739.843750
1246.585300 28767.000000 4605.188477 24785.292969
1248.384900 28695.000000 4609.776367 24734.546875
1250.182500 28982.000000 4996.548828 24620.875000
1251.979700 29359.000000 5436.085449 24673.667969
1253.776900 30165.000000 6241.017578 24698.800781
1255.572000 31064.000000 7106.904785 24746.144531
1257.365500 32027.000000 8495.636719 24794.906250
1259.160000 34023.000000 9918.311523 24863.636719
1260.951300 36519.000000 12167.916992 25070.025391
1262.742300 39273.000000 14739.908203 25404.359375
1264.533100 43426.000000 18890.332031 25873.367188
1266.322000 48012.000000 22991.285156 26563.789062
1268.109000 52202.000000 28038.822266 26609.019531
1269.895800 56128.000000 31372.062500 26293.435547
1271.682400 57360.000000 31987.441406 25803.796875
1273.466900 55846.000000 29959.994141 25661.542969
1275.251500 51749.000000 25780.498047 25303.115234
1277.033900 46985.000000 21780.892578 25266.742188
1278.814700 42561.000000 17573.871094 25031.048828
1280.595200 38896.000000 14471.750000 25241.707031
1282.375400 35746.000000 11787.802734 25506.203125
1284.153800 33376.000000 9790.566406 25374.240234
1285.931900 31914.000000 7944.177246 25399.775391
1287.708100 30702.000000 6720.124023 25678.802734
1289.482500 29725.000000 5503.678711 25784.419922
1291.256800 29156.000000 4747.713867 25799.539062
1293.030600 28547.000000 3988.462402 25838.798828
1294.802900 28416.000000 3423.530518 26004.914062
1296.574600 28193.000000 2974.001465 26012.132812
1298.344600 27858.000000 2694.191650 25946.181641
1300.114400 27699.000000 2481.256836 25908.201172
1301.882300 27671.000000 2324.023193 25946.300781
1303.648300 27611.000000 2248.630615 25964.328125
1305.415800 27775.000000 2234.084717 25913.853516
1307.179700 27828.000000 2271.207520 25871.673828
1308.943500 27908.000000 2357.932617 25916.955078
1310.707000 28048.000000 2516.784912 25984.937500
1312.468600 28112.000000 2746.492676 25999.687500
1314.230000 28605.000000 3082.032227 25983.523438
1315.989500 28920.000000 3379.802734 26062.669922
1317.748800 29466.000000 3843.031738 26179.291016
1319.506200 30060.000000 4428.181152 26353.089844
1321.263400 31036.000000 5450.699707 26500.937500
1323.018900 32176.000000 6591.641602 26706.042969
1324.774000 33673.000000 8065.734375 27063.123047
1326.527300 35411.000000 9623.306641 27399.136719
1328.278900 37390.000000 11554.211914 27669.300781
1330.031700 38943.000000 13171.117188 27821.246094
1331.781100 40300.000000 14493.112305 27783.037109
1333.531900 40821.000000 14731.635742 27698.060547
1335.279300 40140.000000 13809.259766 27442.726562
1337.027800 38570.000000 12389.230469 27289.050781
1338.773200 36628.000000 10506.077148 27160.970703
1340.518300 34657.000000 8683.067383 27101.554688
1342.263100 33326.000000 7029.665039 26902.527344
1344.006000 31867.000000 5788.284180 26759.388672
1345.748700 30980.000000 4819.994141 26692.654297
1347.489500 30188.000000 4089.196533 26580.830078
1349.230200 29639.000000 3486.720215 26508.722656
1350.969100 29066.000000 3003.012695 26550.970703
1352.707500 29195.000000 2674.989746 26535.322266
1354.445900 28848.000000 2460.192383 26458.636719
1356.180900 28776.000000 2389.942627 26363.773438
1357.917000 28667.000000 2386.520264 26367.160156
1359.649900 28878.000000 2491.426758 26339.742188
1361.384200 28902.000000 2680.416504 26279.179688
1363.115000 29199.000000 3052.594238 26247.669922
1364.847000 29476.000000 3448.088623 26360.453125
1366.577400 29940.000000 4103.760254 26509.654297
1368.305900 30850.000000 4898.797852 26708.103516
1370.034300 31820.000000 6112.909668 26965.537109
1371.760600 33449.000000 7550.425781 27259.136719
1373.486900 35094.000000 9378.169922 27654.273438
1375.211300 36992.000000 11048.943359 27950.902344
1376.935400 38627.000000 12370.919922 27956.925781
1378.657800 39159.000000 12666.299805 27868.089844
1380.380000 38412.000000 11503.212891 27779.949219
1382.100200 36401.000000 9762.666992 27695.027344
1383.820300 34285.000000 7666.145996 27407.564453
1385.540200 32520.000000 5931.552246 27305.468750
1387.256500 31215.000000 4603.618652 27246.248047
1388.974200 30409.000000 3584.020996 27113.666016
1390.690300 29408.000000 2807.502441 27046.957031
1392.404400 29112.000000 2252.996582 27050.083984
1394.118400 28736.000000 1862.061768 27057.019531
1395.830400 28321.000000 1603.828857 26975.048828
1397.542200 28176.000000 1426.828491 26886.162109
1399.252300 28081.000000 1291.610596 26859.335938
1400.962200 27836.000000 1197.359009 26819.537109
1402.671800 27841.000000 1130.363525 26732.658203
1404.379500 27677.000000 1084.333252 26687.724609
1406.085600 27702.000000 1053.679443 26686.585938
1407.791300 27515.000000 1024.474854 26693.353516
1409.495200 27668.000000 1020.869263 26638.638672
1411.199000 27734.000000 1012.728149 26621.101562
1412.902500 27749.000000 1010.055664 26613.468750
1414.604000 27745.000000 1008.546753 26620.453125
1416.304000 27651.000000 1030.738770 26565.925781
1418.003700 27518.000000 1050.216309 26557.101562
1419.701500 27537.000000 1048.901611 26554.042969
1421.399000 27471.000000 1053.955566 26569.572266
1423.096400 27470.000000 1078.429688 26533.835938
1424.792000 27536.000000 1106.366943 26537.886719
1426.485700 27432.000000 1134.734497 26575.125000
1428.179300 27411.000000 1174.856323 26635.228516
1429.871100 27635.000000 1234.274780 26630.398438
1431.562500 27878.000000 1318.989136 26634.000000
1433.253900 27812.000000 1383.419556 26658.720703
1434.943400 27819.000000 1472.469971 26715.890625
1436.631000 28153.000000 1590.695679 26718.167969
1438.318500 28151.000000 1769.041992 26730.748047
1440.005600 28418.000000 1983.339233 26749.562500
1441.691000 28666.000000 2287.906006 26848.943359
1443.374800 29260.000000 2680.385742 26942.906250
1445.058200 29710.000000 3221.335449 27011.945312
1446.741300 30414.000000 3788.819092 27126.226562
1448.422900 31025.000000 4559.939941 27349.941406
1450.102400 32116.000000 5461.510742 27594.523438
1451.781700 33365.000000 6765.534180 27768.121094
1453.460900 34759.000000 8100.432129 27984.593750
1455.138200 36142.000000 9706.458984 28307.843750
1456.813800 37832.000000 11116.953125 28554.722656
1458.489100 39378.000000 12692.416016 28660.394531
1460.164300 40634.000000 13772.229492 28688.140625
1461.837600 41258.000000 14456.893555 28656.320312
1463.509200 41309.000000 14388.226562 28630.234375
1465.180500 40623.000000 13582.706055 28411.898438
1466.851600 39544.000000 12438.037109 28299.923828
1468.520900 37838.000000 10905.231445 28221.072266
1470.189900 36299.000000 9307.751953 28111.160156
1471.857200 34798.000000 7661.618164 27891.160156
1473.522800 33396.000000 6355.452148 27720.013672
1475.188100 32191.000000 5279.260742 27622.107422
1476.853100 31081.000000 4417.675781 27431.742188
1478.516500 30403.000000 3636.742676 27282.626953
1480.178000 29937.000000 3013.083496 27246.472656
1481.839200 29078.000000 2556.873535 27203.751953
1483.500400 28957.000000 2229.198730 27079.097656
1485.159700 28462.000000 1982.008545 26965.042969
1486.818600 28234.000000 1754.854126 26913.867188
1488.476000 28006.000000 1587.766357 26852.869141
1490.131500 27958.000000 1473.128906 26731.500000
1491.788300 27804.000000 1383.451416 26662.814453
1493.441800 27591.000000 1318.484741 26650.994141
1495.095100 27614.000000 1269.112671 26629.296875
1496.748000 27530.000000 1246.483276 26573.777344
1498.399400 27651.000000 1225.596680 26559.912109
1500.050400 27636.000000 1191.815674 26577.322266
1501.699700 27560.000000 1175.331909 26601.591797
1503.347300 27733.000000 1178.736572 26567.410156
1504.996100 27671.000000 1182.324463 26569.134766
1506.641600 27519.000000 1193.238403 26601.621094
1508.287000 27567.000000 1222.618652 26659.136719
1509.932000 27808.000000 1271.768066 26650.740234
1511.575300 27634.000000 1331.746094 26666.087891
1513.218500 27973.000000 1393.123291 26704.119141
1514.859700 28029.000000 1479.003174 26779.896484
1516.500900 28120.000000 1597.249878 26794.515625
1518.140300 28525.000000 1766.272095 26811.248047
1519.777800 28596.000000 1950.681030 26826.738281
1521.416700 29055.000000 2218.334473 26909.830078
1523.052200 29348.000000 2567.238770 26989.289062
1524.689200 29818.000000 3072.915527 27050.617188
1526.322800 30184.000000 3617.135254 27136.724609
1527.956200 31183.000000 4359.068359 27310.302734
1529.589400 31890.000000 5242.313477 27546.748047
1531.220800 33106.000000 6554.226562 27712.964844
1532.851900 34713.000000 7907.127441 27948.972656
1534.481400 36450.000000 9635.143555 28313.031250
1536.110600 38009.000000 11225.427734 28614.636719
1537.738000 40038.000000 13121.525391 28830.386719
1539.365200 41798.000000 14627.556641 28952.787109
1540.990700 43051.000000 16004.931641 28925.726562
1542.616000 43686.000000 16543.464844 28913.734375
1544.239500 43502.000000 16197.677734 28722.265625
1545.862700 42384.000000 15270.668945 28595.710938
1547.484400 40919.000000 13615.231445 28520.099609
1549.105600 38865.000000 11858.136719 28477.654297
1550.725100 37151.000000 9936.611328 28255.093750
1552.344500 35374.000000 8339.145508 28105.441406
1553.962000 33866.000000 6903.824219 28038.638672
1555.579300 32828.000000 5723.341797 27847.945312
1557.195100 31565.000000 4617.589844 27669.732422
1558.810400 30879.000000 3755.939453 27621.070312
1560.424100 29967.000000 3104.859619 27565.222656
1562.037500 29377.000000 2614.442871 27431.457031
1563.649200 29149.000000 2187.047363 27305.833984
1565.260600 28570.000000 1831.247314 27245.470703
1566.870500 28474.000000 1569.476685 27177.306641
1568.479900 28110.000000 1379.628174 27042.769531
1570.089100 28146.000000 1226.983398 26961.689453
1571.695200 27660.000000 1105.005615 26939.949219
1573.302500 27858.000000 1012.989746 26896.439453
1574.906500 27478.000000 931.525269 26825.019531
1576.511800 27460.000000 844.060364 26790.343750
1578.115500 27617.000000 778.341309 26771.720703
1579.717400 27460.000000 726.769470 26769.677734
1581.319100 27260.000000 686.438843 26710.867188
1582.919100 27464.000000 630.537170 26686.666016
1584.518700 27070.000000 587.132324 26682.423828
1586.116600 27086.000000 556.490601 26677.568359
1587.714500 27027.000000 524.853821 26632.277344
1589.310500 27064.000000 484.508118 26626.349609
1590.906300 26877.000000 455.423523 26625.515625
1592.501800 26857.000000 434.166687 26624.835938
1594.095700 26905.000000 417.195557 26597.769531
1595.687900 26839.000000 388.739868 26602.177734
1597.279700 26825.000000 367.891602 26597.359375
1598.869900 26811.000000 353.555481 26601.134766
1600.459700 26835.000000 339.449707 26568.232422
1602.048100 26702.000000 316.855042 26576.113281
1603.636000 26754.000000 300.447540 26564.427734
1605.223900 26822.000000 288.500671 26566.572266
1606.809800 26606.000000 281.544495 26549.226562
1608.394200 26607.000000 265.052643 26566.958984
1609.978300 26678.000000 249.710419 26569.238281
1611.560700 26573.000000 239.458954 26580.498047
1613.142900 26747.000000 232.325272 26554.185547
1614.724700 26845.000000 220.777191 26565.156250
1616.304900 26705.000000 213.123199 26569.015625
1617.883500 26772.000000 207.054565 26586.886719
1619.461800 26753.000000 201.500381 26567.060547
1621.038300 26817.000000 190.331528 26573.529297
1622.614700 26927.000000 182.609451 26564.562500
1624.190800 26746.000000 178.721176 26580.714844
1625.765300 26681.000000 175.743256 26555.058594
1627.337900 26744.000000 168.410370 26566.857422
1628.910400 26738.000000 164.517441 26564.626953
1630.482700 26729.000000 161.849167 26572.822266
1632.053200 26781.000000 157.153656 26552.435547
1633.622100 26651.000000 144.591125 26576.257812
1635.190600 26698.000000 135.321106 26573.214844
1636.759000 26818.000000 130.777008 26578.800781
1638.325700 26825.000000 129.467377 26558.738281
1639.890700 26814.000000 126.297874 26575.326172
1641.455400 26762.000000 125.166809 26569.191406
1643.019900 26671.000000 124.126755 26575.912109
1644.582800 26715.000000 123.647972 26551.236328
1646.143900 26643.000000 120.704086 26561.781250
1647.704700 26736.000000 120.760071 26548.800781
1649.265500 26641.000000 120.925186 26549.605469
1650.824500 26586.000000 121.911697 26524.060547
1652.381600 26634.000000 119.620399 26527.224609
1653.938700 26711.000000 120.013779 26514.250000
1655.495500 26544.000000 121.094505 26514.095703
1657.050700 26695.000000 123.086342 26478.576172
1658.604100 26567.000000 123.196327 26482.373047
1660.157200 26616.000000 126.613510 26458.125000
1661.710200 26699.000000 128.651093 26456.140625
1663.261500 26464.000000 130.308563 26428.380859
1664.811200 26543.000000 127.676292 26428.335938
1666.361900 26503.000000 127.768250 26396.921875
1667.909700 26543.000000 128.341278 26367.591797
1669.457200 26586.000000 128.083099 26321.953125
1671.004300 26329.000000 123.510582 26318.550781
1672.549900 26247.000000 120.900002 26285.722656
1674.093600 26171.000000 118.582626 26260.345703
1675.637300 26295.000000 117.526184 26214.628906
1677.180800 26211.000000 115.102440 26199.025391
1678.722400 26253.000000 116.392662 26158.345703
1680.263900 26206.000000 117.220581 26140.462891
1681.803700 26061.000000 117.481522 26090.621094
1683.341800 26198.000000 113.688637 26078.000000
1684.881200 26091.000000 111.474136 26043.812500
1686.417500 26163.000000 110.025414 26031.269531
1687.953400 26007.000000 108.873093 25977.587891
1689.489100 26122.000000 106.118210 25954.433594
1691.023200 26036.000000 106.676987 25914.353516
1692.557100 26030.000000 108.136818 25895.806641
1694.089200 25903.000000 107.924423 25855.087891
1695.619800 25774.000000 103.480797 25838.072266
1697.151500 25958.000000 100.291641 25799.761719
1698.680200 25848.000000 98.238266 25775.957031
1700.208500 25828.000000 96.819046 25736.623047
1701.736600 25678.000000 94.302803 25726.580078
1703.263100 25882.000000 93.874405 25691.730469
1704.789300 25644.000000 93.893906 25669.183594
1706.314000 25803.000000 92.343971 25612.453125
1707.838100 25853.000000 86.537468 25594.677734
1709.361000 25505.000000 82.332947 25567.607422
1710.883300 25483.000000 79.446671 25552.716797
1712.404100 25759.000000 77.052505 25517.419922
1713.923100 25583.000000 75.349037 25497.054688
1715.443500 25680.000000 75.159416 25448.396484
1716.960700 25496.000000 75.744652 25426.287109
1718.479100 25647.000000 74.510643 25364.966797
1719.994500 25539.000000 70.789444 25351.818359
1721.509600 25335.000000 68.301857 25317.751953
1723.024400 25333.000000 66.926643 25324.171875
1724.537600 25371.000000 64.838799 25288.591797
1726.050700 25553.000000 62.850208 25263.599609
1727.561900 25463.000000 62.409355 25204.378906
1729.073000 25387.000000 62.813190 25199.394531
1730.582400 25197.000000 61.882618 25152.572266
1732.091700 25445.000000 58.939583 25143.892578
1733.599200 25150.000000 57.558678 25098.558594
1735.106600 25305.000000 58.011909 25086.869141
1736.612100 25182.000000 57.800690 25040.021484
1738.117600 25167.000000 56.989937 25019.427734
1739.621300 25106.000000 57.007252 24976.095703
1741.125000 24980.000000 58.040642 24988.087891
1742.626800 24917.000000 57.556816 24958.308594
1744.128400 25010.000000 55.515984 24949.011719
1745.628500 25054.000000 54.673695 24901.517578
1747.128300 25040.000000 55.536549 24889.476562
1748.626300 24956.000000 55.880898 24847.867188
1750.124300 24922.000000 54.981190 24850.638672
1751.620500 24904.000000 55.054218 24820.269531
1753.116600 24851.000000 56.255726 24834.246094
1754.612400 24848.000000 56.881142 24805.875000
1756.105100 24945.000000 55.632500 24794.820312
1757.599100 24878.000000 54.777618 24752.623047
1759.091300 24735.000000 55.044426 24759.447266
1760.582000 24912.000000 55.205070 24727.937500
1762.072400 24799.000000 54.601379 24720.187500
1763.561000 24762.000000 54.824615 24676.498047
1765.049600 24538.000000 55.999786 24700.789062
1766.536500 24826.000000 56.738045 24686.669922
1768.023200 24739.000000 55.414436 24679.634766
1769.508100 24582.000000 54.648724 24635.277344
1770.992900 24674.000000 54.935455 24645.564453
1772.477500 24790.000000 55.498005 24614.351562
1773.959000 24642.000000 54.211815 24606.826172
1775.441700 24502.000000 53.855766 24571.416016
1776.922700 24469.000000 54.540527 24602.496094
1778.402100 24754.000000 55.261818 24583.681641
1779.881300 24593.000000 54.143513 24568.486328
1781.358900 24513.000000 53.553749 24523.593750
1782.836200 24414.000000 53.405724 24555.427734
1784.311900 24600.000000 53.719372 24546.623047
1785.787400 24578.000000 51.841866 24540.757812
1787.262600 24505.000000 52.184944 24500.464844
1788.736200 24612.000000 53.214638 24518.767578
1790.208300 24479.000000 54.685455 24506.589844
1791.679800 24533.000000 53.018646 24507.005859
1793.150000 24528.000000 52.046204 24466.683594
1794.619900 24497.000000 51.864738 24468.285156
1796.089600 24477.000000 52.599884 24438.251953
1797.557600 24386.000000 51.143764 24435.767578
1799.023900 24316.000000 51.482533 24400.218750
1800.490100 24440.000000 52.932503 24410.759766
1801.954600 24309.000000 55.207264 24394.736328
1803.418900 24334.000000 54.002911 24396.453125
1804.883100 24160.000000 53.564911 24376.919922
1806.345500 24463.000000 53.321369 24392.796875
1807.806400 24331.000000 54.247700 24374.490234
1809.266800 24386.000000 52.985828 24361.164062
1810.727400 24226.000000 53.418495 24328.669922
1812.186000 24294.000000 54.755157 24338.408203
1813.643300 24209.000000 57.819111 24319.521484
1815.100100 24242.000000 60.083557 24316.439453
1816.556800 24183.000000 65.600761 24288.134766
1818.010400 24132.000000 75.229988 24340.056641
1819.465300 24344.000000 93.905006 24389.402344
1820.918500 24538.000000 124.436729 24447.656250
1822.370100 24568.000000 170.675186 24477.509766
1823.821400 25074.000000 232.495728 24518.296875
1825.272600 25544.000000 277.106903 24500.496094
1826.722200 25487.000000 278.842743 24443.599609
1828.169900 24604.000000 229.072220 24362.945312
1829.617600 24402.000000 166.310394 24368.916016
1831.065200 24346.000000 112.650009 24337.900391
1832.511000 24159.000000 80.903450 24307.896484
1833.956500 24084.000000 64.613991 24261.078125
1835.400500 24230.000000 57.575905 24261.792969
1836.842900 24359.000000 54.617786 24230.732422
1838.285200 24139.000000 51.180737 24198.767578
1839.727100 24056.000000 50.299995 24161.953125
1841.167400 24204.000000 49.818455 24174.419922
1842.606100 24162.000000 49.176533 24151.525391
1844.044400 24119.000000 46.343872 24114.167969
1845.482800 24053.000000 46.838863 24082.865234
1846.919400 24165.000000 48.531761 24078.292969
1848.356000 23923.000000 50.493473 24051.142578
1849.790800 24060.000000 49.798267 24044.703125
1851.224000 24079.000000 50.057587 24019.134766
1852.656900 23963.000000 50.606506 24037.972656
1854.089700 24137.000000 51.634338 24026.521484
1855.520800 24124.000000 50.481926 24022.199219
1856.951800 23977.000000 50.927147 24020.455078
1858.381100 24120.000000 50.876526 24051.152344
1859.808700 24142.000000 50.867496 24048.419922
1861.236300 24194.000000 47.725327 24037.277344
1862.663500 24155.000000 46.225334 24017.894531
1864.089100 23999.000000 45.060772 24066.591797
1865.514600 24125.000000 44.357525 24066.015625
1866.938500 24116.000000 42.359676 24077.878906
1868.360700 24187.000000 43.652130 24058.390625
1869.784200 24147.000000 45.983345 24087.361328
1871.204500 24128.000000 48.250725 24078.277344
1872.624600 23979.000000 46.832405 24104.996094
1874.044700 24234.000000 44.993813 24088.828125
1875.463000 24183.000000 43.994656 24102.158203
1876.881200 24223.000000 44.456509 24102.798828
1878.297700 24240.000000 44.949745 24107.232422
1879.714100 24222.000000 46.295033 24080.763672
1881.128800 24149.000000 46.646145 24119.812500
1882.541900 24300.000000 46.000877 24103.312500
1883.956200 24342.000000 42.868462 24021.164062
1885.367400 24364.000000 38.643959 23852.058594
1886.778600 24155.000000 42.017448 23716.929688
1888.189500 24401.000000 57.480736 23726.947266
