Raman_Shift Original_Spectrum Predicted_Raman Predicted_Baseline
294.894650 27973.000000 212.919037 27262.585938
297.232540 27944.000000 241.534912 26943.585938
299.568300 27828.000000 244.123749 27029.619141
301.905240 27852.000000 226.396774 27351.351562
304.238400 27971.000000 235.695312 27623.761719
306.571040 27747.000000 238.426193 27562.603516
308.903260 28060.000000 231.590866 27569.513672
311.233340 28121.000000 223.602325 27600.322266
313.562930 27834.000000 225.801071 27533.916016
315.890440 27948.000000 235.675980 27514.798828
318.215790 27797.000000 254.183151 27551.201172
320.540680 27842.000000 279.739807 27552.783203
322.865110 27935.000000 305.362000 27578.726562
325.187410 27933.000000 329.856720 27562.894531
327.509250 28046.000000 356.567627 27617.777344
329.828920 28250.000000 390.685638 27650.154297
332.148160 28255.000000 428.560242 27743.947266
334.465270 28355.000000 476.731689 27821.162109
336.781950 28685.000000 532.812866 27912.197266
339.096470 28529.000000 602.140869 27965.998047
341.408870 28869.000000 684.330505 28077.878906
343.722530 29131.000000 777.738037 28169.324219
346.032350 29458.000000 884.262512 28309.132812
348.341740 29622.000000 1014.181335 28407.972656
350.650670 29966.000000 1173.678833 28599.078125
352.957460 30272.000000 1353.223267 28762.146484
355.263760 30788.000000 1532.119263 28951.044922
357.568020 30836.000000 1724.015015 29059.509766
359.871800 31164.000000 1933.388916 29237.320312
362.173430 31488.000000 2161.196533 29344.800781
364.474640 31747.000000 2372.880859 29488.595703
366.773710 31769.000000 2545.842773 29552.847656
369.072360 31722.000000 2713.776611 29667.429688
371.368870 31774.000000 2831.340332 29718.046875
373.664920 31787.000000 2901.393799 29817.349609
375.958890 31901.000000 2869.903809 29850.203125
378.252380 31948.000000 2778.033691 29926.425781
380.543790 31973.000000 2628.667236 29940.882812
382.834750 31993.000000 2472.247559 29995.552734
385.123570 31998.000000 2277.083740 29961.068359
387.411960 31928.000000 2039.783447 29965.173828
389.698210 31688.000000 1804.209961 29928.677734
391.984070 31552.000000 1610.764893 29935.955078
394.267790 31102.000000 1423.659790 29872.550781
396.551060 30879.000000 1219.855347 29857.300781
398.832210 30556.000000 1032.686279 29819.550781
401.112950 30458.000000 884.305786 29810.384766
403.391570 30361.000000 750.364380 29735.777344
405.669770 30322.000000 649.864319 29698.537109
407.945860 30241.000000 575.741516 29657.449219
410.221470 30078.000000 518.913086 29638.812500
412.495030 29962.000000 464.151123 29569.708984
414.768100 29836.000000 410.727295 29554.105469
417.039090 29784.000000 362.084351 29531.000000
419.309630 29766.000000 326.696960 29534.527344
421.579740 29737.000000 304.852753 29491.355469
423.846100 29876.000000 293.762177 29498.427734
426.113680 29809.000000 292.262817 29498.324219
428.377470 29791.000000 300.162262 29520.816406
430.642520 29833.000000 308.896942 29492.710938
432.905460 29823.000000 311.359802 29502.757812
435.166320 29964.000000 309.385193 29496.382812
437.426700 29846.000000 313.473389 29517.652344
439.685060 29856.000000 320.838776 29488.066406
441.942900 29716.000000 330.822571 29504.533203
444.198730 29897.000000 341.886871 29498.816406
446.454070 29884.000000 355.456238 29517.322266
448.708980 29849.000000 368.859558 29484.742188
450.961820 29875.000000 383.454102 29502.121094
453.212550 29809.000000 397.474915 29497.386719
455.462890 29906.000000 417.589752 29512.650391
457.711120 29978.000000 442.277435 29485.666016
459.958920 29839.000000 459.395996 29507.064453
462.204590 29988.000000 473.789612 29507.876953
464.449890 30022.000000 490.675385 29522.378906
466.694760 30044.000000 515.341431 29498.115234
468.937500 29812.000000 547.022827 29520.882812
471.178160 29983.000000 578.126343 29512.281250
473.418460 30031.000000 609.604370 29528.791016
475.656620 30006.000000 659.086060 29498.925781
477.894380 30146.000000 710.769409 29500.289062
480.131680 30012.000000 742.527710 29484.564453
482.366910 30120.000000 773.341553 29504.714844
484.600040 30077.000000 812.560059 29463.548828
486.832790 30234.000000 866.096863 29446.175781
489.063450 30377.000000 946.864258 29413.066406
491.293670 30522.000000 1043.075195 29405.324219
493.523500 30373.000000 1173.520630 29368.876953
495.751190 30746.000000 1348.041626 29375.660156
497.976840 31211.000000 1547.858032 29426.433594
500.202090 31445.000000 1832.067017 29496.812500
502.426910 32043.000000 2234.968262 29580.324219
504.649660 32653.000000 2844.252197 29717.474609
506.870270 33596.000000 3744.984863 29882.726562
509.090550 34461.000000 4938.245605 30135.085938
511.310360 35871.000000 6291.039062 30309.613281
513.528140 37022.000000 7581.002441 30257.990234
515.743770 37508.000000 8140.223633 30156.330078
517.959110 37142.000000 7650.963379 30119.498047
520.173890 35773.000000 6400.208984 30037.712891
522.386660 34221.000000 4959.774414 29873.365234
524.597410 33047.000000 3770.357422 29688.830078
526.807740 31899.000000 2963.462158 29590.328125
529.017580 31138.000000 2411.665283 29379.308594
531.225400 30623.000000 2038.062134 29248.671875
533.431210 30237.000000 1745.538696 29157.605469
535.636470 29987.000000 1574.671875 29091.210938
537.841430 29714.000000 1433.083252 28980.582031
540.044310 29835.000000 1330.008179 28862.285156
542.245120 29864.000000 1294.128662 28801.171875
544.445500 29828.000000 1293.742310 28751.769531
546.645450 29727.000000 1317.411377 28673.265625
548.843380 29751.000000 1351.655762 28635.730469
551.040830 30006.000000 1379.461548 28610.531250
553.236330 29991.000000 1444.129639 28614.398438
555.429690 30242.000000 1555.145508 28586.679688
557.622680 30466.000000 1714.120483 28626.949219
559.815250 30858.000000 1973.914673 28693.314453
562.005800 31396.000000 2341.450684 28820.597656
564.195920 31737.000000 2832.206543 28913.976562
566.383910 32481.000000 3415.044922 28993.246094
568.569950 33245.000000 3966.216797 29027.740234
570.755550 33371.000000 4381.247070 29057.199219
572.940730 33419.000000 4384.840332 28977.757812
575.123900 32750.000000 4014.480957 28898.291016
577.306640 32235.000000 3403.509766 28831.714844
579.487300 31562.000000 2862.706055 28820.287109
581.665950 31118.000000 2392.188232 28713.974609
583.844120 30849.000000 2066.147461 28612.255859
586.021970 30298.000000 1841.927734 28499.173828
588.197750 30121.000000 1714.510986 28437.195312
590.373170 30094.000000 1642.311157 28313.548828
592.546450 30021.000000 1574.691772 28226.328125
594.719420 29784.000000 1540.074951 28197.152344
596.890260 30006.000000 1544.142822 28153.273438
599.059140 29805.000000 1577.514160 28085.917969
601.229190 29774.000000 1676.501221 28025.689453
603.395570 29987.000000 1724.346680 28025.648438
605.561580 29976.000000 1781.878174 28038.587891
607.727170 30106.000000 1867.264282 28005.625000
609.890750 30345.000000 1969.928467 27992.544922
612.053960 30485.000000 2126.554932 28023.398438
614.215030 30654.000000 2313.384277 28089.337891
616.375790 31069.000000 2582.686035 28074.935547
618.534480 31005.000000 2943.382324 28028.292969
620.692750 31583.000000 3321.476074 28025.080078
622.849000 32003.000000 3815.240234 28077.212891
625.004820 32082.000000 4403.909180 28102.777344
627.158750 32842.000000 5282.569824 28039.152344
629.310490 33514.000000 6040.285645 28055.806641
631.463560 34482.000000 7172.347656 28123.964844
633.612920 35510.000000 8428.439453 28316.281250
635.763490 37173.000000 10492.412109 28389.300781
637.910460 39099.000000 12377.462891 28565.212891
640.058650 42040.000000 15429.460938 28884.304688
642.203190 45737.000000 18403.730469 29376.425781
644.348880 51211.000000 23412.513672 30164.000000
646.491030 57567.000000 28622.878906 30923.980469
648.634400 64717.000000 36280.281250 31369.859375
650.774050 71685.000000 42774.945312 31467.351562
652.914980 76653.000000 47379.820312 30725.292969
655.052250 77009.000000 46511.382812 30292.814453
657.190730 72865.000000 40979.734375 29749.253906
659.325620 66769.000000 35542.750000 29550.546875
661.461730 60403.000000 29910.847656 28971.832031
663.594180 54601.000000 25798.667969 29289.777344
665.727910 50271.000000 22136.400391 29832.613281
667.857910 46970.000000 19390.427734 29688.396484
669.989200 44284.000000 16652.781250 29691.113281
672.118470 42184.000000 14679.382812 30020.917969
674.245670 40118.000000 12545.154297 30100.648438
676.372560 38625.000000 10986.667969 29965.878906
678.497380 37275.000000 9143.500977 29799.837891
680.621830 35966.000000 7688.274902 29920.574219
682.744320 35003.000000 6343.899414 29797.568359
684.866390 34155.000000 5472.164551 29520.710938
686.986450 33468.000000 4711.335449 29372.832031
689.106080 32900.000000 4128.470215 29368.589844
691.223750 32451.000000 3735.046387 29293.701172
693.341000 32281.000000 3464.768066 29109.292969
695.457820 32129.000000 3276.336670 29036.800781
697.571110 31979.000000 3155.272461 29086.257812
699.685610 31913.000000 3200.451416 29110.882812
701.798100 32430.000000 3351.751953 29133.101562
703.908570 32699.000000 3662.229004 29191.847656
706.018620 33098.000000 4118.352539 29344.888672
708.126770 33536.000000 4709.402832 29454.675781
710.234380 34046.000000 5188.148926 29398.853516
712.340150 34070.000000 5364.720215 29351.347656
714.445430 34007.000000 5096.866211 29298.328125
716.550350 33200.000000 4533.563477 29312.617188
718.653260 32362.000000 3778.937500 29191.031250
720.754270 31792.000000 3098.413086 29101.052734
722.854800 31040.000000 2522.187988 28989.160156
724.953370 30538.000000 2081.906738 28905.169922
727.051570 30144.000000 1744.491455 28710.816406
729.149350 29745.000000 1471.651855 28608.453125
731.243530 29541.000000 1282.934814 28539.115234
733.338990 29468.000000 1138.923340 28475.167969
735.432370 29194.000000 1015.355347 28345.644531
737.523800 29048.000000 928.574585 28233.445312
739.614870 28948.000000 868.907104 28173.355469
741.705570 28631.000000 818.211914 28129.789062
743.792600 28590.000000 777.406860 28013.785156
745.880920 28398.000000 733.642029 27951.226562
747.967220 28453.000000 702.477905 27913.255859
750.051570 28288.000000 675.088318 27904.437500
752.135500 28290.000000 652.408203 27834.302734
754.219120 28349.000000 610.872437 27808.308594
756.300720 28307.000000 585.058594 27800.878906
758.380310 28217.000000 567.604126 27808.445312
760.459530 28207.000000 554.733398 27761.677734
762.538390 27998.000000 521.988586 27765.496094
764.615300 28189.000000 498.582703 27743.255859
766.690190 28247.000000 484.620758 27742.064453
768.764710 28032.000000 477.564453 27697.755859
770.838810 28131.000000 465.050140 27692.457031
772.909360 27891.000000 452.114258 27678.552734
774.981140 27820.000000 439.360596 27666.548828
777.050960 27928.000000 434.020020 27615.162109
779.120420 27967.000000 425.715027 27613.824219
781.187870 27858.000000 425.945740 27590.414062
783.253420 27707.000000 430.365814 27586.562500
785.318480 27744.000000 436.779297 27534.146484
787.383240 27883.000000 421.078613 27533.398438
789.445980 27596.000000 404.681366 27518.253906
791.506770 27711.000000 391.344421 27513.390625
793.567260 27788.000000 388.527405 27470.558594
795.627260 27786.000000 382.373474 27472.050781
797.685360 27674.000000 380.678650 27440.367188
799.741520 27694.000000 380.814758 27432.712891
801.797240 27708.000000 383.635345 27380.681641
803.852600 27652.000000 368.229095 27388.751953
805.906010 27368.000000 356.337280 27367.027344
807.959050 27676.000000 348.838287 27362.601562
810.010130 27488.000000 349.392365 27327.658203
812.059200 27571.000000 348.441711 27331.308594
814.107970 27626.000000 352.968384 27301.033203
816.156370 27741.000000 357.182739 27294.812500
818.202760 27576.000000 358.948364 27245.839844
820.247190 27591.000000 343.267273 27244.845703
822.292850 27453.000000 334.083801 27221.414062
824.335020 27486.000000 329.803284 27218.562500
826.376770 27440.000000 329.949707 27168.212891
828.418090 27415.000000 322.895325 27160.289062
830.457520 27354.000000 322.302429 27115.859375
832.496640 27520.000000 323.137238 27097.781250
834.533690 27274.000000 325.441650 27047.843750
836.568910 27228.000000 316.967346 27039.166016
838.603700 27152.000000 314.737549 26997.861328
840.638060 27301.000000 315.039093 26972.441406
842.670530 27266.000000 314.143738 26917.732422
844.702640 27090.000000 296.805481 26905.001953
846.732790 27071.000000 281.542053 26847.902344
848.762570 27144.000000 271.116699 26826.599609
850.790470 27022.000000 266.851990 26756.964844
852.816350 27103.000000 259.844421 26735.570312
854.843440 26893.000000 255.585129 26670.703125
856.867070 27018.000000 252.564651 26641.875000
858.890200 26911.000000 249.429657 26564.060547
860.913150 26858.000000 238.760986 26525.171875
862.934020 26764.000000 232.023529 26470.945312
864.954530 26799.000000 229.642548 26452.136719
866.973140 26749.000000 227.252716 26389.910156
868.991390 26545.000000 222.413895 26368.669922
871.007690 26896.000000 224.339233 26343.341797
873.023620 26764.000000 231.206421 26343.390625
875.037660 26662.000000 241.937943 26302.419922
877.051270 26899.000000 241.635178 26310.140625
879.062990 26955.000000 242.829315 26353.488281
881.074340 26991.000000 254.577759 26417.806641
883.083740 27236.000000 281.100464 26381.339844
885.092770 27607.000000 316.033691 26361.201172
887.099850 27696.000000 344.246124 26312.687500
889.104980 27830.000000 348.664276 26309.904297
891.111450 27437.000000 321.496674 26230.410156
893.114260 27100.000000 278.718414 26185.648438
895.118410 26910.000000 240.100311 26118.652344
897.119020 26842.000000 216.910080 26082.544922
899.120790 26582.000000 204.458374 25948.386719
901.119080 26335.000000 194.606094 25868.210938
903.118650 26222.000000 191.243408 25810.304688
905.114620 26088.000000 190.273956 25785.177734
907.111880 25934.000000 188.916977 25683.976562
909.107180 25904.000000 183.352081 25624.062500
911.100520 25866.000000 178.948166 25564.402344
913.093630 25781.000000 177.284454 25540.791016
915.084660 25639.000000 176.962234 25446.175781
917.075380 25682.000000 173.301300 25400.406250
919.064210 25511.000000 172.543839 25351.285156
921.052730 25480.000000 175.546326 25343.996094
923.039310 25547.000000 175.912689 25271.812500
925.025450 25347.000000 168.750198 25245.103516
927.009770 25356.000000 162.665344 25199.603516
928.993650 25311.000000 163.976974 25216.179688
930.975590 25450.000000 167.984390 25155.210938
932.957280 25355.000000 171.688538 25107.917969
934.937010 25329.000000 178.673706 25054.419922
936.916380 25374.000000 187.341293 25065.468750
938.895390 25235.000000 195.590866 25002.882812
940.870970 25121.000000 201.524445 24983.257812
942.847660 25228.000000 212.544830 24947.927734
944.822510 25168.000000 229.182159 24961.154297
946.795470 25105.000000 252.905563 24903.781250
948.768010 25136.000000 283.105896 24899.314453
950.738710 25048.000000 322.958069 24922.244141
952.708980 25210.000000 379.377014 24992.884766
954.677310 25399.000000 461.940277 25017.617188
956.645390 25532.000000 580.636780 25048.189453
958.613160 25959.000000 750.998474 25094.787109
960.578920 26332.000000 1032.688843 25213.923828
962.542720 26856.000000 1517.855713 25333.699219
964.506290 27946.000000 2366.233643 25519.746094
966.467960 29301.000000 3680.462402 25707.894531
968.429260 30867.000000 5268.592773 25799.779297
970.390140 31896.000000 6200.733398 25727.451172
972.347660 31853.000000 5875.626953 25710.796875
974.306270 30467.000000 4629.093750 25620.470703
976.263060 28555.000000 3197.507080 25466.144531
978.218020 26890.000000 2050.224365 25324.210938
980.172490 26034.000000 1333.468994 25165.070312
982.125120 25627.000000 943.764282 24998.916016
984.077390 25435.000000 724.635132 24956.195312
986.029360 25134.000000 585.698914 24865.605469
987.979370 25060.000000 475.619080 24777.714844
989.927490 24896.000000 402.949707 24724.861328
991.875310 24776.000000 355.437164 24695.650391
993.822750 24686.000000 322.606598 24628.021484
995.768370 24695.000000 293.387268 24564.357422
997.711980 24577.000000 276.877930 24495.195312
999.655270 24428.000000 269.318054 24487.574219
1001.596700 24557.000000 266.084412 24454.302734
1003.537700 24551.000000 255.552399 24426.507812
1005.478600 24373.000000 248.097000 24366.515625
1007.417400 24478.000000 246.021698 24362.328125
1009.354300 24481.000000 245.529099 24322.724609
1011.291000 24360.000000 236.160568 24285.578125
1013.227200 24266.000000 229.978180 24242.052734
1015.161600 24429.000000 229.117401 24249.433594
1017.094100 24285.000000 228.891647 24216.183594
1019.026200 24170.000000 223.707550 24193.486328
1020.958000 24334.000000 224.604614 24143.292969
1022.888000 24175.000000 230.597610 24149.138672
1024.816000 24194.000000 237.919800 24111.216797
1026.743800 24019.000000 238.991486 24112.126953
1028.671100 24156.000000 242.701004 24103.332031
1030.596600 24237.000000 247.783203 24143.044922
1032.521700 24225.000000 254.368988 24146.613281
1034.444900 24294.000000 255.168549 24151.367188
1036.366300 24361.000000 258.142090 24136.740234
1038.287400 24515.000000 264.432770 24158.445312
1040.208100 24330.000000 274.369690 24145.480469
1042.127000 24381.000000 280.679504 24143.943359
1044.043800 24345.000000 291.218994 24150.453125
1045.960400 24515.000000 305.973572 24192.849609
1047.876700 24400.000000 325.677673 24194.455078
1049.791000 24413.000000 345.390808 24204.066406
1051.705100 24537.000000 379.569794 24217.683594
1053.617300 24584.000000 428.314850 24263.564453
1055.527600 24485.000000 493.013519 24260.181641
1057.437500 24605.000000 572.110229 24283.414062
1059.347300 24873.000000 668.153442 24331.171875
1061.255000 24997.000000 806.794922 24449.230469
1063.162500 25128.000000 1021.157227 24542.080078
1065.068000 25618.000000 1375.736816 24678.296875
1066.971700 26205.000000 1877.754272 24809.316406
1068.875000 27024.000000 2558.627197 24935.160156
1070.778100 27886.000000 3255.903809 24943.722656
1072.679200 28520.000000 3655.992676 24898.984375
1074.580000 28027.000000 3520.586670 24780.667969
1076.479000 27411.000000 2950.151367 24749.767578
1078.377600 26577.000000 2261.128174 24684.722656
1080.274400 25986.000000 1720.514038 24613.796875
1082.169200 25485.000000 1336.103271 24486.972656
1084.065300 25134.000000 1083.796021 24418.732422
1085.958000 24742.000000 912.640991 24317.341797
1087.850300 24511.000000 769.491089 24250.939453
1089.742400 24499.000000 676.376831 24208.333984
1091.632600 24347.000000 612.279480 24170.558594
1093.522500 24243.000000 562.963196 24114.792969
1095.410400 24305.000000 517.449707 24053.105469
1097.298100 24310.000000 486.881531 24007.783203
1099.183800 24205.000000 472.554382 23993.417969
1101.069300 24328.000000 470.210022 23942.283203
1102.952900 24072.000000 468.683899 23919.058594
1104.834600 24161.000000 482.225983 23901.421875
1106.717700 24208.000000 501.936584 23913.281250
1108.597200 24218.000000 521.609497 23877.625000
1110.477900 24042.000000 532.127014 23851.726562
1112.355300 24167.000000 540.882751 23830.419922
1114.232300 24171.000000 558.241882 23841.572266
1116.109100 24112.000000 585.257690 23826.296875
1117.984000 24083.000000 610.762573 23803.478516
1119.858500 24081.000000 627.914490 23825.617188
1121.731300 24280.000000 648.590454 23847.166016
1123.603600 24194.000000 675.444214 23839.974609
1125.474100 24365.000000 710.319275 23790.962891
1127.344400 24459.000000 749.315613 23755.041016
1129.212600 24272.000000 797.815125 23737.921875
1131.080700 24234.000000 858.752136 23717.271484
1132.946900 24184.000000 927.709167 23696.306641
1134.812700 24339.000000 987.433411 23711.152344
1136.676800 24477.000000 1064.432373 23732.220703
1138.540400 24477.000000 1150.659424 23744.390625
1140.402300 24872.000000 1255.011963 23718.035156
1142.263800 24865.000000 1360.523438 23721.835938
1144.123400 25135.000000 1503.447998 23775.097656
1145.982800 25148.000000 1699.458984 23845.261719
1147.841800 25363.000000 2005.521851 23892.246094
1149.697500 26002.000000 2341.370850 23968.447266
1151.554400 26223.000000 2755.767090 24064.296875
1153.407800 26637.000000 3224.391846 24143.876953
1155.262600 27425.000000 3817.864014 24169.818359
1157.115500 28172.000000 4405.247070 24205.945312
1158.966400 28695.000000 4998.702148 24232.216797
1160.817100 29142.000000 5413.390625 24264.484375
1162.666000 29447.000000 5696.868164 24203.898438
1164.514500 29076.000000 5617.223145 24095.697266
1166.361300 28567.000000 5395.527832 24031.978516
1168.207600 28251.000000 5002.456543 23957.447266
1170.052200 27727.000000 4688.098633 23858.882812
1171.896500 27524.000000 4476.415527 23736.289062
1173.740400 27532.000000 4381.705078 23652.521484
1175.580900 27517.000000 4347.864258 23577.255859
1177.422900 27772.000000 4476.536621 23400.326172
1179.262700 28012.000000 4692.138672 23312.375000
1181.100700 28329.000000 5195.613281 23259.496094
1182.938600 28973.000000 5851.786621 23293.482422
1184.774500 29876.000000 6937.399902 23274.369141
1186.610200 30988.000000 7964.505371 23410.923828
1188.444000 32041.000000 9345.009766 23689.517578
1190.277500 33692.000000 10763.100586 24108.144531
1192.110700 35491.000000 12570.692383 24438.908203
1193.942000 37149.000000 14119.309570 24713.753906
1195.771600 38700.000000 15665.622070 24772.496094
1197.600700 39714.000000 16444.564453 24750.525391
1199.428100 39849.000000 16478.388672 24512.109375
1201.255200 39383.000000 15816.431641 24344.193359
1203.082000 38269.000000 14378.365234 24239.498047
1204.907000 36420.000000 12714.631836 24177.435547
1206.730100 34726.000000 11001.583984 23989.648438
1208.552900 33396.000000 9569.108398 24010.533203
1210.373900 32507.000000 8577.451172 23984.109375
1212.194600 31910.000000 7983.451660 23831.427734
1214.015000 31614.000000 7859.035156 23719.996094
1215.833500 31638.000000 7868.271973 23858.724609
1217.650300 32295.000000 8454.068359 24037.253906
1219.466700 33310.000000 9345.679688 24379.449219
1221.281300 34866.000000 11065.439453 24839.843750
1223.095600 37321.000000 13121.703125 25473.935547
1224.909500 40003.000000 15917.895508 25955.482422
1226.721700 42496.000000 18214.464844 26261.406250
1228.532000 43970.000000 19913.173828 26198.273438
1230.342000 44313.000000 20070.964844 26051.738281
1232.151700 42780.000000 18182.507812 25860.123047
1233.959700 40403.000000 15707.791016 25588.509766
1235.765900 37679.000000 12772.553711 25156.769531
1237.571700 35137.000000 10333.054688 25131.822266
1239.377100 33048.000000 8429.125000 25160.972656
1241.180800 31426.000000 7102.786133 25070.824219
1242.982700 30366.000000 6151.869141 25054.531250
1244.784200 29914.000000 5606.769531 25160.726562
1246.585300 29686.000000 5445.832031 25215.460938
1248.384900 29548.000000 5500.504395 25171.962891
1250.182500 29876.000000 6031.134766 25046.093750
1251.979700 30322.000000 6589.419434 25090.373047
1253.776900 31347.000000 7593.893066 25107.585938
1255.572000 32372.000000 8657.377930 25129.742188
1257.365500 33675.000000 10358.816406 25119.550781
1259.160000 35849.000000 12031.832031 25147.240234
1260.951300 38727.000000 14744.587891 25374.437500
1262.742300 42581.000000 18018.332031 25818.154297
1264.533100 47847.000000 23630.203125 26525.763672
1266.322000 54596.000000 29379.890625 27392.894531
1268.109000 61070.000000 36763.601562 27419.082031
1269.895800 66425.000000 41613.816406 27039.378906
1271.682400 67970.000000 42338.445312 26338.873047
1273.466900 65607.000000 39523.773438 26074.857422
1275.251500 60100.000000 33886.812500 25420.210938
1277.033900 54156.000000 28683.771484 25285.861328
1278.814700 48285.000000 23304.291016 24951.007812
1280.595200 43455.000000 19376.753906 25283.720703
1282.375400 39480.000000 15953.681641 25701.886719
1284.153800 36175.000000 13329.502930 25504.857422
1285.931900 34128.000000 10836.740234 25517.287109
1287.708100 32622.000000 9205.876953 25896.992188
1289.482500 31307.000000 7562.038086 26069.640625
1291.256800 30516.000000 6568.562500 26112.513672
1293.030600 29811.000000 5478.722656 26166.707031
1294.802900 29413.000000 4688.071777 26400.117188
1296.574600 29125.000000 4034.868652 26443.152344
1298.344600 28822.000000 3645.104248 26361.027344
1300.114400 28563.000000 3344.519043 26326.330078
1301.882300 28533.000000 3125.298340 26376.039062
1303.648300 28546.000000 3027.260986 26402.609375
1305.415800 28690.000000 3020.678955 26347.746094
1307.179700 28788.000000 3097.662842 26302.484375
1308.943500 28925.000000 3229.565918 26376.265625
1310.707000 28979.000000 3466.606934 26469.904297
1312.468600 29386.000000 3796.864014 26474.183594
1314.230000 29885.000000 4297.108398 26457.402344
1315.989500 30209.000000 4728.093262 26557.046875
1317.748800 30971.000000 5381.631348 26701.718750
1319.506200 31737.000000 6162.401367 26941.462891
1321.263400 33087.000000 7527.374023 27151.728516
1323.018900 34411.000000 8953.439453 27422.511719
1324.774000 36345.000000 10804.767578 27882.861328
1326.527300 38530.000000 12752.875000 28342.029297
1328.278900 40908.000000 15200.588867 28730.611328
1330.031700 43091.000000 17222.402344 28931.546875
1331.781100 44835.000000 18886.425781 28860.419922
1333.531900 45381.000000 19146.378906 28699.802734
1335.279300 44430.000000 17875.046875 28336.480469
1337.027800 42511.000000 16016.432617 28121.207031
1338.773200 39942.000000 13590.653320 27950.527344
1340.518300 37514.000000 11270.771484 27839.142578
1342.263100 35585.000000 9164.939453 27575.039062
1344.006000 33839.000000 7577.704102 27408.777344
1345.748700 32722.000000 6313.055664 27348.007812
1347.489500 31644.000000 5368.616211 27200.886719
1349.230200 31024.000000 4546.200195 27105.960938
1350.969100 30399.000000 3900.421143 27137.664062
1352.707500 30148.000000 3439.550049 27108.914062
1354.445900 29759.000000 3137.948975 26994.576172
1356.180900 29652.000000 3026.442871 26853.042969
1357.917000 29325.000000 2984.316406 26836.304688
1359.649900 29372.000000 3080.846924 26798.044922
1361.384200 29635.000000 3296.844971 26716.585938
1363.115000 30067.000000 3748.738770 26647.882812
1364.847000 30313.000000 4255.682129 26751.939453
1366.577400 31158.000000 5116.559570 26920.001953
1368.305900 32143.000000 6196.027832 27191.675781
1370.034300 33620.000000 7905.455566 27538.939453
1371.760600 35974.000000 9945.025391 27965.423828
1373.486900 38361.000000 12541.840820 28464.011719
1375.211300 41007.000000 14782.736328 28823.187500
1376.935400 42588.000000 16415.761719 28779.416016
1378.657800 43088.000000 16608.480469 28619.046875
1380.380000 41767.000000 14993.401367 28443.000000
1382.100200 39625.000000 12780.514648 28306.972656
1383.820300 37066.000000 10055.365234 27945.695312
1385.540200 34727.000000 7803.381348 27795.945312
1387.256500 32905.000000 6022.279297 27716.050781
1388.974200 31613.000000 4624.806152 27536.412109
1390.690300 30471.000000 3554.471924 27436.529297
1392.404400 29904.000000 2809.985107 27455.945312
1394.118400 29294.000000 2305.945801 27462.933594
1395.830400 28896.000000 1983.991577 27348.474609
1397.542200 28729.000000 1767.662354 27215.121094
1399.252300 28549.000000 1609.473267 27194.980469
1400.962200 28222.000000 1495.421753 27137.875000
1402.671800 28206.000000 1417.724854 27031.339844
1404.379500 28158.000000 1356.911865 26960.117188
1406.085600 27974.000000 1322.243286 26958.902344
1407.791300 27983.000000 1292.029297 26947.414062
1409.495200 27924.000000 1289.534302 26890.921875
1411.199000 28033.000000 1275.869263 26849.775391
1412.902500 27883.000000 1265.308838 26851.914062
1414.604000 27945.000000 1261.528687 26860.347656
1416.304000 28042.000000 1294.077759 26798.513672
1418.003700 27809.000000 1320.715210 26773.564453
1419.701500 27817.000000 1322.323608 26785.789062
1421.399000 27790.000000 1334.049683 26817.703125
1423.096400 27797.000000 1367.399658 26768.806641
1424.792000 27743.000000 1405.201172 26754.910156
1426.485700 27735.000000 1448.599976 26804.439453
1428.179300 27810.000000 1507.140869 26878.273438
1429.871100 27856.000000 1587.215820 26871.410156
1431.562500 28050.000000 1687.710327 26882.814453
1433.253900 28028.000000 1759.888306 26928.302734
1434.943400 28201.000000 1875.927368 27006.498047
1436.631000 28531.000000 2027.510742 27009.992188
1438.318500 28638.000000 2252.536621 27018.478516
1440.005600 28823.000000 2515.395752 27040.238281
1441.691000 29249.000000 2896.100098 27170.687500
1443.374800 29865.000000 3379.192871 27294.187500
1445.058200 30488.000000 4063.145020 27404.873047
1446.741300 31455.000000 4794.472656 27551.968750
1448.422900 32463.000000 5797.791016 27825.902344
1450.102400 33688.000000 6948.890625 28128.609375
1451.781700 35191.000000 8611.813477 28356.531250
1453.460900 36904.000000 10282.384766 28639.925781
1455.138200 38633.000000 12311.273438 29066.441406
1456.813800 40960.000000 14100.048828 29413.578125
1458.489100 42693.000000 16109.979492 29552.007812
1460.164300 44215.000000 17474.222656 29577.837891
1461.837600 45191.000000 18328.908203 29517.771484
1463.509200 45238.000000 18259.972656 29468.947266
1465.180500 44408.000000 17281.148438 29156.076172
1466.851600 42977.000000 15850.229492 28992.671875
1468.520900 40890.000000 13884.304688 28876.453125
1470.189900 39022.000000 11861.233398 28709.031250
1471.857200 37162.000000 9801.387695 28396.238281
1473.522800 35259.000000 8158.179688 28192.585938
1475.188100 33912.000000 6789.224121 28085.800781
1476.853100 32471.000000 5692.610352 27864.234375
1478.516500 31607.000000 4682.955078 27705.527344
1480.178000 30843.000000 3890.660645 27682.023438
1481.839200 29981.000000 3294.865723 27631.417969
1483.500400 29687.000000 2873.786621 27490.128906
1485.159700 29118.000000 2545.968750 27349.876953
1486.818600 28882.000000 2252.990723 27312.298828
1488.476000 28499.000000 2038.670898 27231.439453
1490.131500 28478.000000 1896.616211 27087.363281
1491.788300 28217.000000 1787.345093 26999.826172
1493.441800 28153.000000 1707.787109 26992.445312
1495.095100 28023.000000 1650.884033 26967.363281
1496.748000 28061.000000 1631.578979 26891.800781
1498.399400 28145.000000 1606.374268 26857.890625
1500.050400 27903.000000 1561.370117 26890.693359
1501.699700 27980.000000 1538.533691 26921.527344
1503.347300 28100.000000 1534.990967 26886.662109
1504.996100 28059.000000 1533.208252 26873.250000
1506.641600 27877.000000 1547.451538 26925.511719
1508.287000 28092.000000 1588.904053 27011.607422
1509.932000 28222.000000 1654.698486 27007.652344
1511.575300 28066.000000 1729.933228 27023.498047
1513.218500 28439.000000 1804.033447 27095.287109
1514.859700 28515.000000 1916.402710 27197.726562
1516.500900 28777.000000 2071.626221 27211.130859
1518.140300 29116.000000 2291.736816 27227.593750
1519.777800 29351.000000 2524.921143 27253.105469
1521.416700 29797.000000 2873.523926 27363.271484
1523.052200 30368.000000 3318.014404 27462.857422
1524.689200 30798.000000 3978.926514 27541.503906
1526.322800 31507.000000 4685.587402 27647.152344
1527.956200 32676.000000 5667.705078 27871.716797
1529.589400 33656.000000 6804.337402 28180.576172
1531.220800 35214.000000 8505.246094 28403.574219
1532.851900 37144.000000 10209.651367 28693.593750
1534.481400 39283.000000 12397.129883 29144.847656
1536.110600 41287.000000 14398.697266 29564.646484
1537.738000 43725.000000 16796.464844 29888.535156
1539.365200 46088.000000 18688.757812 30072.865234
1540.990700 47763.000000 20473.660156 30033.621094
1542.616000 48568.000000 21241.898438 29988.962891
1544.239500 48436.000000 20905.875000 29723.681641
1545.862700 47287.000000 19754.068359 29506.197266
1547.484400 45221.000000 17547.361328 29368.291016
1549.105600 42669.000000 15236.921875 29286.703125
1550.725100 40232.000000 12727.470703 28963.304688
1552.344500 38048.000000 10657.005859 28790.136719
1553.962000 35947.000000 8801.201172 28715.822266
1555.579300 34564.000000 7280.725586 28480.820312
1557.195100 33144.000000 5862.473633 28282.289062
1558.810400 32241.000000 4775.968262 28251.144531
1560.424100 31229.000000 3934.442139 28200.822266
1562.037500 30341.000000 3312.918701 28032.707031
1563.649200 30052.000000 2768.054199 27878.234375
1565.260600 29411.000000 2314.694336 27813.503906
1566.870500 29214.000000 1988.477539 27730.732422
1568.479900 28884.000000 1754.797241 27557.953125
1570.089100 28651.000000 1566.174072 27455.236328
1571.695200 28374.000000 1417.707886 27392.910156
1573.302500 28449.000000 1305.122192 27328.246094
1574.906500 28081.000000 1208.145752 27219.611328
1576.511800 28005.000000 1098.265747 27148.158203
1578.115500 28180.000000 1015.499329 27112.136719
1579.717400 27856.000000 949.878784 27110.943359
1581.319100 27665.000000 896.347961 27016.101562
1582.919100 27797.000000 821.064636 26968.023438
1584.518700 27417.000000 763.634766 26946.619141
1586.116600 27419.000000 725.848022 26941.628906
1587.714500 27331.000000 684.881531 26868.080078
1589.310500 27323.000000 629.680664 26836.000000
1590.906300 27154.000000 591.042786 26820.449219
1592.501800 27134.000000 564.664062 26824.390625
1594.095700 27055.000000 544.400696 26785.132812
1595.687900 26919.000000 505.967773 26781.308594
1597.279700 26959.000000 476.781403 26771.410156
1598.869900 26928.000000 456.882507 26776.628906
1600.459700 27005.000000 437.490906 26728.806641
1602.048100 26853.000000 407.184509 26722.039062
1603.636000 26949.000000 384.784393 26697.066406
1605.223900 26958.000000 368.114044 26699.972656
1606.809800 26757.000000 359.466705 26670.554688
1608.394200 26758.000000 337.210419 26696.617188
1609.978300 26696.000000 317.082367 26699.744141
1611.560700 26699.000000 303.809631 26724.433594
1613.142900 26992.000000 294.940613 26686.201172
1614.724700 27044.000000 281.655334 26681.259766
1616.304900 26859.000000 274.446625 26664.316406
1617.883500 26873.000000 267.765350 26690.246094
1619.461800 26868.000000 260.652771 26670.039062
1621.038300 26886.000000 243.384033 26688.695312
1622.614700 26940.000000 231.220779 26673.843750
1624.190800 26919.000000 225.333374 26690.042969
1625.765300 27000.000000 221.651031 26648.380859
1627.337900 26969.000000 213.124878 26668.412109
1628.910400 26796.000000 209.728241 26660.148438
1630.482700 26923.000000 206.409454 26688.453125
1632.053200 26832.000000 200.921906 26663.638672
1633.622100 26900.000000 185.682693 26685.843750
1635.190600 26828.000000 174.765518 26669.824219
1636.759000 26911.000000 169.842941 26683.126953
1638.325700 26931.000000 167.622711 26640.619141
1639.890700 26876.000000 162.737061 26651.992188
1641.455400 26834.000000 161.588028 26634.410156
1643.019900 26817.000000 160.669556 26657.275391
1644.582800 26679.000000 160.886322 26633.679688
1646.143900 26657.000000 157.978378 26661.847656
1647.704700 26801.000000 158.723297 26646.605469
1649.265500 26823.000000 160.088593 26659.562500
1650.824500 26687.000000 162.633041 26614.556641
1652.381600 26897.000000 160.315872 26623.648438
1653.938700 26760.000000 162.485291 26606.000000
1655.495500 26748.000000 165.161133 26615.484375
1657.050700 26668.000000 167.576355 26573.210938
1658.604100 26567.000000 166.273590 26574.382812
1660.157200 26746.000000 167.810043 26528.603516
1661.710200 26630.000000 168.547577 26515.113281
1663.261500 26516.000000 169.580048 26469.447266
1664.811200 26405.000000 164.446548 26485.060547
1666.361900 26291.000000 164.434296 26451.937500
1667.909700 26514.000000 164.574875 26428.652344
1669.457200 26528.000000 163.979736 26376.880859
1671.004300 26291.000000 157.349335 26379.986328
1672.549900 26314.000000 153.397675 26337.289062
1674.093600 26321.000000 150.824844 26329.492188
1675.637300 26401.000000 150.553665 26276.226562
1677.180800 26310.000000 148.569778 26274.884766
1678.722400 26350.000000 150.547226 26223.689453
1680.263900 26329.000000 151.728180 26215.009766
1681.803700 26173.000000 152.433731 26152.423828
1683.341800 26332.000000 148.135406 26139.498047
1684.881200 26250.000000 146.000534 26091.597656
1686.417500 26158.000000 144.351852 26088.281250
1687.953400 26114.000000 142.870392 26027.845703
1689.489100 26134.000000 139.075638 26014.289062
1691.023200 26124.000000 139.712402 25958.818359
1692.557100 25999.000000 140.896439 25945.607422
1694.089200 26027.000000 140.529144 25873.314453
1695.619800 25856.000000 134.636795 25861.691406
1697.151500 25830.000000 130.790451 25812.300781
1698.680200 25794.000000 127.666550 25821.349609
1700.208500 25790.000000 124.972916 25781.125000
1701.736600 25691.000000 120.977219 25780.333984
1703.263100 25881.000000 120.861954 25730.550781
1704.789300 25793.000000 121.923317 25732.027344
1706.314000 25812.000000 120.818199 25664.162109
1707.838100 25858.000000 113.417625 25655.367188
1709.361000 25591.000000 107.315170 25607.625000
1710.883300 25661.000000 102.487587 25620.175781
1712.404100 25643.000000 99.380989 25575.544922
1713.923100 25729.000000 96.866356 25557.148438
1715.443500 25625.000000 96.737267 25498.572266
1716.960700 25418.000000 97.302383 25509.820312
1718.479100 25609.000000 95.935730 25459.917969
1719.994500 25603.000000 91.176025 25449.306641
1721.509600 25384.000000 88.197357 25399.468750
1723.024400 25373.000000 86.526764 25424.941406
1724.537600 25457.000000 84.989914 25392.558594
1726.050700 25504.000000 82.652336 25380.916016
1727.561900 25498.000000 82.530846 25316.716797
1729.073000 25386.000000 83.168381 25336.919922
1730.582400 25362.000000 82.709206 25290.318359
1732.091700 25569.000000 79.519302 25275.068359
1733.599200 25230.000000 78.753029 25215.800781
1735.106600 25375.000000 79.371704 25218.281250
1736.612100 25150.000000 79.329094 25166.044922
1738.117600 25124.000000 77.548569 25149.892578
1739.621300 25172.000000 77.713417 25093.156250
1741.125000 25022.000000 79.894554 25104.472656
1742.626800 24974.000000 80.541718 25058.373047
1744.128400 24832.000000 78.349289 25060.734375
1745.628500 25083.000000 77.042236 25008.539062
1747.128300 24989.000000 77.835487 25012.300781
1748.626300 25060.000000 78.665451 24956.376953
1750.124300 24861.000000 77.371918 24968.929688
1751.620500 24839.000000 77.545929 24935.099609
1753.116600 24902.000000 78.876869 24966.466797
1754.612400 25034.000000 80.015121 24929.201172
1756.105100 24999.000000 78.084229 24919.273438
1757.599100 24912.000000 77.396553 24866.111328
1759.091300 24863.000000 77.628731 24887.802734
1760.582000 24864.000000 78.325752 24849.048828
1762.072400 24896.000000 77.152428 24834.882812
1763.561000 24689.000000 78.193924 24780.017578
1765.049600 24621.000000 80.052902 24807.980469
1766.536500 24782.000000 81.173889 24784.386719
1768.023200 24685.000000 78.818619 24778.519531
1769.508100 24663.000000 77.058121 24724.457031
1770.992900 24707.000000 76.542862 24740.882812
1772.477500 24623.000000 76.876541 24710.650391
1773.959000 24662.000000 74.222977 24711.208984
1775.441700 24652.000000 74.096039 24656.927734
1776.922700 24469.000000 75.665176 24678.962891
1778.402100 24624.000000 77.267868 24651.255859
1779.881300 24500.000000 75.131783 24657.189453
1781.358900 24456.000000 74.476341 24608.378906
1782.836200 24558.000000 75.124062 24624.550781
1784.311900 24511.000000 77.198242 24600.833984
1785.787400 24576.000000 75.119797 24603.326172
1787.262600 24432.000000 75.437790 24562.371094
1788.736200 24525.000000 76.636856 24600.763672
1790.208300 24518.000000 78.629707 24604.666016
1791.679800 24690.000000 76.334686 24600.203125
1793.150000 24494.000000 75.554733 24542.861328
1794.619900 24596.000000 75.189316 24545.615234
1796.089600 24566.000000 75.881569 24510.191406
1797.557600 24382.000000 72.646362 24504.492188
1799.023900 24337.000000 71.241882 24457.375000
1800.490100 24365.000000 71.469986 24473.048828
1801.954600 24426.000000 73.413803 24449.660156
1803.418900 24373.000000 71.656746 24432.175781
1804.883100 24120.000000 71.408920 24389.427734
1806.345500 24418.000000 71.442490 24403.097656
1807.806400 24293.000000 72.364166 24382.966797
1809.266800 24251.000000 68.993561 24378.763672
1810.727400 24252.000000 68.560165 24341.548828
1812.186000 24329.000000 69.699699 24362.138672
1813.643300 24278.000000 71.662041 24344.367188
1815.100100 24331.000000 69.980164 24338.910156
1816.556800 24264.000000 70.188248 24301.218750
1818.010400 24232.000000 69.769310 24327.078125
1819.465300 24156.000000 69.435562 24314.267578
1820.918500 24284.000000 65.222069 24315.173828
1822.370100 24223.000000 64.213737 24289.263672
1823.821400 24485.000000 64.785713 24284.037109
1825.272600 24198.000000 66.541283 24259.025391
1826.722200 24246.000000 64.659515 24253.435547
1828.169900 24176.000000 64.402817 24219.830078
1829.617600 24102.000000 63.919762 24241.789062
1831.065200 24144.000000 63.595238 24224.652344
1832.511000 24193.000000 60.873699 24222.617188
1833.956500 24091.000000 60.799694 24194.980469
1835.400500 24245.000000 61.367645 24206.365234
1836.842900 24332.000000 63.175220 24178.666016
1838.285200 24220.000000 61.705151 24159.287109
1839.727100 23964.000000 62.290794 24129.109375
1841.167400 24171.000000 62.370953 24149.572266
1842.606100 24192.000000 62.734352 24126.138672
1844.044400 24094.000000 60.787598 24093.501953
1845.482800 24050.000000 62.089336 24056.203125
1846.919400 24073.000000 63.752403 24077.400391
1848.356000 24026.000000 65.319603 24060.708984
1849.790800 24111.000000 63.791069 24044.160156
1851.224000 24133.000000 64.747253 24009.779297
1852.656900 24059.000000 65.651505 24032.253906
1854.089700 24002.000000 66.615189 24019.363281
1855.520800 24073.000000 64.553276 24026.667969
1856.951800 24001.000000 64.588493 24026.539062
1858.381100 24140.000000 64.753143 24048.726562
1859.808700 24135.000000 65.673553 24031.392578
1861.236300 24155.000000 63.674019 24020.259766
1862.663500 24083.000000 63.308479 24000.431641
1864.089100 23906.000000 61.873177 24075.074219
1865.514600 24077.000000 60.376411 24077.541016
1866.938500 24137.000000 57.444172 24095.300781
1868.360700 24279.000000 59.052155 24064.695312
1869.784200 24160.000000 61.827797 24095.738281
1871.204500 24091.000000 64.647324 24087.351562
1872.624600 24078.000000 62.848164 24116.482422
1874.044700 24188.000000 61.518799 24088.962891
1875.463000 24218.000000 61.270210 24097.080078
1876.881200 24131.000000 62.804798 24105.679688
1878.297700 24257.000000 63.206776 24104.142578
1879.714100 24058.000000 64.225021 24075.933594
1881.128800 24286.000000 64.702309 24109.332031
1882.541900 24272.000000 64.731247 24094.244141
1883.956200 24402.000000 60.613289 23994.970703
1885.367400 24390.000000 53.819447 23759.714844
1886.778600 24134.000000 56.067280 23542.021484
1888.189500 24462.000000 75.533165 23549.960938
