Raman_Shift Original_Spectrum Predicted_Raman Predicted_Baseline
294.894650 50860.000000 425.955231 50139.621094
297.232540 50842.000000 486.497406 49686.351562
299.568300 50752.000000 498.505676 49772.464844
301.905240 51019.000000 464.535492 50213.015625
304.238400 51115.000000 488.760590 50578.890625
306.571040 50989.000000 515.010376 50483.375000
308.903260 51613.000000 518.481812 50493.683594
311.233340 51759.000000 520.250061 50566.171875
313.562930 51402.000000 537.968811 50481.343750
315.890440 51631.000000 570.256958 50465.378906
318.215790 51411.000000 610.371826 50509.859375
320.540680 51532.000000 681.556030 50528.953125
322.865110 51608.000000 767.451538 50581.542969
325.187410 51386.000000 842.576843 50577.785156
327.509250 52163.000000 917.647278 50654.863281
329.828920 52394.000000 1008.849121 50696.996094
332.148160 52670.000000 1120.917480 50800.812500
334.465270 53041.000000 1241.789673 50870.671875
336.781950 53150.000000 1386.049316 50965.082031
339.096470 53164.000000 1571.675903 51024.769531
341.408870 53643.000000 1795.330811 51175.710938
343.722530 53934.000000 2075.938721 51327.957031
346.032350 54728.000000 2428.117676 51554.015625
348.341740 55118.000000 2872.669678 51775.281250
350.650670 56204.000000 3467.819580 52041.250000
352.957460 56773.000000 4111.869141 52314.437500
355.263760 57821.000000 4798.246582 52650.976562
357.568020 58240.000000 5404.134277 52856.746094
359.871800 58817.000000 5953.696289 53019.238281
362.173430 58996.000000 6232.881836 53078.945312
364.474640 59262.000000 6382.602539 53230.312500
366.773710 59127.000000 6338.372070 53356.101562
369.072360 58655.000000 6370.386719 53435.625000
371.368870 58907.000000 6469.841797 53482.679688
373.664920 59175.000000 6685.678223 53613.089844
375.958890 59634.000000 6860.638184 53755.335938
378.252380 60109.000000 7188.526367 53849.566406
380.543790 60674.000000 7584.169434 53959.152344
382.834750 61243.000000 8108.229004 54104.921875
385.123570 61604.000000 8386.590820 54151.226562
387.411960 61920.000000 8357.065430 54132.695312
389.698210 61727.000000 7979.126465 54012.296875
391.984070 61121.000000 7319.516602 54050.757812
394.267790 59767.000000 6392.887695 53990.871094
396.551060 58575.000000 5401.288086 53902.039062
398.832210 57605.000000 4497.446777 53736.257812
401.112950 56933.000000 3792.164062 53675.437500
403.391570 56478.000000 3179.737061 53495.640625
405.669770 55783.000000 2659.655762 53393.695312
407.945860 55616.000000 2250.219971 53326.785156
410.221470 54970.000000 1946.557251 53267.468750
412.495030 54733.000000 1698.004272 53145.203125
414.768100 54380.000000 1501.440796 53059.109375
417.039090 54301.000000 1334.677124 53012.203125
419.309630 53941.000000 1197.250977 52975.968750
421.579740 53791.000000 1083.520996 52859.160156
423.846100 53454.000000 984.059692 52826.312500
426.113680 53374.000000 920.667786 52789.632812
428.377470 53458.000000 867.753418 52770.460938
430.642520 53083.000000 823.327026 52702.566406
432.905460 53345.000000 771.272217 52680.863281
435.166320 53340.000000 726.403381 52660.687500
437.426700 53171.000000 702.443970 52666.964844
439.685060 53245.000000 697.260132 52599.691406
441.942900 53126.000000 690.091309 52602.445312
444.198730 53122.000000 685.178589 52588.250000
446.454070 53260.000000 680.969849 52588.421875
448.708980 53142.000000 680.604614 52525.511719
450.961820 53095.000000 678.625366 52530.703125
453.212550 53077.000000 685.655212 52507.296875
455.462890 53143.000000 697.123169 52499.992188
457.711120 53048.000000 723.449768 52445.894531
459.958920 53017.000000 734.435974 52457.992188
462.204590 52941.000000 725.937683 52451.167969
464.449890 53107.000000 719.047241 52445.000000
466.694760 53348.000000 726.165283 52388.507812
468.937500 52914.000000 728.278687 52407.976562
471.178160 53081.000000 740.417542 52396.511719
473.418460 53112.000000 752.383240 52400.859375
475.656620 52946.000000 786.817993 52355.992188
477.894380 53177.000000 825.893677 52360.851562
480.131680 53231.000000 871.073425 52370.101562
482.366910 53267.000000 917.295898 52401.914062
484.600040 53546.000000 984.096985 52365.324219
486.832790 53805.000000 1066.295532 52364.875000
489.063450 54085.000000 1173.026855 52354.464844
491.293670 54105.000000 1304.174438 52356.468750
493.523500 54017.000000 1496.205566 52338.253906
495.751190 54548.000000 1765.540039 52398.765625
497.976840 55185.000000 2102.018311 52487.761719
500.202090 55882.000000 2555.779785 52603.687500
502.426910 56438.000000 3166.256348 52685.867188
504.649660 57448.000000 4072.885498 52830.011719
506.870270 58460.000000 5395.576172 52996.500000
509.090550 59496.000000 7057.059570 53186.785156
511.310360 61039.000000 8428.837891 53170.273438
513.528140 61868.000000 8912.252930 53018.164062
515.743770 61023.000000 8273.695312 52839.628906
517.959110 59449.000000 6869.199219 52810.164062
520.173890 57454.000000 5272.541992 52642.972656
522.386660 55748.000000 3993.060059 52412.402344
524.597410 54776.000000 3094.379395 52155.597656
526.807740 53872.000000 2508.745850 52030.574219
529.017580 53382.000000 2123.575928 51804.652344
531.225400 53127.000000 1841.407471 51641.031250
533.431210 52723.000000 1627.250244 51560.843750
535.636470 52446.000000 1499.789185 51487.343750
537.841430 52327.000000 1425.259766 51357.062500
540.044310 52454.000000 1360.041382 51252.812500
542.245120 52624.000000 1325.422852 51214.257812
544.445500 52675.000000 1315.273682 51204.867188
546.645450 52303.000000 1328.552002 51153.546875
548.843380 52260.000000 1377.061768 51153.664062
551.040830 52600.000000 1408.705688 51155.710938
553.236330 52609.000000 1463.746460 51184.371094
555.429690 52943.000000 1571.026123 51136.597656
557.622680 53086.000000 1742.069092 51154.484375
559.815250 53513.000000 2010.254150 51230.503906
562.005800 54161.000000 2444.460449 51440.531250
564.195920 54664.000000 3222.087891 51677.531250
566.383910 56393.000000 4523.387695 51987.765625
568.569950 58556.000000 6492.598633 52331.656250
570.755550 61050.000000 8942.495117 52344.972656
572.940730 62658.000000 9982.862305 52208.738281
575.123900 60683.000000 8697.636719 51979.500000
577.306640 57826.000000 6387.251953 51791.449219
579.487300 55517.000000 4497.291016 51672.714844
581.665950 54548.000000 3322.084473 51423.976562
583.844120 54006.000000 2699.805176 51160.542969
586.021970 53672.000000 2375.832031 50966.667969
588.197750 53370.000000 2242.055176 50910.718750
590.373170 53691.000000 2202.421631 50828.347656
592.546450 53582.000000 2194.511230 50700.781250
594.719420 53328.000000 2256.329590 50658.351562
596.890260 54002.000000 2379.119141 50652.105469
599.059140 53685.000000 2564.178711 50643.843750
601.229190 53883.000000 2870.362793 50590.250000
603.395570 54509.000000 3173.554199 50717.039062
605.561580 55002.000000 3609.674316 50923.152344
607.727170 55989.000000 4277.973633 51126.687500
609.890750 56847.000000 5324.030762 51304.582031
612.053960 58259.000000 6689.487305 51488.187500
614.215030 59587.000000 8227.772461 51641.121094
616.375790 60439.000000 9103.666016 51736.402344
618.534480 59980.000000 9252.430664 51612.804688
620.692750 59856.000000 8670.421875 51518.781250
622.849000 59388.000000 8172.771973 51591.554688
625.004820 58951.000000 7893.186523 51587.789062
627.158750 59884.000000 8345.098633 51399.074219
629.310490 60262.000000 8957.260742 51301.082031
631.463560 61299.000000 10172.941406 51344.324219
633.612920 62170.000000 11615.255859 51576.101562
635.763490 64617.000000 14274.388672 51747.980469
637.910460 67016.000000 17055.753906 52169.648438
640.058650 72162.000000 21403.763672 52572.886719
642.203190 77409.000000 25085.644531 52941.039062
644.348880 81108.000000 30388.707031 53583.929688
646.491030 87427.000000 35853.285156 54291.328125
648.634400 94588.000000 44060.503906 54886.550781
650.774050 103174.000000 51441.316406 55362.070312
652.914980 112141.000000 59491.320312 54609.820312
655.052250 116635.000000 62494.105469 54187.625000
657.190730 112930.000000 56915.875000 53769.007812
659.325620 103801.000000 49535.398438 53169.910156
661.461730 94866.000000 41786.386719 52154.566406
663.594180 87575.000000 36054.222656 52490.207031
665.727910 81694.000000 31389.136719 53105.335938
667.857910 77939.000000 27842.734375 52893.980469
669.989200 73673.000000 24088.632812 52878.628906
672.118470 72926.000000 21337.201172 53174.828125
674.245670 67794.000000 18189.259766 53224.898438
676.372560 65674.000000 15835.369141 53017.085938
678.497380 63749.000000 13112.893555 52774.910156
680.621830 62049.000000 10984.516602 52852.402344
682.744320 60039.000000 9046.050781 52673.128906
684.866390 58840.000000 7786.626465 52287.582031
686.986450 57528.000000 6672.589844 52090.015625
689.106080 56886.000000 5795.458008 52097.550781
691.223750 56191.000000 5148.116699 52000.562500
693.341000 56055.000000 4704.933594 51773.632812
695.457820 55586.000000 4360.133789 51615.132812
697.571110 55521.000000 4147.826172 51645.070312
699.685610 55303.000000 4201.865234 51679.125000
701.798100 55958.000000 4472.149902 51764.949219
703.908570 56898.000000 5194.340820 51913.906250
706.018620 58133.000000 6282.467285 52174.824219
708.126770 58870.000000 7519.141602 52249.414062
710.234380 59896.000000 8248.534180 52078.257812
712.340150 59554.000000 8028.578125 51972.734375
714.445430 58653.000000 6915.392090 51935.585938
716.550350 56828.000000 5503.001953 51916.097656
718.653260 55259.000000 4195.641602 51710.886719
720.754270 54504.000000 3248.001953 51563.765625
722.854800 53658.000000 2617.421143 51411.312500
724.953370 53046.000000 2191.165039 51316.835938
727.051570 52618.000000 1894.697876 51125.160156
729.149350 52241.000000 1629.479858 51000.824219
731.243530 52185.000000 1448.068115 50941.949219
733.338990 52175.000000 1316.157593 50885.125000
735.432370 51962.000000 1205.868042 50784.472656
737.523800 51754.000000 1119.897705 50697.035156
739.614870 51831.000000 1064.124756 50660.718750
741.705570 51302.000000 1016.117676 50646.464844
743.792600 51388.000000 982.151672 50553.265625
745.880920 51183.000000 934.542664 50531.433594
747.967220 51414.000000 901.718445 50515.933594
750.051570 51020.000000 877.664551 50534.960938
752.135500 51236.000000 862.730286 50469.195312
754.219120 51330.000000 822.098816 50449.152344
756.300720 51327.000000 797.567261 50453.496094
758.380310 51265.000000 779.921265 50485.699219
760.459530 51140.000000 767.630005 50448.804688
762.538390 50650.000000 734.997314 50469.347656
764.615300 51197.000000 717.988647 50457.906250
766.690190 51282.000000 712.376587 50471.464844
768.764710 50909.000000 715.048767 50434.765625
770.838810 51018.000000 696.760498 50459.089844
772.909360 50949.000000 679.117371 50478.984375
774.981140 50815.000000 663.855103 50504.246094
777.050960 51074.000000 660.184021 50461.554688
779.120420 51160.000000 648.597778 50487.281250
781.187870 51025.000000 650.630127 50482.578125
783.253420 50915.000000 655.399353 50501.882812
785.318480 50907.000000 662.958313 50459.906250
787.383240 50998.000000 643.735718 50480.601562
789.445980 50914.000000 625.650269 50479.007812
791.506770 50794.000000 611.612976 50490.464844
793.567260 51236.000000 611.858765 50447.750000
795.627260 51126.000000 600.010010 50468.726562
797.685360 51002.000000 594.254028 50438.839844
799.741520 50993.000000 591.414185 50444.488281
801.797240 51019.000000 599.385437 50382.726562
803.852600 51115.000000 588.391907 50395.812500
805.906010 50577.000000 583.785278 50390.968750
807.959050 50872.000000 580.952942 50396.312500
810.010130 50625.000000 588.148743 50359.648438
812.059200 50741.000000 595.810303 50356.539062
814.107970 51070.000000 610.970825 50329.437500
816.156370 50948.000000 626.123169 50326.710938
818.202760 50884.000000 645.069153 50256.218750
820.247190 50796.000000 638.441650 50264.093750
822.292850 50785.000000 632.971130 50239.281250
824.335020 50911.000000 627.124329 50240.914062
826.376770 50791.000000 627.098816 50184.414062
828.418090 50776.000000 618.689880 50185.515625
830.457520 50566.000000 625.429565 50144.023438
832.496640 50945.000000 635.845825 50121.289062
834.533690 50747.000000 648.864075 50053.910156
836.568910 50480.000000 642.790894 50053.281250
838.603700 50473.000000 645.449158 50004.539062
840.638060 50910.000000 654.901550 49969.324219
842.670530 50472.000000 667.761353 49903.613281
844.702640 50181.000000 663.011353 49896.378906
846.732790 50493.000000 663.204346 49844.007812
848.762570 50538.000000 669.569763 49821.851562
850.790470 50259.000000 693.428955 49737.617188
852.816350 50430.000000 708.411377 49725.949219
854.843440 50266.000000 714.609680 49677.218750
856.867070 50615.000000 729.621216 49650.679688
858.890200 50432.000000 758.343872 49559.496094
860.913150 50442.000000 782.621033 49527.066406
862.934020 50334.000000 821.622253 49506.574219
864.954530 50400.000000 877.932922 49543.097656
866.973140 50447.000000 951.788574 49517.468750
868.991390 50524.000000 1032.725708 49520.683594
871.007690 51198.000000 1143.041382 49505.128906
873.023620 51165.000000 1302.271240 49508.179688
875.037660 50960.000000 1547.953491 49478.035156
877.051270 51734.000000 1873.303711 49529.921875
879.062990 52161.000000 2283.861816 49578.632812
881.074340 52647.000000 2778.209229 49733.324219
883.083740 53400.000000 3345.874512 49805.386719
885.092770 54416.000000 4026.711670 49868.402344
887.099850 54828.000000 4707.573730 49881.066406
889.104980 55479.000000 5261.711426 49977.339844
891.111450 55021.000000 5463.742676 49946.589844
893.114260 54868.000000 5240.646484 49875.656250
895.118410 54472.000000 4715.367188 49733.992188
897.119020 53678.000000 4063.131592 49638.218750
899.120790 52658.000000 3364.405029 49393.492188
901.119080 51807.000000 2754.358154 49174.695312
903.118650 51314.000000 2264.085938 48951.593750
905.114620 50552.000000 1912.139893 48800.949219
907.111880 49937.000000 1649.095703 48565.648438
909.107180 49621.000000 1408.683228 48381.867188
911.100520 49304.000000 1234.563354 48250.371094
913.093630 48953.000000 1117.909790 48106.828125
915.084660 48818.000000 1040.217529 47948.324219
917.075380 48885.000000 992.347473 47806.488281
919.064210 48496.000000 947.331360 47700.390625
921.052730 48426.000000 922.476685 47622.066406
923.039310 48515.000000 911.533875 47507.972656
925.025450 48416.000000 904.925964 47413.632812
927.009770 48119.000000 917.807617 47338.468750
928.993650 48262.000000 945.540039 47327.796875
930.975590 48366.000000 988.750305 47258.765625
932.957280 47992.000000 1026.551270 47192.230469
934.937010 48200.000000 1060.854248 47172.144531
936.916380 48425.000000 1117.104736 47200.660156
938.895390 48576.000000 1190.869873 47168.207031
940.870970 48165.000000 1282.596436 47146.378906
942.847660 48653.000000 1404.128296 47188.687500
944.822510 48698.000000 1576.512817 47310.871094
946.795470 48876.000000 1808.957031 47366.398438
948.768010 49411.000000 2134.312988 47412.800781
950.738710 49710.000000 2486.230713 47439.921875
952.708980 50406.000000 2947.618896 47521.015625
954.677310 51080.000000 3511.091797 47577.972656
956.645390 51666.000000 4236.768555 47625.335938
958.613160 52418.000000 5065.155273 47652.117188
960.578920 53198.000000 6013.464844 47870.496094
962.542720 54297.000000 6961.132812 48101.710938
964.506290 55123.000000 7992.380371 48197.527344
966.467960 56001.000000 8785.314453 48197.714844
968.429260 56676.000000 9322.596680 48267.722656
970.390140 56633.000000 9313.636719 48295.535156
972.347660 55997.000000 8855.064453 48202.796875
974.306270 54965.000000 8050.132812 48021.125000
976.263060 53698.000000 7083.149414 47861.960938
978.218020 52181.000000 6013.079102 47655.097656
980.172490 51226.000000 5022.121094 47489.832031
982.125120 50203.000000 4206.506348 47282.500000
984.077390 50095.000000 3584.770752 47172.410156
986.029360 49139.000000 3075.957520 47022.773438
987.979370 48844.000000 2608.997559 46868.285156
989.927490 48313.000000 2215.450195 46759.160156
991.875310 47916.000000 1904.649048 46677.628906
993.822750 47414.000000 1663.572021 46566.261719
995.768370 47459.000000 1472.189087 46441.839844
997.711980 47039.000000 1320.922607 46351.941406
999.655270 46694.000000 1202.971069 46309.007812
1001.596700 46767.000000 1114.302490 46246.218750
1003.537700 46583.000000 1031.621094 46150.460938
1005.478600 46203.000000 971.626160 46089.484375
1007.417400 46623.000000 930.186340 46058.960938
1009.354300 46624.000000 905.166809 45963.636719
1011.291000 46031.000000 871.757202 45852.609375
1013.227200 46046.000000 846.735046 45800.792969
1015.161600 46286.000000 830.832520 45803.382812
1017.094100 45999.000000 824.328430 45765.710938
1019.026200 46137.000000 800.203735 45682.402344
1020.958000 46146.000000 785.146667 45621.953125
1022.888000 45828.000000 787.366028 45650.597656
1024.816000 46177.000000 807.513794 45599.070312
1026.743800 45650.000000 823.875671 45573.105469
1028.671100 45984.000000 830.332214 45600.941406
1030.596600 46188.000000 844.844360 45674.042969
1032.521700 46057.000000 872.836121 45700.191406
1034.444900 46463.000000 901.519531 45665.355469
1036.366300 46371.000000 935.840820 45680.812500
1038.287400 46692.000000 982.337219 45737.707031
1040.208100 46388.000000 1047.324463 45726.113281
1042.127000 46289.000000 1113.772827 45718.324219
1044.043800 46429.000000 1182.317017 45774.242188
1045.960400 46718.000000 1281.120850 45886.527344
1047.876700 46820.000000 1404.731689 45933.855469
1049.791000 46928.000000 1558.474976 45976.980469
1051.705100 47305.000000 1751.338257 46061.972656
1053.617300 47886.000000 2024.313721 46248.132812
1055.527600 47854.000000 2369.710205 46384.644531
1057.437500 48777.000000 2831.292236 46460.144531
1059.347300 49569.000000 3352.772949 46524.097656
1061.255000 49936.000000 3982.593018 46662.230469
1063.162500 50585.000000 4700.872559 46783.207031
1065.068000 51410.000000 5550.653809 46937.878906
1066.971700 52280.000000 6427.666504 47050.578125
1068.875000 53313.000000 7325.358398 47164.941406
1070.778100 54178.000000 7926.821777 47229.734375
1072.679200 54558.000000 8123.497070 47212.992188
1074.580000 53911.000000 7851.954102 47090.042969
1076.479000 53008.000000 7224.816406 47025.878906
1078.377600 51811.000000 6342.120117 46893.253906
1080.274400 51234.000000 5421.410156 46738.816406
1082.169200 50355.000000 4588.836914 46534.878906
1084.065300 49178.000000 3894.727295 46445.605469
1085.958000 48186.000000 3285.696777 46278.386719
1087.850300 47533.000000 2746.779785 46157.421875
1089.742400 47535.000000 2320.822754 46068.886719
1091.632600 47026.000000 1998.872437 45990.488281
1093.522500 46767.000000 1760.827515 45918.210938
1095.410400 46598.000000 1567.411377 45805.402344
1097.298100 46457.000000 1423.847412 45746.792969
1099.183800 46340.000000 1318.861572 45687.738281
1101.069300 46260.000000 1246.684814 45593.144531
1102.952900 46038.000000 1175.272461 45500.488281
1104.834600 46088.000000 1135.914795 45472.308594
1106.717700 46422.000000 1116.568115 45406.718750
1108.597200 46063.000000 1100.099121 45321.777344
1110.477900 45898.000000 1074.255859 45225.984375
1112.355300 45925.000000 1054.828857 45187.371094
1114.232300 45906.000000 1057.416992 45169.027344
1116.109100 45873.000000 1077.708374 45148.546875
1117.984000 46000.000000 1099.503540 45073.343750
1119.858500 45826.000000 1110.223511 45127.191406
1121.731300 46162.000000 1127.477661 45191.574219
1123.603600 46449.000000 1148.378906 45231.667969
1125.474100 46796.000000 1171.840088 45160.976562
1127.344400 47115.000000 1209.230347 45121.183594
1129.212600 46820.000000 1255.243774 45091.160156
1131.080700 46692.000000 1313.839355 45090.605469
1132.946900 46592.000000 1379.880127 45072.292969
1134.812700 46677.000000 1443.231689 45095.261719
1136.676800 46759.000000 1521.821167 45092.734375
1138.540400 46871.000000 1637.852661 45078.765625
1140.402300 47327.000000 1771.089478 45005.250000
1142.263800 47178.000000 1933.345703 45007.179688
1144.123400 47714.000000 2149.467285 45049.875000
1145.982800 47734.000000 2455.216309 45152.593750
1147.841800 47891.000000 2890.801025 45171.769531
1149.697500 49039.000000 3337.908203 45246.281250
1151.554400 49442.000000 3935.920410 45331.757812
1153.407800 50037.000000 4655.194824 45418.437500
1155.262600 51060.000000 5573.663086 45441.367188
1157.115500 52291.000000 6535.051270 45569.355469
1158.966400 53110.000000 7546.653320 45695.046875
1160.817100 54242.000000 8350.800781 45856.925781
1162.666000 54922.000000 9011.830078 45848.207031
1164.514500 54765.000000 9123.505859 45786.433594
1166.361300 54478.000000 8939.380859 45777.808594
1168.207600 53824.000000 8378.724609 45743.722656
1170.052200 52850.000000 7851.698242 45606.957031
1171.896500 52263.000000 7387.873535 45472.125000
1173.740400 52256.000000 7046.174316 45405.503906
1175.580900 51777.000000 6748.100098 45320.546875
1177.422900 52005.000000 6659.604492 45125.375000
1179.262700 52193.000000 6710.024414 45071.312500
1181.100700 52394.000000 7182.584473 45026.824219
1182.938600 53085.000000 7859.296875 45051.023438
1184.774500 54087.000000 9108.477539 45036.996094
1186.610200 55499.000000 10353.624023 45233.371094
1188.444000 56707.000000 12087.375000 45625.964844
1190.277500 59101.000000 14044.539062 46152.933594
1192.110700 61777.000000 16539.394531 46537.527344
1193.942000 64032.000000 18545.222656 46837.148438
1195.771600 65600.000000 20104.058594 46863.421875
1197.600700 65865.000000 20386.345703 46775.367188
1199.428100 65413.000000 19574.425781 46455.808594
1201.255200 64084.000000 18128.232422 46389.039062
1203.082000 62258.000000 16162.228516 46372.730469
1204.907000 60238.000000 14141.182617 46349.761719
1206.730100 58519.000000 12389.246094 46207.484375
1208.552900 57366.000000 11027.599609 46314.136719
1210.373900 56614.000000 10222.237305 46343.730469
1212.194600 56067.000000 9831.169922 46184.558594
1214.015000 56317.000000 10047.960938 46077.132812
1215.833500 56589.000000 10434.267578 46325.980469
1217.650300 57908.000000 11571.826172 46624.582031
1219.466700 59630.000000 13043.789062 47148.968750
1221.281300 61723.000000 15463.057617 47854.953125
1223.095600 65095.000000 18259.148438 48666.117188
1224.909500 68921.000000 21922.224609 49206.164062
1226.721700 71885.000000 24744.925781 49401.363281
1228.532000 73272.000000 26126.425781 49246.730469
1230.342000 72517.000000 25209.578125 49005.640625
1232.151700 69877.000000 22302.076172 48714.871094
1233.959700 66528.000000 18997.808594 48493.253906
1235.765900 62924.000000 15403.289062 48106.050781
1237.571700 59823.000000 12479.025391 48134.460938
1239.377100 57508.000000 10248.396484 48185.164062
1241.180800 55878.000000 8675.865234 48072.195312
1242.982700 54595.000000 7553.229492 48037.550781
1244.784200 54343.000000 6875.570312 48171.140625
1246.585300 53760.000000 6616.981934 48243.816406
1248.384900 53510.000000 6603.372559 48144.808594
1250.182500 53860.000000 7150.292969 47933.484375
1251.979700 54428.000000 7729.822754 47990.906250
1253.776900 55740.000000 8874.185547 48034.394531
1255.572000 57173.000000 10238.607422 48099.582031
1257.365500 58758.000000 12422.529297 48153.398438
1259.160000 61839.000000 14756.943359 48245.714844
1260.951300 66214.000000 18667.929688 48599.601562
1262.742300 71315.000000 23362.291016 49220.734375
1264.533100 78599.000000 30865.166016 49973.523438
1266.322000 86975.000000 38327.406250 51094.871094
1268.109000 94335.000000 47515.738281 50945.535156
1269.895800 100251.000000 53060.300781 50197.097656
1271.682400 101384.000000 52707.492188 49324.343750
1273.466900 97896.000000 48405.636719 49037.375000
1275.251500 90527.000000 40740.550781 48464.222656
1277.033900 82331.000000 33650.976562 48486.242188
1278.814700 74657.000000 26370.785156 48235.085938
1280.595200 68705.000000 21239.271484 48545.171875
1282.375400 63477.000000 16922.042969 48937.601562
1284.153800 59812.000000 13859.335938 48735.968750
1285.931900 57768.000000 11106.008789 48780.992188
1287.708100 56305.000000 9358.587891 49253.562500
1289.482500 54816.000000 7696.127441 49435.339844
1291.256800 54132.000000 6686.118164 49460.140625
1293.030600 53402.000000 5707.847656 49472.195312
1294.802900 53023.000000 4970.734375 49659.847656
1296.574600 52778.000000 4407.243164 49627.742188
1298.344600 52161.000000 4057.547363 49506.921875
1300.114400 51819.000000 3789.743652 49427.890625
1301.882300 52071.000000 3604.260254 49498.464844
1303.648300 52032.000000 3532.611816 49554.367188
1305.415800 52432.000000 3556.387451 49510.113281
1307.179700 52534.000000 3645.035889 49475.066406
1308.943500 52972.000000 3816.559326 49562.015625
1310.707000 53197.000000 4107.493652 49694.292969
1312.468600 53418.000000 4498.317383 49756.980469
1314.230000 54296.000000 5054.451172 49772.460938
1315.989500 54863.000000 5559.416992 49882.582031
1317.748800 55490.000000 6343.551758 50083.292969
1319.506200 56809.000000 7302.712402 50381.773438
1321.263400 58309.000000 8972.511719 50613.699219
1323.018900 59752.000000 10781.722656 50933.796875
1324.774000 62346.000000 13125.654297 51513.640625
1326.527300 65335.000000 15609.521484 52113.675781
1328.278900 68333.000000 18731.085938 52573.125000
1330.031700 71024.000000 21314.443359 52808.019531
1331.781100 73234.000000 23389.107422 52763.917969
1333.531900 74054.000000 23715.183594 52690.257812
1335.279300 72470.000000 22282.240234 52287.207031
1337.027800 70191.000000 20138.445312 52081.410156
1338.773200 67427.000000 17405.234375 51931.031250
1340.518300 64742.000000 14753.198242 51869.707031
1342.263100 62908.000000 12331.251953 51537.062500
1344.006000 60796.000000 10477.583984 51331.468750
1345.748700 59489.000000 9007.845703 51272.031250
1347.489500 58447.000000 7812.668945 51081.292969
1349.230200 57350.000000 6782.152344 50904.546875
1350.969100 56645.000000 5921.832031 50965.234375
1352.707500 56441.000000 5346.295410 50934.503906
1354.445900 56231.000000 4937.270020 50815.187500
1356.180900 55940.000000 4790.773926 50624.171875
1357.917000 55823.000000 4785.021484 50616.246094
1359.649900 56084.000000 5001.593262 50590.304688
1361.384200 56266.000000 5344.276855 50521.882812
1363.115000 56809.000000 6055.721680 50487.800781
1364.847000 57440.000000 6797.730469 50694.277344
1366.577400 58347.000000 8056.230469 50990.437500
1368.305900 59939.000000 9523.947266 51407.851562
1370.034300 61554.000000 11748.751953 51891.550781
1371.760600 64572.000000 14274.637695 52447.109375
1373.486900 67437.000000 17524.082031 53170.984375
1375.211300 70990.000000 20523.130859 53714.671875
1376.935400 73819.000000 23088.785156 53711.324219
1378.657800 75235.000000 23868.568359 53549.394531
1380.380000 73762.000000 21913.314453 53360.953125
1382.100200 70308.000000 18828.828125 53222.605469
1383.820300 66732.000000 14991.543945 52728.085938
1385.540200 63441.000000 11799.168945 52611.832031
1387.256500 60817.000000 9272.258789 52576.628906
1388.974200 59206.000000 7300.572754 52388.792969
1390.690300 57301.000000 5736.098145 52258.699219
1392.404400 56654.000000 4609.264160 52280.316406
1394.118400 55763.000000 3817.293457 52315.546875
1395.830400 55342.000000 3297.362793 52186.488281
1397.542200 55012.000000 2953.940918 52022.808594
1399.252300 54713.000000 2685.976318 51997.914062
1400.962200 54026.000000 2499.836670 51961.230469
1402.671800 54044.000000 2365.055176 51826.980469
1404.379500 53725.000000 2279.242676 51732.636719
1406.085600 53854.000000 2230.090332 51736.292969
1407.791300 53511.000000 2176.773193 51749.804688
1409.495200 53618.000000 2171.290283 51654.734375
1411.199000 53853.000000 2172.739258 51627.417969
1412.902500 53686.000000 2171.592285 51619.351562
1414.604000 53945.000000 2182.102051 51646.679688
1416.304000 54026.000000 2249.977295 51574.703125
1418.003700 53499.000000 2313.404297 51575.882812
1419.701500 53659.000000 2320.165527 51561.742188
1421.399000 53464.000000 2337.895996 51581.160156
1423.096400 53440.000000 2391.608887 51505.792969
1424.792000 53519.000000 2456.142578 51485.460938
1426.485700 53574.000000 2530.599854 51520.664062
1428.179300 53709.000000 2631.321777 51616.289062
1429.871100 54227.000000 2771.755615 51621.351562
1431.562500 54369.000000 2975.419922 51643.156250
1433.253900 54627.000000 3127.669189 51694.171875
1434.943400 55124.000000 3357.763672 51794.468750
1436.631000 55574.000000 3670.174316 51822.386719
1438.318500 55796.000000 4130.401855 51858.320312
1440.005600 56307.000000 4679.958008 51933.144531
1441.691000 56961.000000 5424.188965 52148.550781
1443.374800 58131.000000 6321.385742 52401.000000
1445.058200 59264.000000 7513.899414 52507.804688
1446.741300 60557.000000 8677.706055 52724.261719
1448.422900 61899.000000 10222.842773 53129.285156
1450.102400 63749.000000 11889.287109 53562.890625
1451.781700 66000.000000 14242.520508 53849.386719
1453.460900 68244.000000 16441.564453 54214.742188
1455.138200 70311.000000 19009.994141 54670.804688
1456.813800 73452.000000 21057.558594 55064.042969
1458.489100 75154.000000 23291.070312 55165.777344
1460.164300 76773.000000 24662.675781 55234.187500
1461.837600 77676.000000 25428.615234 55225.042969
1463.509200 77457.000000 25147.779297 55241.289062
1465.180500 76426.000000 23851.292969 54856.312500
1466.851600 74288.000000 22141.255859 54683.863281
1468.520900 71984.000000 19876.927734 54589.058594
1470.189900 69856.000000 17486.562500 54399.140625
1471.857200 67488.000000 14868.408203 54060.476562
1473.522800 64951.000000 12740.472656 53800.269531
1475.188100 62999.000000 10899.819336 53662.570312
1476.853100 61280.000000 9373.314453 53335.496094
1478.516500 59771.000000 7906.523438 53040.292969
1480.178000 58767.000000 6711.079590 52913.539062
1481.839200 57427.000000 5787.979492 52783.882812
1483.500400 56881.000000 5064.444336 52552.574219
1485.159700 55886.000000 4436.810547 52339.617188
1486.818600 55428.000000 3866.943359 52246.652344
1488.476000 54779.000000 3425.454590 52137.941406
1490.131500 54479.000000 3127.562988 51910.042969
1491.788300 54002.000000 2903.971191 51763.921875
1493.441800 53837.000000 2726.176025 51731.828125
1495.095100 53599.000000 2608.824219 51691.550781
1496.748000 53588.000000 2542.024170 51557.019531
1498.399400 53662.000000 2491.385254 51515.093750
1500.050400 53473.000000 2414.555176 51530.253906
1501.699700 53482.000000 2362.401611 51563.203125
1503.347300 53576.000000 2335.068604 51490.781250
1504.996100 53632.000000 2317.457520 51481.222656
1506.641600 53289.000000 2330.526855 51517.843750
1508.287000 53494.000000 2382.006348 51611.230469
1509.932000 53778.000000 2470.188232 51588.562500
1511.575300 53555.000000 2557.213867 51615.542969
1513.218500 54354.000000 2659.550537 51674.105469
1514.859700 54144.000000 2813.566406 51793.105469
1516.500900 54495.000000 3026.296143 51802.359375
1518.140300 55063.000000 3347.495361 51830.167969
1519.777800 55363.000000 3689.128906 51895.679688
1521.416700 55822.000000 4213.914062 52081.214844
1523.052200 56869.000000 4890.833496 52271.585938
1524.689200 57534.000000 5897.750000 52412.375000
1526.322800 58381.000000 6959.920410 52647.472656
1527.956200 60310.000000 8418.333984 53053.914062
1529.589400 61684.000000 10137.205078 53535.789062
1531.220800 64261.000000 12683.862305 53939.691406
1532.851900 67327.000000 15297.773438 54442.527344
1534.481400 70617.000000 18554.894531 55115.613281
1536.110600 73555.000000 21393.964844 55556.343750
1537.738000 76629.000000 24594.849609 55726.601562
1539.365200 79174.000000 26776.957031 55744.117188
1540.990700 80464.000000 28045.837891 55627.359375
1542.616000 80149.000000 27810.238281 55533.738281
1544.239500 78767.000000 26064.482422 55109.992188
1545.862700 76187.000000 23743.777344 54889.894531
1547.484400 72964.000000 20600.986328 54759.976562
1549.105600 69565.000000 17463.585938 54535.414062
1550.725100 66724.000000 14248.893555 54111.214844
1552.344500 63716.000000 11683.080078 53765.031250
1553.962000 61176.000000 9431.300781 53566.988281
1555.579300 59667.000000 7680.481934 53197.765625
1557.195100 58182.000000 6168.552734 52861.398438
1558.810400 57188.000000 5029.107910 52737.617188
1560.424100 55959.000000 4180.354004 52612.515625
1562.037500 55003.000000 3542.069824 52393.796875
1563.649200 54560.000000 3018.590332 52174.414062
1565.260600 53771.000000 2574.742432 52062.531250
1566.870500 53564.000000 2236.383301 51938.593750
1568.479900 53250.000000 1990.985718 51745.398438
1570.089100 53261.000000 1771.963135 51614.832031
1571.695200 52584.000000 1606.927490 51576.914062
1573.302500 52970.000000 1479.279053 51499.609375
1574.906500 52517.000000 1367.909668 51390.773438
1576.511800 52444.000000 1244.106201 51357.691406
1578.115500 52825.000000 1153.469727 51323.394531
1579.717400 52269.000000 1081.978516 51316.242188
1581.319100 52204.000000 1025.180298 51214.957031
1582.919100 52338.000000 946.734863 51179.937500
1584.518700 51900.000000 892.561829 51162.296875
1586.116600 51895.000000 852.487122 51149.968750
1587.714500 51803.000000 807.854858 51073.179688
1589.310500 51815.000000 746.311157 51057.742188
1590.906300 51651.000000 705.382690 51038.773438
1592.501800 51699.000000 674.185730 51025.875000
1594.095700 51450.000000 651.709045 50973.175781
1595.687900 51430.000000 607.558838 50972.347656
1597.279700 51307.000000 570.531372 50945.335938
1598.869900 51220.000000 545.347534 50931.496094
1600.459700 51444.000000 522.897644 50858.152344
1602.048100 51192.000000 484.338684 50866.066406
1603.636000 50952.000000 458.016174 50840.062500
1605.223900 51264.000000 437.998444 50831.464844
1606.809800 50918.000000 425.010895 50794.960938
1608.394200 51021.000000 397.694519 50804.636719
1609.978300 51041.000000 375.502441 50788.976562
1611.560700 50969.000000 363.349792 50788.984375
1613.142900 51324.000000 355.765442 50732.242188
1614.724700 51293.000000 338.606903 50741.914062
1616.304900 51056.000000 329.560577 50730.601562
1617.883500 51092.000000 322.669128 50745.390625
1619.461800 51227.000000 314.175232 50702.195312
1621.038300 51116.000000 294.532104 50715.234375
1622.614700 51364.000000 280.600922 50690.675781
1624.190800 51143.000000 273.372620 50714.398438
1625.765300 51014.000000 268.168488 50667.222656
1627.337900 51221.000000 256.473450 50688.304688
1628.910400 50914.000000 250.603027 50675.695312
1630.482700 51129.000000 246.685501 50679.183594
1632.053200 51190.000000 238.264771 50641.085938
1633.622100 50931.000000 217.371048 50677.843750
1635.190600 50748.000000 200.889786 50662.921875
1636.759000 51164.000000 192.865631 50664.382812
1638.325700 51196.000000 189.908417 50624.328125
1639.890700 51035.000000 185.380112 50639.812500
1641.455400 51038.000000 183.285156 50615.023438
1643.019900 50979.000000 181.908585 50626.179688
1644.582800 50875.000000 181.352142 50583.433594
1646.143900 50734.000000 176.311096 50611.500000
1647.704700 50946.000000 175.231232 50587.312500
1649.265500 51040.000000 176.311417 50592.863281
1650.824500 50714.000000 180.069519 50546.062500
1652.381600 51013.000000 177.801056 50556.531250
1653.938700 50742.000000 176.947403 50548.980469
1655.495500 50718.000000 177.698029 50562.800781
1657.050700 50905.000000 179.606079 50518.855469
1658.604100 50654.000000 180.956161 50530.843750
1660.157200 50994.000000 188.437546 50491.753906
1661.710200 51041.000000 195.483215 50502.730469
1663.261500 50483.000000 201.297287 50455.093750
1664.811200 50759.000000 197.699463 50460.628906
1666.361900 50670.000000 197.176056 50426.523438
1667.909700 50790.000000 198.419403 50400.226562
1669.457200 50730.000000 199.610245 50337.656250
1671.004300 50490.000000 194.778244 50351.464844
1672.549900 50348.000000 191.650772 50320.054688
1674.093600 50235.000000 189.265671 50306.363281
1675.637300 50455.000000 189.166916 50242.941406
1677.180800 50479.000000 186.676300 50235.683594
1678.722400 50511.000000 188.811264 50190.730469
1680.263900 50213.000000 189.208206 50187.339844
1681.803700 50247.000000 188.511261 50115.335938
1683.341800 50453.000000 180.893494 50109.421875
1684.881200 50230.000000 176.015305 50068.796875
1686.417500 50213.000000 172.607712 50054.226562
1687.953400 50261.000000 170.677979 49985.296875
1689.489100 50188.000000 167.684113 49972.097656
1691.023200 50235.000000 168.812988 49925.210938
1692.557100 49815.000000 170.213745 49916.722656
1694.089200 49967.000000 169.418549 49844.566406
1695.619800 49965.000000 161.667175 49838.679688
1697.151500 49846.000000 156.655869 49794.828125
1698.680200 49781.000000 153.038116 49780.964844
1700.208500 49866.000000 150.666229 49736.636719
1701.736600 49620.000000 147.279938 49740.730469
1703.263100 49973.000000 146.808746 49695.753906
1704.789300 49659.000000 146.928284 49667.152344
1706.314000 50061.000000 143.884796 49587.136719
1707.838100 49926.000000 134.279633 49592.003906
1709.361000 49553.000000 127.435265 49559.679688
1710.883300 49537.000000 122.441025 49539.429688
1712.404100 49827.000000 119.334068 49476.089844
1713.923100 49796.000000 117.749733 49462.613281
1715.443500 49739.000000 118.679443 49409.730469
1716.960700 49317.000000 120.328102 49387.546875
1718.479100 49710.000000 119.033340 49302.308594
1719.994500 49645.000000 114.175598 49295.882812
1721.509600 49367.000000 111.850937 49258.484375
1723.024400 49119.000000 110.474510 49259.605469
1724.537600 49394.000000 107.754272 49196.351562
1726.050700 49474.000000 104.658226 49184.250000
1727.561900 49523.000000 104.512474 49121.792969
1729.073000 49339.000000 105.654869 49130.335938
1730.582400 49147.000000 104.919594 49036.335938
1732.091700 49663.000000 101.873901 49013.789062
1733.599200 49093.000000 102.246101 48949.761719
1735.106600 49301.000000 104.045082 48923.335938
1736.612100 48842.000000 103.756248 48845.226562
1738.117600 48846.000000 102.000397 48825.644531
1739.621300 48961.000000 101.619171 48775.621094
1741.125000 48705.000000 103.847000 48769.449219
1742.626800 48780.000000 103.278122 48701.042969
1744.128400 48657.000000 99.726448 48682.203125
1745.628500 49051.000000 97.780807 48612.519531
1747.128300 48884.000000 97.904022 48583.394531
1748.626300 48727.000000 97.708130 48488.218750
1750.124300 48581.000000 95.662659 48489.269531
1751.620500 48608.000000 95.725319 48454.984375
1753.116600 48483.000000 97.923149 48475.191406
1754.612400 48623.000000 98.709068 48408.511719
1756.105100 48750.000000 96.643936 48391.738281
1757.599100 48688.000000 95.491203 48320.566406
1759.091300 48490.000000 95.630875 48319.449219
1760.582000 48634.000000 95.227493 48231.421875
1762.072400 48621.000000 94.481613 48198.386719
1763.561000 48337.000000 96.567192 48122.234375
1765.049600 48005.000000 99.732216 48136.984375
1766.536500 48358.000000 100.267159 48080.777344
1768.023200 48103.000000 98.099426 48081.406250
1769.508100 48198.000000 96.769073 48012.617188
1770.992900 48089.000000 96.902794 48030.226562
1772.477500 48137.000000 96.502548 47979.371094
1773.959000 48208.000000 94.933456 47978.875000
1775.441700 48157.000000 95.784927 47915.441406
1776.922700 47902.000000 98.280869 47942.132812
1778.402100 48296.000000 99.313255 47892.500000
1779.881300 48050.000000 96.947151 47909.433594
1781.358900 47934.000000 95.423096 47843.667969
1782.836200 48011.000000 95.337151 47866.402344
1784.311900 48142.000000 95.832428 47810.804688
1785.787400 48049.000000 93.438484 47823.351562
1787.262600 47762.000000 93.774284 47770.015625
1788.736200 47938.000000 94.981735 47808.847656
1790.208300 47871.000000 96.020401 47770.597656
1791.679800 48145.000000 94.203873 47762.820312
1793.150000 47913.000000 93.206848 47694.152344
1794.619900 47874.000000 92.862778 47712.976562
1796.089600 47944.000000 92.091896 47661.281250
1797.557600 47740.000000 89.053719 47674.777344
1799.023900 47718.000000 88.396652 47608.238281
1800.490100 47702.000000 88.801193 47631.949219
1801.954600 47638.000000 89.889030 47579.433594
1803.418900 47749.000000 87.490959 47586.109375
1804.883100 47283.000000 87.312492 47522.210938
1806.345500 47817.000000 88.147575 47544.164062
1807.806400 47550.000000 89.626740 47495.691406
1809.266800 47502.000000 87.402138 47519.746094
1810.727400 47328.000000 87.678520 47480.101562
1812.186000 47556.000000 89.708641 47514.578125
1813.643300 47499.000000 91.845993 47466.179688
1815.100100 47714.000000 90.574257 47468.472656
1816.556800 47449.000000 90.222107 47414.796875
1818.010400 47285.000000 88.510353 47478.777344
1819.465300 47414.000000 87.131783 47450.011719
1820.918500 47723.000000 83.433380 47451.757812
1822.370100 47261.000000 83.551498 47382.363281
1823.821400 47656.000000 83.941879 47410.937500
1825.272600 47269.000000 84.249458 47373.359375
1826.722200 47344.000000 81.157669 47396.824219
1828.169900 47309.000000 80.404343 47349.667969
1829.617600 47447.000000 80.724442 47369.085938
1831.065200 47253.000000 80.398750 47326.011719
1832.511000 47140.000000 77.316719 47356.761719
1833.956500 47285.000000 76.853104 47312.507812
1835.400500 47341.000000 78.453529 47323.808594
1836.842900 47459.000000 80.776611 47253.453125
1838.285200 47224.000000 80.077698 47256.410156
1839.727100 46978.000000 81.584511 47210.292969
1841.167400 47294.000000 83.078079 47239.156250
1842.606100 47193.000000 84.191849 47187.882812
1844.044400 46986.000000 81.991714 47184.527344
1845.482800 47029.000000 83.257576 47146.003906
1846.919400 47215.000000 85.774353 47164.570312
1848.356000 46940.000000 87.432724 47126.640625
1849.790800 47148.000000 85.359283 47130.960938
1851.224000 47415.000000 85.362694 47066.363281
1852.656900 46825.000000 86.285309 47103.320312
1854.089700 47253.000000 87.143814 47079.269531
1855.520800 47236.000000 85.409630 47102.632812
1856.951800 46820.000000 86.337807 47076.074219
1858.381100 47089.000000 86.172287 47140.640625
1859.808700 47340.000000 86.025429 47126.933594
1861.236300 47380.000000 82.598923 47113.187500
1862.663500 47248.000000 80.715096 47067.343750
1864.089100 46971.000000 79.016296 47172.824219
1865.514600 47155.000000 77.213646 47183.425781
1866.938500 47209.000000 74.130318 47234.492188
1868.360700 47445.000000 76.238220 47182.015625
1869.784200 47295.000000 80.178276 47236.125000
1871.204500 47206.000000 83.052208 47230.257812
1872.624600 47121.000000 80.668953 47290.796875
1874.044700 47452.000000 77.578667 47249.949219
1875.463000 47489.000000 76.968956 47247.250000
1876.881200 47460.000000 78.277573 47231.468750
1878.297700 47237.000000 79.482635 47257.050781
1879.714100 47335.000000 80.957382 47230.449219
1881.128800 47372.000000 81.565178 47303.796875
1882.541900 47593.000000 80.537033 47249.632812
1883.956200 47729.000000 75.506142 47079.191406
1885.367400 47679.000000 70.288322 46820.566406
1886.778600 47509.000000 84.110619 46661.023438
1888.189500 47797.000000 122.008621 46771.164062
