Raman_Shift Original_Spectrum Predicted_Raman Predicted_Baseline
294.894650 34805.000000 241.981049 34124.535156
297.232540 34626.000000 276.356018 33809.882812
299.568300 34653.000000 284.117645 33850.351562
301.905240 34753.000000 265.806580 34145.734375
304.238400 34750.000000 277.683167 34404.339844
306.571040 34558.000000 289.147675 34327.015625
308.903260 35083.000000 288.621185 34324.011719
311.233340 35039.000000 288.699127 34355.171875
313.562930 34849.000000 301.080139 34276.386719
315.890440 34884.000000 318.373474 34244.527344
318.215790 34603.000000 341.620483 34267.289062
320.540680 34771.000000 377.300110 34263.578125
322.865110 34709.000000 414.616699 34292.695312
325.187410 34609.000000 447.816559 34276.445312
327.509250 34959.000000 481.275726 34310.281250
329.828920 35200.000000 526.354126 34336.550781
332.148160 35135.000000 579.929382 34413.816406
334.465270 35350.000000 633.655396 34477.410156
336.781950 35548.000000 694.741516 34557.042969
339.096470 35654.000000 768.683289 34600.574219
341.408870 35680.000000 853.021362 34712.910156
343.722530 35985.000000 950.865540 34812.269531
346.032350 36283.000000 1070.203369 34952.582031
348.341740 36427.000000 1231.669434 35067.324219
350.650670 37002.000000 1454.277588 35259.824219
352.957460 37397.000000 1720.615845 35479.753906
355.263760 38013.000000 2016.541260 35707.453125
357.568020 38410.000000 2348.059082 35857.179688
359.871800 38968.000000 2738.730469 36041.945312
362.173430 39427.000000 3106.346680 36165.421875
364.474640 39901.000000 3500.660645 36309.597656
366.773710 39852.000000 3859.812988 36413.988281
369.072360 39854.000000 4281.308105 36511.699219
371.368870 40214.000000 4673.187500 36585.769531
373.664920 40694.000000 5095.889648 36718.789062
375.958890 41017.000000 5394.250488 36843.093750
378.252380 41401.000000 5729.458008 36907.445312
380.543790 41753.000000 5960.450684 36965.839844
382.834750 42253.000000 6157.799805 37039.390625
385.123570 42411.000000 6113.791016 37052.535156
387.411960 42338.000000 5855.893555 37023.074219
389.698210 42055.000000 5407.757812 36925.359375
391.984070 41460.000000 4838.028320 36948.496094
394.267790 40496.000000 4164.756836 36889.203125
396.551060 39681.000000 3511.018311 36799.843750
398.832210 39149.000000 2949.050537 36665.953125
401.112950 38737.000000 2529.557861 36603.910156
403.391570 38452.000000 2158.740723 36482.058594
405.669770 37894.000000 1834.282959 36403.253906
407.945860 37863.000000 1554.659424 36338.519531
410.221470 37383.000000 1347.771118 36281.640625
412.495030 37499.000000 1179.995117 36186.785156
414.768100 37176.000000 1037.086670 36130.535156
417.039090 36793.000000 913.534851 36098.421875
419.309630 36816.000000 807.446106 36067.136719
421.579740 36635.000000 714.560852 35996.554688
423.846100 36426.000000 637.845337 35986.226562
426.113680 36445.000000 587.735474 35969.039062
428.377470 36450.000000 547.570679 35961.058594
430.642520 36292.000000 515.129944 35917.425781
432.905460 36525.000000 480.704529 35911.789062
435.166320 36437.000000 449.285339 35902.562500
437.426700 36268.000000 430.158630 35912.792969
439.685060 36256.000000 419.804596 35867.554688
441.942900 36297.000000 411.374023 35871.574219
444.198730 36247.000000 404.278168 35869.707031
446.454070 36291.000000 400.052399 35878.925781
448.708980 36287.000000 401.048767 35837.566406
450.961820 36372.000000 403.290833 35842.757812
453.212550 36284.000000 408.488831 35841.125000
455.462890 36228.000000 417.132019 35852.500000
457.711120 36404.000000 431.527924 35818.777344
459.958920 36265.000000 438.268555 35835.046875
462.204590 36437.000000 447.311188 35834.218750
464.449890 36409.000000 455.590973 35840.554688
466.694760 36512.000000 473.561096 35807.050781
468.937500 36232.000000 491.742432 35822.148438
471.178160 36329.000000 511.676910 35813.945312
473.418460 36331.000000 533.378662 35813.773438
475.656620 36320.000000 573.174622 35778.082031
477.894380 36388.000000 613.692017 35775.609375
480.131680 36393.000000 646.868042 35772.542969
482.366910 36412.000000 679.202271 35785.132812
484.600040 36445.000000 721.317932 35750.859375
486.832790 36774.000000 774.407776 35743.878906
489.063450 37026.000000 855.733276 35731.582031
491.293670 37065.000000 961.758911 35719.824219
493.523500 37043.000000 1112.236938 35696.511719
495.751190 37418.000000 1317.325195 35725.167969
497.976840 37838.000000 1580.196045 35786.304688
500.202090 38328.000000 1953.703369 35879.375000
502.426910 38775.000000 2455.679199 35971.980469
504.649660 39589.000000 3182.770020 36098.246094
506.870270 40664.000000 4219.741211 36230.105469
509.090550 41389.000000 5521.524414 36356.070312
511.310360 42345.000000 6596.525879 36346.417969
513.528140 43084.000000 6962.176758 36269.699219
515.743770 42340.000000 6415.305664 36152.746094
517.959110 41354.000000 5239.651367 36120.929688
520.173890 39716.000000 3945.973877 35993.039062
522.386660 38361.000000 2925.152832 35809.222656
524.597410 37415.000000 2224.696777 35599.105469
526.807740 36742.000000 1774.411865 35498.671875
529.017580 36561.000000 1479.249023 35343.421875
531.225400 36267.000000 1259.536865 35241.531250
533.431210 35923.000000 1095.860107 35187.789062
535.636470 35687.000000 982.334167 35141.222656
537.841430 35543.000000 897.295105 35052.882812
540.044310 35681.000000 826.386902 34972.496094
542.245120 35944.000000 782.739990 34935.742188
544.445500 35777.000000 747.535889 34927.468750
546.645450 35431.000000 721.158813 34874.781250
548.843380 35415.000000 704.114746 34859.808594
551.040830 35397.000000 677.766479 34855.859375
553.236330 35635.000000 665.075134 34861.167969
555.429690 35703.000000 661.750366 34834.234375
557.622680 35510.000000 656.346191 34842.410156
559.815250 35767.000000 657.759827 34851.578125
562.005800 35855.000000 662.791870 34898.523438
564.195920 35760.000000 675.095154 34924.023438
566.383910 36326.000000 682.343933 34995.167969
568.569950 36876.000000 695.234253 35036.062500
570.755550 37277.000000 712.271606 35047.628906
572.940730 37225.000000 733.869690 34980.890625
575.123900 36688.000000 745.789307 34961.402344
577.306640 36394.000000 752.753296 34901.410156
579.487300 35816.000000 764.317749 34877.453125
581.665950 35617.000000 789.550171 34782.136719
583.844120 35842.000000 820.766602 34740.562500
586.021970 35743.000000 841.989624 34716.765625
588.197750 35737.000000 866.573364 34707.761719
590.373170 35875.000000 910.306152 34657.046875
592.546450 35806.000000 959.840210 34635.542969
594.719420 35696.000000 1012.550598 34622.367188
596.890260 35910.000000 1065.662720 34629.546875
599.059140 35765.000000 1136.310547 34603.507812
601.229190 35767.000000 1224.670166 34602.894531
603.395570 36094.000000 1280.109131 34605.457031
605.561580 36119.000000 1345.741943 34644.250000
607.727170 36347.000000 1434.547729 34632.289062
609.890750 36369.000000 1538.413452 34639.019531
612.053960 36508.000000 1669.879883 34641.378906
614.215030 36692.000000 1828.277954 34692.878906
616.375790 37002.000000 2047.721069 34689.242188
618.534480 37057.000000 2346.631836 34678.039062
620.692750 37444.000000 2674.778809 34660.714844
622.849000 38058.000000 3105.640625 34705.585938
625.004820 38169.000000 3640.862793 34736.574219
627.158750 38840.000000 4403.290527 34728.445312
629.310490 39590.000000 5091.252930 34748.195312
631.463560 40354.000000 6074.310059 34789.890625
633.612920 41218.000000 7196.154785 34931.460938
635.763490 42763.000000 9029.623047 34971.605469
637.910460 44544.000000 10767.041016 35079.476562
640.058650 47149.000000 13460.443359 35338.402344
642.203190 50530.000000 16007.786133 35690.843750
644.348880 55066.000000 20171.480469 36288.503906
646.491030 60566.000000 24639.648438 36902.632812
648.634400 66657.000000 31238.121094 37272.507812
650.774050 72827.000000 37115.851562 37479.675781
652.914980 78294.000000 42553.589844 36862.402344
655.052250 80809.000000 43581.492188 36517.164062
657.190730 77812.000000 39140.398438 36068.898438
659.325620 71329.000000 33899.210938 35681.332031
661.461730 64869.000000 28043.568359 35017.167969
663.594180 59208.000000 23665.746094 35294.386719
665.727910 54579.000000 19842.224609 35749.097656
667.857910 51266.000000 16909.705078 35602.046875
669.989200 48512.000000 14008.398438 35639.718750
672.118470 46626.000000 11999.530273 35923.289062
674.245670 44471.000000 9974.692383 35994.894531
676.372560 43254.000000 8647.273438 35921.812500
678.497380 42222.000000 7146.208496 35803.617188
680.621830 41392.000000 6025.076660 35924.617188
682.744320 40513.000000 5024.772461 35846.046875
684.866390 40024.000000 4421.127930 35637.839844
686.986450 39433.000000 3960.759033 35542.523438
689.106080 39255.000000 3608.436035 35586.804688
691.223750 38897.000000 3413.632812 35536.640625
693.341000 38859.000000 3331.746094 35399.617188
695.457820 38797.000000 3327.122559 35364.820312
697.571110 38940.000000 3387.800049 35455.710938
699.685610 39140.000000 3568.490234 35549.960938
701.798100 39429.000000 3798.030518 35621.839844
703.908570 39901.000000 4113.450684 35675.773438
706.018620 40103.000000 4430.789062 35761.605469
708.126770 40061.000000 4715.446777 35836.800781
710.234380 40118.000000 4759.426270 35788.109375
712.340150 40034.000000 4570.312988 35768.070312
714.445430 39656.000000 4130.420898 35735.417969
716.550350 39148.000000 3638.079590 35750.757812
718.653260 38519.000000 3109.514160 35658.167969
720.754270 37953.000000 2605.311523 35604.402344
722.854800 37381.000000 2193.200928 35518.414062
724.953370 37027.000000 1860.515991 35465.035156
727.051570 36548.000000 1610.160400 35327.921875
729.149350 36453.000000 1393.810059 35252.121094
731.243530 36259.000000 1222.751343 35223.601562
733.338990 36044.000000 1071.462402 35182.031250
735.432370 35889.000000 929.455566 35077.078125
737.523800 35782.000000 837.086548 35004.761719
739.614870 35761.000000 783.258240 34973.742188
741.705570 35456.000000 739.360413 34955.386719
743.792600 35292.000000 704.408447 34869.871094
745.880920 35278.000000 672.997192 34826.457031
747.967220 35420.000000 650.538696 34803.226562
750.051570 35157.000000 631.831848 34803.101562
752.135500 35243.000000 616.262756 34745.578125
754.219120 35281.000000 575.663574 34714.660156
756.300720 35286.000000 545.899292 34705.511719
758.380310 35057.000000 526.351990 34722.632812
760.459530 35153.000000 507.941223 34687.410156
762.538390 34751.000000 467.365082 34698.144531
764.615300 35247.000000 437.345306 34681.875000
766.690190 35372.000000 416.689270 34682.960938
768.764710 35079.000000 403.450806 34655.085938
770.838810 35208.000000 395.062439 34667.578125
772.909360 34972.000000 384.872406 34681.519531
774.981140 34884.000000 374.091644 34689.121094
777.050960 35197.000000 369.668518 34657.714844
779.120420 35190.000000 363.604797 34672.570312
781.187870 35173.000000 365.643799 34663.625000
783.253420 34924.000000 370.598816 34675.847656
785.318480 34989.000000 375.575439 34635.882812
787.383240 35117.000000 360.305176 34644.312500
789.445980 34970.000000 345.265167 34646.839844
791.506770 34818.000000 333.011475 34661.453125
793.567260 34961.000000 329.808105 34630.062500
795.627260 35028.000000 324.853210 34640.882812
797.685360 35050.000000 324.581055 34624.414062
799.741520 34950.000000 326.124329 34633.566406
801.797240 34960.000000 331.758362 34591.152344
803.852600 35011.000000 321.346619 34611.121094
805.906010 34545.000000 314.456818 34609.179688
807.959050 35018.000000 310.237793 34605.359375
810.010130 34725.000000 312.572815 34581.078125
812.059200 34838.000000 314.385284 34579.718750
814.107970 34934.000000 321.747009 34558.636719
816.156370 34823.000000 328.982147 34555.429688
818.202760 34756.000000 334.868500 34513.144531
820.247190 34799.000000 326.251068 34522.281250
822.292850 34719.000000 321.610840 34502.945312
824.335020 34886.000000 319.787842 34489.101562
826.376770 34856.000000 321.792572 34444.042969
828.418090 34767.000000 317.271637 34441.875000
830.457520 34621.000000 319.058655 34408.945312
832.496640 34649.000000 322.580505 34385.414062
834.533690 34748.000000 327.919769 34332.433594
836.568910 34519.000000 323.042664 34323.019531
838.603700 34529.000000 325.016418 34286.203125
840.638060 34620.000000 329.511169 34260.796875
842.670530 34552.000000 330.830414 34208.492188
844.702640 34357.000000 315.940094 34196.863281
846.732790 34548.000000 305.641998 34152.300781
848.762570 34665.000000 303.139709 34132.253906
850.790470 34330.000000 310.501160 34077.410156
852.816350 34558.000000 316.627991 34062.769531
854.843440 34326.000000 323.557159 34017.582031
856.867070 34685.000000 333.049713 33986.937500
858.890200 34485.000000 348.002594 33925.335938
860.913150 34492.000000 360.713257 33893.261719
862.934020 34348.000000 382.224731 33854.101562
864.954530 34425.000000 412.297852 33850.539062
866.973140 34301.000000 452.811127 33807.660156
868.991390 34238.000000 489.595947 33800.304688
871.007690 34726.000000 543.171692 33789.617188
873.023620 34694.000000 628.228760 33780.582031
875.037660 34560.000000 772.156555 33764.914062
877.051270 34984.000000 978.937500 33829.703125
879.062990 35411.000000 1272.132202 33902.742188
881.074340 35899.000000 1692.439209 34037.410156
883.083740 36678.000000 2259.795166 34095.902344
885.092770 37526.000000 2976.403320 34135.687500
887.099850 38003.000000 3601.992676 34095.683594
889.104980 38165.000000 3830.447266 34111.804688
891.111450 37464.000000 3521.225098 34016.625000
893.114260 36716.000000 2880.252197 33899.238281
895.118410 35931.000000 2180.480225 33720.089844
897.119020 35369.000000 1623.500488 33610.980469
899.120790 34762.000000 1203.351807 33427.394531
901.119080 34288.000000 905.843567 33299.871094
903.118650 34053.000000 723.684265 33174.804688
905.114620 33706.000000 607.186890 33076.261719
907.111880 33399.000000 524.649353 32935.375000
909.107180 33254.000000 455.899902 32828.054688
911.100520 33230.000000 406.375336 32757.667969
913.093630 32961.000000 374.607666 32709.482422
915.084660 33036.000000 354.698242 32616.294922
917.075380 33068.000000 336.080933 32540.595703
919.064210 32985.000000 327.797424 32464.052734
921.052730 32775.000000 325.117493 32431.580078
923.039310 32937.000000 324.141357 32344.277344
925.025450 32666.000000 315.746979 32295.775391
927.009770 32613.000000 311.910706 32238.908203
928.993650 32567.000000 315.818970 32237.035156
930.975590 32694.000000 323.821716 32170.847656
932.957280 32504.000000 325.969818 32116.486328
934.937010 32527.000000 331.847595 32060.792969
936.916380 32547.000000 343.679504 32049.781250
938.895390 32462.000000 362.842682 31981.039062
940.870970 32199.000000 379.634277 31950.306641
942.847660 32330.000000 403.249939 31934.273438
944.822510 32148.000000 441.091064 31974.410156
946.795470 32233.000000 489.385071 31948.570312
948.768010 32466.000000 550.480225 31935.312500
950.738710 32409.000000 621.708984 31955.552734
952.708980 32491.000000 728.068115 32033.712891
954.677310 32755.000000 889.344849 32095.730469
956.645390 33133.000000 1133.034302 32148.775391
958.613160 33574.000000 1465.363281 32166.789062
960.578920 33997.000000 1936.586304 32295.652344
962.542720 34802.000000 2596.563232 32410.021484
964.506290 35748.000000 3545.769043 32570.832031
966.467960 36974.000000 4771.895508 32744.699219
968.429260 38516.000000 6077.319336 32853.128906
970.390140 39306.000000 6817.414062 32844.406250
972.347660 39116.000000 6690.463379 32840.542969
974.306270 38075.000000 5893.291504 32768.585938
976.263060 36678.000000 4791.217285 32641.464844
978.218020 35289.000000 3658.619141 32488.634766
980.172490 34411.000000 2726.980713 32341.613281
982.125120 33833.000000 2027.965454 32156.505859
984.077390 33553.000000 1565.861450 32075.078125
986.029360 32897.000000 1239.376343 31951.845703
987.979370 32660.000000 980.240723 31829.322266
989.927490 32339.000000 799.408569 31748.892578
991.875310 32061.000000 668.465820 31706.433594
993.822750 31833.000000 571.443848 31628.380859
995.768370 31830.000000 501.193298 31539.035156
997.711980 31702.000000 452.204041 31449.537109
999.655270 31435.000000 418.959045 31401.621094
1001.596700 31381.000000 396.441772 31351.333984
1003.537700 31405.000000 371.479095 31313.708984
1005.478600 31214.000000 351.427307 31265.539062
1007.417400 31337.000000 339.589325 31245.246094
1009.354300 31458.000000 333.572937 31193.525391
1011.291000 31185.000000 317.338562 31135.707031
1013.227200 31177.000000 303.847473 31082.564453
1015.161600 31218.000000 295.713806 31078.765625
1017.094100 31104.000000 290.459381 31056.865234
1019.026200 31172.000000 279.785217 31013.136719
1020.958000 31093.000000 276.787598 30960.960938
1022.888000 30916.000000 280.684143 30978.142578
1024.816000 31043.000000 286.498322 30970.468750
1026.743800 30912.000000 283.106262 30961.929688
1028.671100 31115.000000 284.029572 30961.236328
1030.596600 31247.000000 287.925262 30988.638672
1032.521700 31210.000000 294.897949 31003.287109
1034.444900 31218.000000 296.131317 30994.441406
1036.366300 31343.000000 301.200287 30988.529297
1038.287400 31490.000000 310.636780 31003.263672
1040.208100 31259.000000 322.703949 30988.347656
1042.127000 31096.000000 327.192749 30978.912109
1044.043800 31262.000000 333.222168 30978.369141
1045.960400 31330.000000 343.315216 31001.082031
1047.876700 31230.000000 358.243835 31005.171875
1049.791000 31167.000000 371.274292 31008.134766
1051.705100 31300.000000 393.727814 31025.818359
1053.617300 31332.000000 429.675842 31075.949219
1055.527600 31355.000000 480.487732 31089.048828
1057.437500 31481.000000 542.014221 31094.619141
1059.347300 31743.000000 616.202759 31128.228516
1061.255000 31777.000000 726.480042 31233.814453
1063.162500 31917.000000 904.097046 31338.148438
1065.068000 32443.000000 1207.772705 31466.890625
1066.971700 32932.000000 1669.827148 31595.962891
1068.875000 33836.000000 2345.122803 31740.029297
1070.778100 34817.000000 3211.837891 31835.250000
1072.679200 35876.000000 4013.572998 31816.757812
1074.580000 35755.000000 4313.456543 31717.634766
1076.479000 35242.000000 3861.218018 31676.687500
1078.377600 34264.000000 2991.809082 31607.994141
1080.274400 33380.000000 2209.779297 31550.691406
1082.169200 32926.000000 1622.530762 31431.417969
1084.065300 32210.000000 1234.002686 31360.017578
1085.958000 31758.000000 985.349243 31249.742188
1087.850300 31558.000000 796.325684 31176.833984
1089.742400 31548.000000 682.412903 31128.263672
1091.632600 31341.000000 606.694153 31081.718750
1093.522500 31232.000000 552.205933 31018.802734
1095.410400 31142.000000 502.699158 30954.611328
1097.298100 31209.000000 469.483002 30905.070312
1099.183800 31016.000000 451.703125 30897.214844
1101.069300 31190.000000 444.342712 30861.248047
1102.952900 30982.000000 435.529388 30832.150391
1104.834600 31027.000000 440.369965 30812.046875
1106.717700 31178.000000 452.561371 30811.140625
1108.597200 31108.000000 466.073486 30781.626953
1110.477900 30926.000000 471.318695 30757.380859
1112.355300 31039.000000 476.484558 30734.998047
1114.232300 30898.000000 487.034424 30752.710938
1116.109100 31135.000000 504.993225 30750.511719
1117.984000 31103.000000 518.820557 30709.580078
1119.858500 30917.000000 527.400635 30706.423828
1121.731300 31168.000000 539.023071 30715.369141
1123.603600 31092.000000 555.036255 30715.740234
1125.474100 31347.000000 574.526733 30657.460938
1127.344400 31323.000000 601.825928 30616.451172
1129.212600 31127.000000 633.135193 30601.787109
1131.080700 31069.000000 672.694397 30597.388672
1132.946900 31261.000000 712.929016 30566.669922
1134.812700 31212.000000 744.433899 30577.492188
1136.676800 31386.000000 782.854553 30586.445312
1138.540400 31337.000000 830.262390 30606.207031
1140.402300 31692.000000 888.719055 30585.453125
1142.263800 31655.000000 961.688354 30592.552734
1144.123400 31782.000000 1046.989136 30628.658203
1145.982800 31776.000000 1167.045654 30674.390625
1147.841800 31889.000000 1342.661621 30706.324219
1149.697500 32507.000000 1519.594238 30794.728516
1151.554400 32545.000000 1781.088135 30884.886719
1153.407800 32876.000000 2120.117188 30950.230469
1155.262600 33425.000000 2606.151855 30971.992188
1157.115500 34283.000000 3177.504395 31040.050781
1158.966400 34821.000000 3871.115234 31171.207031
1160.817100 35850.000000 4670.170898 31343.488281
1162.666000 36802.000000 5543.793457 31393.666016
1164.514500 37282.000000 6047.568848 31378.691406
1166.361300 37305.000000 6105.506836 31420.214844
1168.207600 36933.000000 5669.146484 31446.806641
1170.052200 36093.000000 5158.471191 31375.902344
1171.896500 35421.000000 4668.271484 31270.546875
1173.740400 35094.000000 4300.049316 31244.494141
1175.580900 34795.000000 4029.376221 31201.818359
1177.422900 34960.000000 3972.225098 31093.308594
1179.262700 35123.000000 4059.419189 31019.306641
1181.100700 35395.000000 4427.173828 30978.640625
1182.938600 35875.000000 4962.182617 31026.445312
1184.774500 36631.000000 5884.503418 31059.576172
1186.610200 37953.000000 6831.254883 31194.056641
1188.444000 38849.000000 8137.192383 31477.777344
1190.277500 40459.000000 9497.108398 31844.060547
1192.110700 42236.000000 11187.279297 32103.283203
1193.942000 43582.000000 12632.912109 32286.546875
1195.771600 45044.000000 13972.903320 32305.925781
1197.600700 45784.000000 14541.588867 32271.978516
1199.428100 45643.000000 14332.703125 32033.376953
1201.255200 45239.000000 13540.872070 31894.550781
1203.082000 43983.000000 12160.312500 31810.361328
1204.907000 42166.000000 10605.850586 31766.601562
1206.730100 40669.000000 9090.241211 31580.017578
1208.552900 39575.000000 7851.160156 31564.425781
1210.373900 38653.000000 7049.120117 31540.822266
1212.194600 38226.000000 6582.857910 31403.066406
1214.015000 38150.000000 6580.950684 31317.449219
1215.833500 38342.000000 6743.728027 31454.392578
1217.650300 39136.000000 7446.489258 31637.265625
1219.466700 40330.000000 8437.870117 32009.236328
1221.281300 41811.000000 10070.916016 32505.849609
1223.095600 44303.000000 12021.447266 33092.781250
1224.909500 46894.000000 14608.073242 33487.187500
1226.721700 49104.000000 16642.216797 33631.511719
1228.532000 49880.000000 17612.232422 33536.441406
1230.342000 49405.000000 16873.332031 33396.242188
1232.151700 47462.000000 14793.807617 33208.531250
1233.959700 44963.000000 12463.783203 33064.515625
1235.765900 42651.000000 9990.690430 32815.066406
1237.571700 40559.000000 8024.257812 32839.421875
1239.377100 39068.000000 6568.657715 32870.296875
1241.180800 37871.000000 5555.431641 32801.898438
1242.982700 37226.000000 4867.261230 32781.875000
1244.784200 36980.000000 4467.449219 32880.656250
1246.585300 36865.000000 4358.988281 32929.406250
1248.384900 36653.000000 4421.593262 32869.535156
1250.182500 37033.000000 4882.801758 32720.500000
1251.979700 37505.000000 5378.745117 32758.843750
1253.776900 38200.000000 6257.852539 32814.171875
1255.572000 39453.000000 7292.900879 32903.074219
1257.365500 40775.000000 8902.609375 32941.078125
1259.160000 43054.000000 10626.931641 33015.000000
1260.951300 46299.000000 13573.643555 33256.417969
1262.742300 50290.000000 17080.083984 33710.132812
1264.533100 55683.000000 22596.603516 34293.894531
1266.322000 61425.000000 27929.269531 35077.183594
1268.109000 66565.000000 34281.992188 34949.921875
1269.895800 70810.000000 37994.464844 34431.375000
1271.682400 71961.000000 37816.242188 33832.164062
1273.466900 69444.000000 35124.820312 33641.789062
1275.251500 64398.000000 30094.027344 33227.496094
1277.033900 58834.000000 25257.050781 33293.101562
1278.814700 53447.000000 20091.597656 33065.875000
1280.595200 48715.000000 16297.685547 33265.066406
1282.375400 44938.000000 13014.110352 33533.898438
1284.153800 42006.000000 10640.435547 33373.781250
1285.931900 40322.000000 8463.021484 33378.234375
1287.708100 39022.000000 7068.699219 33675.027344
1289.482500 37948.000000 5748.192383 33768.468750
1291.256800 37445.000000 4958.364258 33761.707031
1293.030600 36781.000000 4189.873047 33765.449219
1294.802900 36709.000000 3624.360840 33915.964844
1296.574600 36547.000000 3185.848145 33894.304688
1298.344600 36125.000000 2917.731934 33812.757812
1300.114400 35707.000000 2726.627197 33763.457031
1301.882300 35955.000000 2596.285645 33802.910156
1303.648300 35982.000000 2541.171387 33828.503906
1305.415800 36155.000000 2550.889893 33781.277344
1307.179700 36226.000000 2612.618652 33742.550781
1308.943500 36543.000000 2737.460205 33814.406250
1310.707000 36592.000000 2950.805420 33904.332031
1312.468600 36752.000000 3236.547852 33938.722656
1314.230000 37271.000000 3654.443359 33953.882812
1315.989500 37676.000000 4020.694092 34064.433594
1317.748800 38410.000000 4595.568359 34228.042969
1319.506200 39296.000000 5329.098633 34465.472656
1321.263400 40588.000000 6622.018066 34665.378906
1323.018900 41819.000000 8129.174805 34946.730469
1324.774000 44041.000000 10080.159180 35430.914062
1326.527300 46341.000000 12204.056641 35885.777344
1328.278900 48979.000000 14818.335938 36197.691406
1330.031700 51010.000000 16809.339844 36324.375000
1331.781100 52268.000000 17842.638672 36222.117188
1333.531900 52082.000000 17344.115234 36088.679688
1335.279300 50279.000000 15563.406250 35691.351562
1337.027800 48074.000000 13567.416992 35538.199219
1338.773200 45783.000000 11462.020508 35443.945312
1340.518300 43686.000000 9521.788086 35390.171875
1342.263100 42303.000000 7844.490723 35209.406250
1344.006000 40977.000000 6605.125977 35078.898438
1345.748700 40180.000000 5642.746582 35013.277344
1347.489500 39496.000000 4926.307617 34901.480469
1349.230200 39023.000000 4367.083008 34797.429688
1350.969100 38534.000000 3937.551514 34837.140625
1352.707500 38708.000000 3702.837402 34795.671875
1354.445900 38460.000000 3581.052246 34693.691406
1356.180900 38730.000000 3647.958252 34550.101562
1357.917000 38524.000000 3789.853027 34533.925781
1359.649900 38690.000000 4090.803955 34518.808594
1361.384200 38971.000000 4488.150391 34502.636719
1363.115000 39595.000000 5213.091309 34483.339844
1364.847000 40051.000000 5947.084961 34602.656250
1366.577400 40940.000000 7081.613281 34850.492188
1368.305900 42072.000000 8305.663086 35235.136719
1370.034300 43753.000000 10078.533203 35640.035156
1371.760600 46178.000000 11999.509766 36074.308594
1373.486900 48179.000000 14354.369141 36518.542969
1375.211300 50543.000000 16265.916992 36784.406250
1376.935400 52130.000000 17511.900391 36748.484375
1378.657800 52605.000000 17523.675781 36663.011719
1380.380000 51429.000000 16052.161133 36560.222656
1382.100200 49283.000000 14040.751953 36507.824219
1383.820300 46723.000000 11477.123047 36181.742188
1385.540200 44646.000000 9321.080078 36114.582031
1387.256500 42835.000000 7549.699219 36141.781250
1388.974200 41579.000000 6108.286133 36015.890625
1390.690300 40348.000000 4871.254883 35890.089844
1392.404400 39643.000000 3938.328613 35870.585938
1394.118400 39074.000000 3260.697510 35860.363281
1395.830400 38572.000000 2794.544678 35748.550781
1397.542200 38269.000000 2455.486816 35631.164062
1399.252300 37852.000000 2180.479004 35607.093750
1400.962200 37382.000000 1988.183350 35575.542969
1402.671800 37124.000000 1842.125366 35462.527344
1404.379500 37073.000000 1759.393555 35383.796875
1406.085600 37100.000000 1701.235718 35386.945312
1407.791300 36855.000000 1648.786377 35384.382812
1409.495200 36862.000000 1632.732178 35311.019531
1411.199000 36957.000000 1622.228271 35278.195312
1412.902500 36894.000000 1612.823486 35263.906250
1414.604000 37059.000000 1611.533447 35270.003906
1416.304000 37074.000000 1656.113281 35208.855469
1418.003700 36673.000000 1691.673584 35203.785156
1419.701500 36733.000000 1682.805908 35179.164062
1421.399000 36627.000000 1680.178345 35172.351562
1423.096400 36650.000000 1712.187134 35113.621094
1424.792000 36721.000000 1756.927979 35111.484375
1426.485700 36672.000000 1799.703125 35144.925781
1428.179300 36803.000000 1858.359619 35220.242188
1429.871100 37131.000000 1942.919556 35217.500000
1431.562500 37278.000000 2073.798096 35236.761719
1433.253900 37282.000000 2155.828613 35271.339844
1434.943400 37432.000000 2260.402100 35333.847656
1436.631000 37823.000000 2409.349609 35334.042969
1438.318500 37769.000000 2649.553955 35341.253906
1440.005600 38171.000000 2947.988770 35373.824219
1441.691000 38530.000000 3372.464355 35495.746094
1443.374800 39180.000000 3910.245361 35638.945312
1445.058200 39918.000000 4625.729980 35711.031250
1446.741300 40902.000000 5329.147461 35843.578125
1448.422900 41641.000000 6291.782227 36084.101562
1450.102400 42910.000000 7396.427246 36353.812500
1451.781700 44479.000000 8962.407227 36507.449219
1453.460900 45821.000000 10476.154297 36762.496094
1455.138200 47371.000000 12288.144531 37124.226562
1456.813800 49561.000000 13866.656250 37453.089844
1458.489100 51095.000000 15697.208008 37621.074219
1460.164300 52806.000000 17010.169922 37700.816406
1461.837600 53740.000000 18103.933594 37702.410156
1463.509200 53961.000000 18362.570312 37762.179688
1465.180500 53774.000000 17830.558594 37533.292969
1466.851600 52579.000000 16816.128906 37418.410156
1468.520900 50679.000000 15243.357422 37318.933594
1470.189900 49135.000000 13471.789062 37237.082031
1471.857200 47503.000000 11482.392578 36994.933594
1473.522800 45510.000000 9827.494141 36812.851562
1475.188100 44089.000000 8351.152344 36741.570312
1476.853100 42659.000000 7131.622070 36506.859375
1478.516500 41581.000000 5948.348633 36288.546875
1480.178000 40589.000000 5010.037109 36195.851562
1481.839200 39566.000000 4288.781738 36093.101562
1483.500400 39018.000000 3732.269043 35913.183594
1485.159700 38458.000000 3263.410645 35757.816406
1486.818600 37963.000000 2837.096191 35694.316406
1488.476000 37576.000000 2521.408447 35608.648438
1490.131500 37411.000000 2308.831543 35445.328125
1491.788300 37066.000000 2155.757812 35330.656250
1493.441800 36941.000000 2031.567627 35300.808594
1495.095100 36767.000000 1951.197876 35258.121094
1496.748000 36716.000000 1906.611572 35156.285156
1498.399400 36898.000000 1877.685181 35113.812500
1500.050400 36791.000000 1824.987305 35121.746094
1501.699700 36916.000000 1796.840210 35133.320312
1503.347300 37006.000000 1784.156982 35080.203125
1504.996100 36931.000000 1781.743530 35067.695312
1506.641600 36672.000000 1804.382812 35093.417969
1508.287000 36911.000000 1852.674561 35149.917969
1509.932000 37002.000000 1928.125366 35135.710938
1511.575300 36833.000000 2012.493774 35141.976562
1513.218500 37421.000000 2103.974854 35193.593750
1514.859700 37401.000000 2238.389648 35278.003906
1516.500900 37504.000000 2419.365723 35297.781250
1518.140300 38028.000000 2683.648438 35328.332031
1519.777800 38243.000000 2967.187012 35385.476562
1521.416700 38739.000000 3379.246094 35522.371094
1523.052200 39335.000000 3897.898926 35675.953125
1524.689200 40000.000000 4649.715820 35753.808594
1526.322800 40671.000000 5418.033203 35898.468750
1527.956200 41797.000000 6439.595703 36158.597656
1529.589400 42792.000000 7621.203125 36483.058594
1531.220800 44434.000000 9346.505859 36739.441406
1532.851900 46523.000000 11061.854492 37087.945312
1534.481400 48820.000000 13197.322266 37550.675781
1536.110600 50702.000000 15046.466797 37877.335938
1537.738000 52981.000000 17185.736328 38036.855469
1539.365200 54648.000000 18719.832031 38090.707031
1540.990700 55901.000000 19858.595703 38039.683594
1542.616000 55902.000000 20025.367188 38028.714844
1544.239500 55449.000000 19211.539062 37786.160156
1545.862700 53927.000000 17916.183594 37657.132812
1547.484400 51991.000000 15992.643555 37576.507812
1549.105600 49675.000000 13976.762695 37444.121094
1550.725100 47678.000000 11771.662109 37173.960938
1552.344500 45640.000000 9953.163086 36979.835938
1553.962000 43693.000000 8286.751953 36882.136719
1555.579300 42367.000000 6927.153809 36624.792969
1557.195100 41167.000000 5667.710938 36389.082031
1558.810400 40325.000000 4675.613281 36297.968750
1560.424100 39456.000000 3936.501953 36190.140625
1562.037500 38669.000000 3364.371582 36013.398438
1563.649200 38262.000000 2846.871826 35847.457031
1565.260600 37601.000000 2403.287842 35761.425781
1566.870500 37205.000000 2066.556396 35674.753906
1568.479900 36939.000000 1822.591431 35506.468750
1570.089100 36973.000000 1622.946655 35399.371094
1571.695200 36412.000000 1462.611084 35368.937500
1573.302500 36605.000000 1342.220337 35307.695312
1574.906500 36247.000000 1231.676392 35206.449219
1576.511800 36112.000000 1121.791992 35163.066406
1578.115500 36382.000000 1038.511230 35129.976562
1579.717400 35950.000000 971.138062 35118.140625
1581.319100 35821.000000 919.210266 35033.132812
1582.919100 35982.000000 843.470825 34991.957031
1584.518700 35606.000000 785.717407 34970.363281
1586.116600 35587.000000 745.361816 34952.296875
1587.714500 35409.000000 701.977661 34882.082031
1589.310500 35464.000000 645.982117 34865.093750
1590.906300 35231.000000 606.518860 34855.742188
1592.501800 35363.000000 577.517761 34841.304688
1594.095700 35156.000000 555.087463 34799.171875
1595.687900 35218.000000 519.684753 34795.535156
1597.279700 35171.000000 493.801453 34785.160156
1598.869900 35007.000000 475.338867 34789.781250
1600.459700 35118.000000 458.404633 34738.347656
1602.048100 35141.000000 428.974457 34738.832031
1603.636000 34980.000000 407.672760 34725.433594
1605.223900 35071.000000 391.630341 34727.339844
1606.809800 34888.000000 379.785583 34703.070312
1608.394200 34808.000000 353.876038 34712.132812
1609.978300 34870.000000 329.857910 34699.023438
1611.560700 34952.000000 314.798492 34691.761719
1613.142900 35173.000000 305.532043 34650.656250
1614.724700 35011.000000 290.144836 34660.660156
1616.304900 34864.000000 279.834717 34648.203125
1617.883500 34981.000000 271.037109 34647.812500
1619.461800 34920.000000 263.314545 34614.406250
1621.038300 34951.000000 249.327469 34621.269531
1622.614700 35035.000000 238.691605 34601.402344
1624.190800 34854.000000 233.201126 34611.875000
1625.765300 34838.000000 229.900787 34571.683594
1627.337900 35096.000000 219.399994 34580.753906
1628.910400 34664.000000 214.403290 34574.390625
1630.482700 34934.000000 211.620483 34573.757812
1632.053200 34942.000000 205.049316 34550.246094
1633.622100 34739.000000 187.766266 34568.273438
1635.190600 34731.000000 174.809113 34556.199219
1636.759000 35026.000000 169.195389 34555.460938
1638.325700 34917.000000 167.500015 34529.644531
1639.890700 34788.000000 162.870926 34535.746094
1641.455400 34883.000000 160.623306 34516.753906
1643.019900 34778.000000 160.045242 34512.921875
1644.582800 34771.000000 161.818024 34476.667969
1646.143900 34563.000000 159.959763 34487.871094
1647.704700 34753.000000 161.823074 34467.054688
1649.265500 34791.000000 164.415146 34462.597656
1650.824500 34636.000000 167.377258 34427.992188
1652.381600 34695.000000 163.466339 34430.687500
1653.938700 34724.000000 161.022888 34421.058594
1655.495500 34580.000000 159.510834 34425.125000
1657.050700 34683.000000 161.150284 34384.578125
1658.604100 34552.000000 162.284515 34390.441406
1660.157200 34743.000000 168.775543 34365.359375
1661.710200 34593.000000 174.328506 34373.039062
1663.261500 34345.000000 179.003510 34336.976562
1664.811200 34560.000000 174.847260 34337.035156
1666.361900 34492.000000 174.084946 34313.375000
1667.909700 34495.000000 174.580780 34296.625000
1669.457200 34572.000000 175.541321 34250.351562
1671.004300 34359.000000 170.629929 34247.937500
1672.549900 34346.000000 167.936188 34220.832031
1674.093600 34219.000000 165.787994 34208.089844
1675.637300 34340.000000 165.205475 34162.476562
1677.180800 34179.000000 161.500580 34159.140625
1678.722400 34423.000000 160.784119 34127.253906
1680.263900 34236.000000 159.289764 34119.117188
1681.803700 34195.000000 158.670441 34063.652344
1683.341800 34414.000000 152.687241 34056.390625
1684.881200 34240.000000 150.078033 34027.753906
1686.417500 34267.000000 148.792511 34017.605469
1687.953400 34184.000000 149.332062 33967.820312
1689.489100 34153.000000 148.389908 33959.414062
1691.023200 34177.000000 150.342468 33926.734375
1692.557100 34027.000000 152.085129 33916.589844
1694.089200 34020.000000 153.320404 33861.257812
1695.619800 34001.000000 149.391754 33854.222656
1697.151500 33835.000000 147.033554 33824.218750
1698.680200 33957.000000 145.414902 33815.687500
1700.208500 33787.000000 144.733566 33784.546875
1701.736600 33723.000000 144.146088 33777.652344
1703.263100 34008.000000 145.077972 33739.039062
1704.789300 33907.000000 146.048187 33722.507812
1706.314000 33916.000000 146.340866 33664.792969
1707.838100 34037.000000 141.715897 33672.152344
1709.361000 33608.000000 140.478775 33658.031250
1710.883300 33849.000000 144.537796 33662.820312
1712.404100 34080.000000 155.717987 33625.062500
1713.923100 34064.000000 174.250122 33622.796875
1715.443500 33982.000000 201.240005 33621.140625
1716.960700 33824.000000 240.438309 33654.070312
1718.479100 34260.000000 305.866272 33638.984375
1719.994500 34307.000000 402.842712 33679.523438
1721.509600 34496.000000 554.446899 33737.453125
1723.024400 34605.000000 798.365845 33877.609375
1724.537600 35268.000000 1209.513062 33977.328125
1726.050700 36221.000000 1865.359131 34068.605469
1727.561900 37029.000000 2576.359375 34038.777344
1729.073000 37363.000000 2914.550537 34022.273438
1730.582400 36666.000000 2593.875000 33902.351562
1732.091700 35952.000000 1875.998779 33808.832031
1733.599200 34767.000000 1217.473389 33676.710938
1735.106600 34461.000000 792.950806 33607.761719
1736.612100 33981.000000 536.044067 33450.804688
1738.117600 33731.000000 387.431000 33362.148438
1739.621300 33641.000000 307.419830 33294.371094
1741.125000 33365.000000 261.406281 33255.917969
1742.626800 33305.000000 225.534637 33189.921875
1744.128400 33142.000000 189.188797 33139.457031
1745.628500 33464.000000 163.895416 33078.523438
1747.128300 33264.000000 148.859314 33034.320312
1748.626300 33225.000000 139.770721 32959.601562
1750.124300 33018.000000 130.852982 32942.410156
1751.620500 33089.000000 126.103882 32915.226562
1753.116600 33048.000000 123.788101 32908.890625
1754.612400 33190.000000 119.790100 32854.097656
1756.105100 33119.000000 112.695496 32829.121094
1757.599100 33106.000000 107.663712 32775.308594
1759.091300 33014.000000 104.612206 32758.671875
1760.582000 33095.000000 101.083923 32688.107422
1762.072400 32922.000000 96.311317 32664.517578
1763.561000 32785.000000 93.959579 32615.210938
1765.049600 32696.000000 93.233719 32616.886719
1766.536500 32819.000000 91.247131 32566.339844
1768.023200 32759.000000 87.099991 32555.027344
1769.508100 32541.000000 83.934311 32510.369141
1770.992900 32669.000000 82.744286 32523.589844
1772.477500 32671.000000 81.481369 32491.306641
1773.959000 32656.000000 79.668480 32489.853516
1775.441700 32658.000000 79.176071 32453.072266
1776.922700 32523.000000 79.667648 32467.935547
1778.402100 32772.000000 78.935890 32423.488281
1779.881300 32648.000000 75.824997 32413.195312
1781.358900 32475.000000 74.233231 32367.076172
1782.836200 32385.000000 74.181465 32392.412109
1784.311900 32610.000000 74.086105 32361.085938
1785.787400 32446.000000 71.281288 32366.271484
1787.262600 32366.000000 70.222191 32318.708984
1788.736200 32552.000000 70.538467 32334.492188
1790.208300 32440.000000 71.266647 32299.445312
1791.679800 32543.000000 69.154648 32297.062500
1793.150000 32296.000000 68.188599 32255.410156
1794.619900 32489.000000 68.418869 32263.650391
1796.089600 32428.000000 68.538071 32220.814453
1797.557600 32283.000000 66.167099 32224.671875
1799.023900 32162.000000 65.470795 32189.472656
1800.490100 32340.000000 65.929062 32208.113281
1801.954600 32174.000000 66.857048 32170.880859
1803.418900 32356.000000 65.038048 32164.498047
1804.883100 32068.000000 64.683823 32120.824219
1806.345500 32253.000000 64.865730 32139.101562
1807.806400 32128.000000 65.535324 32111.539062
1809.266800 32192.000000 63.755562 32124.726562
1810.727400 31931.000000 63.857258 32097.943359
1812.186000 32172.000000 65.207901 32123.185547
1813.643300 32285.000000 66.739044 32094.414062
1815.100100 32227.000000 65.773056 32091.683594
1816.556800 32058.000000 65.519859 32058.718750
1818.010400 32040.000000 64.718086 32108.130859
1819.465300 32107.000000 63.901054 32088.042969
1820.918500 32193.000000 60.907970 32085.984375
1822.370100 32031.000000 60.486279 32036.062500
1823.821400 32249.000000 60.678608 32044.324219
1825.272600 31939.000000 60.960693 32008.822266
1826.722200 32042.000000 58.918743 32015.412109
1828.169900 31942.000000 58.566742 31982.408203
1829.617600 31958.000000 58.825035 32007.318359
1831.065200 31979.000000 58.962090 31984.482422
1832.511000 31960.000000 57.244881 31991.916016
1833.956500 31814.000000 57.467518 31958.630859
1835.400500 32132.000000 58.497570 31969.669922
1836.842900 32196.000000 60.033894 31926.628906
1838.285200 31903.000000 59.238106 31921.753906
1839.727100 31800.000000 59.810875 31899.048828
1841.167400 32021.000000 60.399391 31925.703125
1842.606100 31873.000000 60.848091 31892.671875
1844.044400 31879.000000 59.449455 31871.466797
1845.482800 31920.000000 60.713917 31830.265625
1846.919400 31818.000000 62.385914 31843.269531
1848.356000 31677.000000 63.049572 31820.138672
1849.790800 31883.000000 61.329479 31820.677734
1851.224000 31898.000000 61.493153 31781.417969
1852.656900 31724.000000 62.394714 31801.970703
1854.089700 31903.000000 63.455742 31778.142578
1855.520800 31836.000000 62.323914 31785.800781
1856.951800 31670.000000 62.246227 31767.796875
1858.381100 31755.000000 61.764942 31807.779297
1859.808700 31943.000000 61.542339 31795.544922
1861.236300 32010.000000 59.162361 31773.994141
1862.663500 31729.000000 58.243103 31749.117188
1864.089100 31670.000000 56.942924 31835.814453
1865.514600 31785.000000 55.466301 31851.548828
1866.938500 31866.000000 52.764061 31879.238281
1868.360700 32054.000000 53.978127 31838.656250
1869.784200 32101.000000 56.915314 31857.699219
1871.204500 31833.000000 59.361958 31849.638672
1872.624600 31710.000000 57.540749 31903.429688
1874.044700 32003.000000 54.866314 31889.119141
1875.463000 31952.000000 54.157127 31893.550781
1876.881200 32029.000000 55.299030 31882.300781
1878.297700 31988.000000 56.462952 31887.662109
1879.714100 31861.000000 57.937305 31864.552734
1881.128800 32026.000000 58.419830 31913.421875
1882.541900 32177.000000 57.795452 31881.691406
1883.956200 32166.000000 54.397545 31761.910156
1885.367400 32085.000000 50.541306 31575.695312
1886.778600 31980.000000 58.080311 31471.349609
1888.189500 32261.000000 81.846725 31537.529297
