Raman_Shift Original_Spectrum Predicted_Raman Predicted_Baseline
294.894650 50520.000000 550.344971 49445.289062
297.232540 50390.000000 646.411438 49038.027344
299.568300 50349.000000 667.373779 49053.937500
301.905240 50512.000000 623.574402 49355.558594
304.238400 50710.000000 657.604370 49620.988281
306.571040 50440.000000 698.276794 49534.132812
308.903260 51141.000000 716.207397 49546.519531
311.233340 51217.000000 727.230225 49618.187500
313.562930 50852.000000 757.912964 49549.976562
315.890440 50983.000000 791.909790 49524.648438
318.215790 50721.000000 819.895996 49577.914062
320.540680 50973.000000 877.804199 49614.570312
322.865110 50941.000000 956.203979 49656.093750
325.187410 50867.000000 1028.990479 49655.765625
327.509250 51461.000000 1102.270630 49707.554688
329.828920 51687.000000 1209.498169 49757.527344
332.148160 51863.000000 1342.218750 49849.996094
334.465270 52021.000000 1479.863281 49951.093750
336.781950 52541.000000 1642.937256 50058.000000
339.096470 52582.000000 1853.444580 50155.496094
341.408870 53126.000000 2108.464600 50286.515625
343.722530 53523.000000 2409.713623 50431.218750
346.032350 54124.000000 2787.778564 50643.003906
348.341740 54465.000000 3247.860352 50845.351562
350.650670 55675.000000 3868.881348 51081.832031
352.957460 56169.000000 4495.676270 51308.632812
355.263760 57277.000000 5216.260742 51628.636719
357.568020 58267.000000 5906.676758 51942.761719
359.871800 59083.000000 6683.902344 52130.558594
362.173430 59690.000000 7260.817871 52252.812500
364.474640 60528.000000 7883.665039 52433.226562
366.773710 60586.000000 8369.940430 52653.933594
369.072360 60754.000000 9043.263672 52776.230469
371.368870 61337.000000 9565.048828 52916.304688
373.664920 62070.000000 10233.160156 53099.367188
375.958890 62975.000000 10642.256836 53355.917969
378.252380 63615.000000 11120.998047 53416.828125
380.543790 64027.000000 11308.494141 53483.328125
382.834750 64249.000000 11501.607422 53555.929688
385.123570 64183.000000 11344.810547 53657.449219
387.411960 63710.000000 10907.852539 53603.203125
389.698210 63239.000000 10218.153320 53505.562500
391.984070 62345.000000 9402.668945 53434.914062
394.267790 61222.000000 8410.393555 53324.660156
396.551060 60049.000000 7395.764648 53160.910156
398.832210 58909.000000 6534.342773 52948.886719
401.112950 58211.000000 5781.415039 52833.320312
403.391570 57531.000000 5037.279785 52654.527344
405.669770 56696.000000 4327.073242 52521.535156
407.945860 56595.000000 3743.977051 52397.105469
410.221470 55475.000000 3291.861816 52309.671875
412.495030 55390.000000 2913.382080 52159.015625
414.768100 55052.000000 2581.719238 52046.382812
417.039090 54515.000000 2275.397949 51964.257812
419.309630 54286.000000 2024.832397 51898.261719
421.579740 53876.000000 1802.835571 51768.820312
423.846100 53628.000000 1616.189819 51701.785156
426.113680 53523.000000 1471.095947 51656.085938
428.377470 53444.000000 1356.483643 51602.289062
430.642520 52926.000000 1255.538086 51500.296875
432.905460 53035.000000 1139.720947 51453.093750
435.166320 53013.000000 1044.196777 51407.386719
437.426700 52754.000000 966.715210 51387.054688
439.685060 52608.000000 900.842773 51302.175781
441.942900 52692.000000 848.075012 51284.234375
444.198730 52661.000000 807.247742 51262.230469
446.454070 52761.000000 769.818726 51266.871094
448.708980 52521.000000 741.787537 51201.625000
450.961820 52570.000000 706.488647 51197.179688
453.212550 52433.000000 692.214783 51186.679688
455.462890 52347.000000 684.228271 51198.046875
457.711120 52420.000000 688.817932 51152.328125
459.958920 52363.000000 679.246338 51156.343750
462.204590 52505.000000 682.102356 51151.328125
464.449890 52307.000000 692.813782 51170.566406
466.694760 52543.000000 719.650269 51127.132812
468.937500 52351.000000 729.188232 51146.117188
471.178160 52405.000000 752.321411 51126.812500
473.418460 52579.000000 791.692383 51126.093750
475.656620 52348.000000 861.832886 51087.238281
477.894380 52516.000000 936.904602 51092.628906
480.131680 52592.000000 1029.344849 51125.578125
482.366910 52945.000000 1151.062256 51177.742188
484.600040 53446.000000 1341.782593 51209.246094
486.832790 54256.000000 1627.319580 51264.582031
489.063450 54943.000000 2007.799438 51289.015625
491.293670 55045.000000 2419.644775 51328.316406
493.523500 54718.000000 2725.763916 51273.277344
495.751190 54942.000000 2801.947266 51231.851562
497.976840 54921.000000 2641.701904 51116.390625
500.202090 54480.000000 2321.521973 51047.046875
502.426910 53788.000000 1931.020508 50928.867188
504.649660 53483.000000 1593.797852 50832.730469
506.870270 53091.000000 1344.152710 50721.320312
509.090550 52365.000000 1167.988037 50675.402344
511.310360 52373.000000 1045.200806 50537.738281
513.528140 52453.000000 925.841675 50402.734375
515.743770 52020.000000 852.546387 50285.390625
517.959110 51771.000000 800.286804 50200.843750
520.173890 51491.000000 760.145142 50073.785156
522.386660 51092.000000 712.644592 49994.277344
524.597410 51127.000000 681.622742 49923.750000
526.807740 50758.000000 661.513062 49894.332031
529.017580 50831.000000 656.175659 49798.539062
531.225400 51016.000000 634.060425 49745.089844
533.431210 50760.000000 620.766846 49715.164062
535.636470 50755.000000 607.883179 49718.871094
537.841430 50262.000000 601.186890 49654.468750
540.044310 50815.000000 582.727966 49621.261719
542.245120 50981.000000 580.024963 49609.972656
544.445500 50889.000000 582.720825 49630.730469
546.645450 50390.000000 591.904968 49584.406250
548.843380 50552.000000 588.017456 49608.601562
551.040830 50763.000000 589.002930 49637.894531
553.236330 50766.000000 593.222107 49681.277344
555.429690 50752.000000 609.410278 49653.468750
557.622680 50989.000000 610.868347 49678.023438
559.815250 50901.000000 622.453247 49691.769531
562.005800 50971.000000 635.270935 49732.976562
564.195920 50592.000000 657.335815 49713.527344
566.383910 50887.000000 665.936523 49734.414062
568.569950 51058.000000 667.854553 49752.296875
570.755550 50852.000000 672.800049 49772.015625
572.940730 51164.000000 692.331970 49727.375000
575.123900 50910.000000 703.349243 49746.324219
577.306640 50934.000000 725.769897 49732.011719
579.487300 50840.000000 745.534851 49754.699219
581.665950 50723.000000 783.459290 49721.117188
583.844120 51151.000000 813.013062 49723.761719
586.021970 50946.000000 839.790710 49715.003906
588.197750 50926.000000 868.496460 49729.265625
590.373170 51204.000000 922.330261 49687.011719
592.546450 51267.000000 964.471497 49687.632812
594.719420 50988.000000 1006.936890 49664.300781
596.890260 51439.000000 1054.103271 49670.445312
599.059140 50930.000000 1129.725342 49655.964844
601.229190 51031.000000 1219.133789 49660.890625
603.395570 51363.000000 1269.924805 49676.191406
605.561580 51382.000000 1322.541504 49713.207031
607.727170 51691.000000 1409.029907 49717.734375
609.890750 51782.000000 1509.224365 49745.484375
612.053960 51855.000000 1636.654541 49770.542969
614.215030 51936.000000 1803.754883 49871.984375
616.375790 52374.000000 2029.619507 49913.265625
618.534480 52348.000000 2309.638428 49964.988281
620.692750 52938.000000 2639.857422 49976.945312
622.849000 53652.000000 3067.783691 50079.976562
625.004820 53493.000000 3615.207764 50158.253906
627.158750 54483.000000 4448.904785 50227.691406
629.310490 55083.000000 5193.932617 50343.785156
631.463560 56180.000000 6333.865723 50488.156250
633.612920 57381.000000 7608.614258 50717.894531
635.763490 59297.000000 9692.815430 50829.515625
637.910460 61236.000000 11734.624023 51010.593750
640.058650 64087.000000 14672.346680 51405.367188
642.203190 67983.000000 17465.625000 51925.941406
644.348880 72840.000000 22040.089844 52735.187500
646.491030 78971.000000 27047.246094 53522.523438
648.634400 86037.000000 34531.710938 53860.929688
650.774050 93902.000000 41337.941406 54063.617188
652.914980 100933.000000 47500.640625 53352.304688
655.052250 102693.000000 48333.492188 52981.175781
657.190730 97548.000000 42901.984375 52545.761719
659.325620 89586.000000 36856.312500 52235.152344
661.461730 82228.000000 29903.728516 51660.695312
663.594180 75747.000000 24734.863281 51861.125000
665.727910 70308.000000 20321.873047 52054.203125
667.857910 66811.000000 16904.306641 51606.687500
669.989200 63543.000000 13411.125000 51418.347656
672.118470 61370.000000 11237.174805 51472.187500
674.245670 59376.000000 9015.520508 51391.687500
676.372560 58013.000000 7687.074219 51226.328125
678.497380 56924.000000 6137.145996 51072.539062
680.621830 56296.000000 5064.264648 51138.171875
682.744320 55221.000000 4152.774414 51068.671875
684.866390 54711.000000 3631.378174 50882.082031
686.986450 54496.000000 3253.682861 50807.792969
689.106080 54288.000000 2990.855225 50841.640625
691.223750 54185.000000 2865.290771 50811.027344
693.341000 54277.000000 2868.453857 50749.253906
695.457820 54414.000000 2976.595947 50764.023438
697.571110 54608.000000 3188.732910 50900.886719
699.685610 54741.000000 3597.487061 51056.093750
701.798100 55748.000000 4186.793945 51212.230469
703.908570 56765.000000 4986.975586 51349.867188
706.018620 57669.000000 5807.308105 51484.066406
708.126770 58093.000000 6427.339355 51552.210938
710.234380 58128.000000 6428.348633 51482.375000
712.340150 57608.000000 5855.927246 51453.718750
714.445430 56669.000000 4916.217285 51382.546875
716.550350 55060.000000 3947.846436 51304.445312
718.653260 54001.000000 3081.729736 51094.070312
720.754270 53469.000000 2406.691650 50961.996094
722.854800 52890.000000 1935.259399 50860.562500
724.953370 52649.000000 1612.484497 50813.136719
727.051570 52184.000000 1382.249268 50722.890625
729.149350 51896.000000 1161.441528 50650.558594
731.243530 51947.000000 1003.710571 50595.796875
733.338990 51813.000000 882.539368 50543.382812
735.432370 51703.000000 783.801147 50451.929688
737.523800 51580.000000 716.236511 50397.304688
739.614870 51517.000000 678.171814 50366.367188
741.705570 51123.000000 643.122437 50359.816406
743.792600 50938.000000 610.881470 50295.328125
745.880920 50947.000000 566.019348 50281.464844
747.967220 51312.000000 540.450317 50264.121094
750.051570 51165.000000 524.573486 50275.824219
752.135500 51068.000000 513.888367 50226.144531
754.219120 51227.000000 483.847229 50209.886719
756.300720 51270.000000 463.962830 50205.542969
758.380310 51039.000000 451.132629 50226.273438
760.459530 51081.000000 441.323425 50195.121094
762.538390 50661.000000 415.418854 50213.300781
764.615300 51441.000000 398.333862 50205.656250
766.690190 51345.000000 390.981995 50223.234375
768.764710 51213.000000 393.120880 50186.023438
770.838810 51173.000000 386.058563 50215.808594
772.909360 51036.000000 378.169708 50232.820312
774.981140 50991.000000 369.936615 50258.222656
777.050960 51055.000000 365.888519 50226.015625
779.120420 51189.000000 357.575348 50252.582031
781.187870 51113.000000 359.691589 50248.945312
783.253420 50871.000000 365.270416 50274.957031
785.318480 50824.000000 374.317444 50238.824219
787.383240 51140.000000 366.250885 50263.664062
789.445980 50872.000000 360.424194 50269.804688
791.506770 50868.000000 355.947021 50298.453125
793.567260 51076.000000 356.302582 50277.785156
795.627260 51250.000000 351.666321 50295.554688
797.685360 51206.000000 352.899231 50274.953125
799.741520 51057.000000 354.264709 50293.269531
801.797240 51076.000000 359.176270 50246.222656
803.852600 51067.000000 349.069824 50273.605469
805.906010 50625.000000 351.514709 50254.519531
807.959050 51173.000000 357.548523 50256.816406
810.010130 50764.000000 370.109802 50227.007812
812.059200 50994.000000 378.914734 50230.691406
814.107970 50998.000000 391.998566 50207.375000
816.156370 51013.000000 403.696594 50208.925781
818.202760 50962.000000 417.207123 50164.128906
820.247190 50943.000000 414.980530 50183.109375
822.292850 50926.000000 414.895081 50156.695312
824.335020 51356.000000 415.580963 50150.031250
826.376770 51161.000000 417.802399 50104.156250
828.418090 51065.000000 406.792511 50112.140625
830.457520 50863.000000 405.812592 50075.816406
832.496640 51243.000000 410.886475 50055.753906
834.533690 51109.000000 424.987793 50004.625000
836.568910 50824.000000 432.443909 50005.285156
838.603700 50781.000000 446.716003 49958.558594
840.638060 50922.000000 463.026184 49931.296875
842.670530 50867.000000 485.074371 49859.312500
844.702640 50534.000000 495.067322 49848.527344
846.732790 50670.000000 511.271667 49804.175781
848.762570 50865.000000 531.003052 49787.031250
850.790470 50442.000000 561.018188 49724.218750
852.816350 50684.000000 585.869568 49713.851562
854.843440 50677.000000 606.307251 49686.007812
856.867070 51105.000000 634.528442 49662.339844
858.890200 51046.000000 679.590576 49603.597656
860.913150 50958.000000 725.346619 49578.210938
862.934020 50830.000000 788.510315 49552.960938
864.954530 50935.000000 876.501648 49545.980469
866.973140 51112.000000 985.873535 49508.542969
868.991390 50815.000000 1112.789307 49498.285156
871.007690 51623.000000 1281.356567 49483.902344
873.023620 51482.000000 1498.916260 49509.636719
875.037660 51426.000000 1810.639282 49518.648438
877.051270 52367.000000 2236.106201 49592.863281
879.062990 52837.000000 2734.812500 49668.558594
881.074340 53564.000000 3347.187500 49849.578125
883.083740 54619.000000 4036.668457 49988.789062
885.092770 55669.000000 4871.702637 50087.093750
887.099850 56326.000000 5706.758789 50130.500000
889.104980 57206.000000 6512.088379 50154.781250
891.111450 57068.000000 6977.811523 50167.046875
893.114260 57221.000000 7065.431152 50093.882812
895.118410 56876.000000 6751.200195 49950.707031
897.119020 56244.000000 6179.302734 49845.007812
899.120790 55308.000000 5376.330078 49678.488281
901.119080 54132.000000 4524.053711 49450.183594
903.118650 53140.000000 3731.805908 49127.019531
905.114620 52090.000000 3093.114014 48898.863281
907.111880 51244.000000 2542.321289 48615.382812
909.107180 50422.000000 2066.035645 48401.839844
911.100520 50229.000000 1701.391846 48225.167969
913.093630 49684.000000 1435.240356 48074.937500
915.084660 49272.000000 1240.071045 47907.601562
917.075380 49235.000000 1082.102539 47732.390625
919.064210 48916.000000 953.606934 47602.207031
921.052730 48592.000000 862.745972 47499.445312
923.039310 48651.000000 799.397217 47359.339844
925.025450 48382.000000 743.437622 47261.507812
927.009770 48004.000000 710.341431 47173.371094
928.993650 48004.000000 692.562500 47148.691406
930.975590 48246.000000 687.157166 47059.937500
932.957280 47749.000000 672.698120 47000.203125
934.937010 47857.000000 663.172546 46950.699219
936.916380 47916.000000 660.752808 46956.828125
938.895390 47927.000000 672.940308 46881.734375
940.870970 47696.000000 677.068848 46838.492188
942.847660 47830.000000 692.117065 46804.023438
944.822510 47841.000000 731.528503 46839.695312
946.795470 47707.000000 790.471375 46816.816406
948.768010 47856.000000 863.653687 46826.140625
950.738710 48005.000000 959.501099 46846.281250
952.708980 48185.000000 1109.041748 46916.812500
954.677310 48207.000000 1337.517700 46969.417969
956.645390 48696.000000 1649.121338 47029.343750
958.613160 49303.000000 2032.353516 47088.289062
960.578920 49567.000000 2498.248535 47197.671875
962.542720 50257.000000 3030.496338 47276.750000
964.506290 51044.000000 3685.426270 47331.148438
966.467960 51642.000000 4357.444824 47342.957031
968.429260 52394.000000 4959.926270 47374.175781
970.390140 52611.000000 5254.022461 47370.812500
972.347660 52270.000000 5163.624023 47310.148438
974.306270 51897.000000 4760.840332 47184.773438
976.263060 50904.000000 4162.922852 47116.214844
978.218020 49774.000000 3458.222656 46993.281250
980.172490 49271.000000 2811.024170 46866.199219
982.125120 48667.000000 2272.223145 46691.203125
984.077390 48452.000000 1879.197876 46598.957031
986.029360 47723.000000 1576.656738 46468.500000
987.979370 47549.000000 1306.372681 46341.562500
989.927490 47283.000000 1105.737671 46233.929688
991.875310 46794.000000 956.418457 46149.269531
993.822750 46570.000000 843.071777 46052.554688
995.768370 46539.000000 747.049744 45948.691406
997.711980 46364.000000 677.421143 45864.140625
999.655270 45957.000000 628.780457 45822.917969
1001.596700 46197.000000 597.754517 45778.320312
1003.537700 46028.000000 563.600281 45716.042969
1005.478600 45754.000000 541.957458 45681.957031
1007.417400 46208.000000 529.127319 45677.261719
1009.354300 46173.000000 527.626465 45641.867188
1011.291000 45785.000000 509.994873 45566.902344
1013.227200 45897.000000 499.192627 45533.566406
1015.161600 45984.000000 492.108978 45554.757812
1017.094100 45880.000000 494.405518 45554.707031
1019.026200 45972.000000 485.369293 45500.707031
1020.958000 45988.000000 486.404846 45463.261719
1022.888000 45650.000000 495.969971 45477.371094
1024.816000 45949.000000 514.741333 45463.859375
1026.743800 45537.000000 516.023193 45444.988281
1028.671100 45751.000000 521.658875 45466.824219
1030.596600 46055.000000 529.714600 45511.660156
1032.521700 45717.000000 549.153076 45556.441406
1034.444900 46122.000000 561.964478 45538.777344
1036.366300 46170.000000 583.174683 45546.761719
1038.287400 46332.000000 604.933777 45566.078125
1040.208100 46031.000000 638.224243 45557.843750
1042.127000 45949.000000 651.808838 45534.812500
1044.043800 46098.000000 663.599792 45548.144531
1045.960400 46221.000000 682.332397 45599.453125
1047.876700 46277.000000 718.494934 45622.070312
1049.791000 46088.000000 752.125122 45621.105469
1051.705100 46439.000000 797.671204 45651.429688
1053.617300 46493.000000 864.193726 45731.714844
1055.527600 46536.000000 963.428833 45780.726562
1057.437500 46651.000000 1096.490356 45799.492188
1059.347300 47193.000000 1253.819214 45849.011719
1061.255000 47459.000000 1489.572754 45976.027344
1063.162500 47615.000000 1843.815674 46095.214844
1065.068000 48356.000000 2406.502197 46208.265625
1066.971700 49271.000000 3176.139893 46326.265625
1068.875000 50523.000000 4205.187500 46525.050781
1070.778100 52179.000000 5431.188965 46718.722656
1072.679200 53400.000000 6634.988281 46727.023438
1074.580000 53790.000000 7311.998535 46661.082031
1076.479000 53436.000000 7087.924316 46656.089844
1078.377600 52459.000000 6185.263672 46594.230469
1080.274400 51406.000000 5061.826172 46440.953125
1082.169200 50407.000000 3997.613770 46312.468750
1084.065300 49093.000000 3136.244873 46236.164062
1085.958000 47982.000000 2434.942627 46103.148438
1087.850300 47330.000000 1913.756226 45990.691406
1089.742400 47174.000000 1566.764771 45907.632812
1091.632600 46793.000000 1341.530396 45862.488281
1093.522500 46642.000000 1193.968262 45802.011719
1095.410400 46370.000000 1062.190308 45743.375000
1097.298100 46474.000000 978.506531 45725.843750
1099.183800 46239.000000 929.569336 45715.039062
1101.069300 46370.000000 912.845581 45661.914062
1102.952900 46210.000000 905.244995 45605.785156
1104.834600 45908.000000 905.569336 45600.949219
1106.717700 46300.000000 910.619934 45610.742188
1108.597200 46250.000000 928.223938 45583.757812
1110.477900 46018.000000 936.216614 45537.703125
1112.355300 46111.000000 948.745300 45510.628906
1114.232300 45895.000000 966.993774 45552.089844
1116.109100 46256.000000 1007.047546 45561.957031
1117.984000 46170.000000 1044.661865 45529.933594
1119.858500 46006.000000 1067.869385 45544.511719
1121.731300 46450.000000 1100.806519 45590.535156
1123.603600 46326.000000 1147.283813 45616.707031
1125.474100 46614.000000 1194.598145 45577.687500
1127.344400 46768.000000 1249.933472 45546.585938
1129.212600 46468.000000 1318.847900 45579.882812
1131.080700 46735.000000 1410.764038 45616.933594
1132.946900 46720.000000 1520.646484 45616.660156
1134.812700 46807.000000 1617.573486 45640.121094
1136.676800 46891.000000 1760.590210 45728.746094
1138.540400 47207.000000 1946.952393 45801.062500
1140.402300 47841.000000 2198.558350 45817.785156
1142.263800 47904.000000 2458.691895 45839.496094
1144.123400 48612.000000 2863.921387 45899.429688
1145.982800 49109.000000 3377.944580 45985.578125
1147.841800 49644.000000 4230.097656 45999.800781
1149.697500 51369.000000 5156.996094 46003.988281
1151.554400 52440.000000 6439.683594 46234.769531
1153.407800 53989.000000 7922.248535 46602.242188
1155.262600 55915.000000 9886.646484 46916.550781
1157.115500 58501.000000 11741.462891 47211.949219
1158.966400 59888.000000 13520.828125 47246.062500
1160.817100 61229.000000 14414.666016 47330.515625
1162.666000 61259.000000 14345.424805 47104.742188
1164.514500 60020.000000 13376.273438 46903.972656
1166.361300 58202.000000 11797.657227 46727.054688
1168.207600 56965.000000 10179.067383 46647.910156
1170.052200 55366.000000 8909.271484 46341.156250
1171.896500 54452.000000 8016.518066 46174.988281
1173.740400 53893.000000 7510.908691 46056.546875
1175.580900 53668.000000 7248.074219 45884.582031
1177.422900 53704.000000 7350.167969 45687.320312
1179.262700 54150.000000 7573.918945 45698.371094
1181.100700 54583.000000 8313.274414 45718.167969
1182.938600 55395.000000 9179.117188 45859.441406
1184.774500 56574.000000 10606.183594 45949.437500
1186.610200 58166.000000 11916.354492 46229.925781
1188.444000 59494.000000 13609.168945 46581.070312
1190.277500 61579.000000 15184.115234 46985.199219
1192.110700 63683.000000 16974.865234 47217.277344
1193.942000 65114.000000 18213.525391 47450.273438
1195.771600 66206.000000 19165.123047 47505.648438
1197.600700 66694.000000 19332.097656 47506.109375
1199.428100 66395.000000 18812.738281 47226.105469
1201.255200 65676.000000 17840.035156 47149.941406
1203.082000 64378.000000 16465.357422 47081.394531
1204.907000 62548.000000 14990.453125 47047.328125
1206.730100 61059.000000 13645.331055 46876.382812
1208.552900 60093.000000 12522.312500 46950.304688
1210.373900 59288.000000 11820.306641 46903.210938
1212.194600 58457.000000 11415.942383 46755.750000
1214.015000 58566.000000 11384.310547 46656.378906
1215.833500 58654.000000 11453.608398 46915.652344
1217.650300 59475.000000 12016.009766 47112.382812
1219.466700 60810.000000 12791.654297 47430.324219
1221.281300 61709.000000 14140.270508 47787.785156
1223.095600 63840.000000 15506.284180 48365.710938
1224.909500 65668.000000 17318.882812 48796.316406
1226.721700 67518.000000 18824.779297 49116.558594
1228.532000 68755.000000 20119.380859 49246.738281
1230.342000 69451.000000 20532.816406 49475.644531
1232.151700 68803.000000 19886.873047 49564.445312
1233.959700 67522.000000 18465.248047 49508.683594
1235.765900 65409.000000 16399.996094 49263.492188
1237.571700 63200.000000 14352.120117 49287.265625
1239.377100 61365.000000 12492.008789 49299.628906
1241.180800 59755.000000 10933.141602 49153.660156
1242.982700 58343.000000 9596.442383 49026.652344
1244.784200 57330.000000 8653.743164 49115.304688
1246.585300 56770.000000 8048.415039 49155.109375
1248.384900 56297.000000 7731.557617 49032.484375
1250.182500 56273.000000 7802.991211 48839.542969
1251.979700 56811.000000 7943.604492 48896.566406
1253.776900 57688.000000 8632.968750 48900.367188
1255.572000 58562.000000 9541.608398 48994.441406
1257.365500 59617.000000 11203.341797 49092.062500
1259.160000 62238.000000 13019.505859 49330.425781
1260.951300 65846.000000 16175.580078 49855.375000
1262.742300 69992.000000 19886.449219 50597.515625
1264.533100 75792.000000 25687.869141 51401.464844
1266.322000 82476.000000 31079.740234 52226.890625
1268.109000 88031.000000 37553.246094 52345.917969
1269.895800 92636.000000 41590.953125 51908.078125
1271.682400 93913.000000 42021.042969 51343.050781
1273.466900 91665.000000 39577.734375 51063.230469
1275.251500 86111.000000 34555.457031 50797.132812
1277.033900 79548.000000 29302.447266 50905.496094
1278.814700 73474.000000 23435.757812 50620.394531
1280.595200 68232.000000 19010.341797 50763.703125
1282.375400 63889.000000 15211.534180 50885.593750
1284.153800 60517.000000 12603.585938 50584.578125
1285.931900 58459.000000 10152.457031 50469.164062
1287.708100 56970.000000 8662.323242 50606.480469
1289.482500 55646.000000 7207.421875 50566.328125
1291.256800 55159.000000 6391.805664 50433.074219
1293.030600 54314.000000 5513.468750 50321.167969
1294.802900 54242.000000 4884.711914 50388.398438
1296.574600 53984.000000 4376.944824 50334.269531
1298.344600 53515.000000 4099.751953 50201.605469
1300.114400 53125.000000 3901.856689 50127.480469
1301.882300 53205.000000 3756.126953 50150.003906
1303.648300 53233.000000 3700.196777 50141.460938
1305.415800 53419.000000 3744.813721 50098.359375
1307.179700 53555.000000 3869.361816 50086.242188
1308.943500 54118.000000 4036.627441 50143.242188
1310.707000 54407.000000 4308.795898 50226.460938
1312.468600 54507.000000 4672.256836 50290.105469
1314.230000 55652.000000 5134.805664 50292.453125
1315.989500 55898.000000 5589.893555 50318.449219
1317.748800 56715.000000 6291.928223 50424.492188
1319.506200 57513.000000 7083.997070 50671.562500
1321.263400 58847.000000 8377.275391 50806.453125
1323.018900 59689.000000 9525.116211 50984.242188
1324.774000 61277.000000 11010.268555 51348.820312
1326.527300 63247.000000 12415.452148 51806.066406
1328.278900 65290.000000 14250.576172 52165.441406
1330.031700 67232.000000 15788.882812 52434.500000
1331.781100 69013.000000 17331.324219 52588.460938
1333.531900 70042.000000 18047.960938 52777.941406
1335.279300 69820.000000 17933.234375 52597.621094
1337.027800 69031.000000 17213.652344 52482.777344
1338.773200 67537.000000 15953.197266 52350.796875
1340.518300 66110.000000 14525.083008 52366.332031
1342.263100 64980.000000 12966.646484 52048.742188
1344.006000 63130.000000 11653.388672 51867.199219
1345.748700 62174.000000 10547.086914 51784.605469
1347.489500 60890.000000 9590.783203 51591.035156
1349.230200 60063.000000 8687.281250 51386.871094
1350.969100 59450.000000 7954.259277 51410.796875
1352.707500 59230.000000 7413.241211 51361.320312
1354.445900 58707.000000 6947.531250 51242.609375
1356.180900 58583.000000 6663.072754 51080.203125
1357.917000 58170.000000 6495.592285 51125.457031
1359.649900 58278.000000 6607.750977 51079.054688
1361.384200 58566.000000 6826.151367 51031.148438
1363.115000 59016.000000 7475.575195 51003.886719
1364.847000 59466.000000 8073.087402 51157.187500
1366.577400 60334.000000 9162.474609 51377.824219
1368.305900 61472.000000 10297.167969 51740.070312
1370.034300 63145.000000 12071.896484 52114.242188
1371.760600 65763.000000 13986.885742 52543.042969
1373.486900 67893.000000 16605.697266 53107.917969
1375.211300 71143.000000 19053.355469 53591.546875
1376.935400 73865.000000 21253.283203 53648.359375
1378.657800 75229.000000 22060.478516 53599.171875
1380.380000 74149.000000 20463.244141 53441.980469
1382.100200 71043.000000 17959.316406 53344.523438
1383.820300 67789.000000 14726.065430 52939.539062
1385.540200 64971.000000 11945.345703 52919.062500
1387.256500 62635.000000 9674.170898 52929.578125
1388.974200 60796.000000 7845.577148 52740.019531
1390.690300 58979.000000 6313.870605 52558.617188
1392.404400 58441.000000 5219.631348 52522.683594
1394.118400 57368.000000 4393.357422 52456.304688
1395.830400 56937.000000 3841.729004 52263.519531
1397.542200 56608.000000 3442.714355 52078.863281
1399.252300 56383.000000 3124.431641 52029.097656
1400.962200 55757.000000 2925.632812 51971.480469
1402.671800 55610.000000 2809.353027 51888.554688
1404.379500 55567.000000 2754.150635 51805.671875
1406.085600 55505.000000 2715.249512 51806.519531
1407.791300 55324.000000 2685.244629 51786.800781
1409.495200 55613.000000 2705.636230 51750.703125
1411.199000 56051.000000 2745.748535 51709.929688
1412.902500 56067.000000 2746.845459 51713.214844
1414.604000 56426.000000 2747.156250 51705.054688
1416.304000 56406.000000 2819.635742 51674.039062
1418.003700 55767.000000 2926.938477 51643.964844
1419.701500 55799.000000 2957.700684 51628.207031
1421.399000 55672.000000 3002.935547 51624.542969
1423.096400 55681.000000 3097.791260 51599.269531
1424.792000 55646.000000 3230.178711 51581.281250
1426.485700 55526.000000 3370.001465 51664.351562
1428.179300 55947.000000 3533.462158 51777.484375
1429.871100 56289.000000 3773.458252 51855.675781
1431.562500 56906.000000 4118.048828 51903.242188
1433.253900 57051.000000 4380.284668 51998.246094
1434.943400 57246.000000 4757.573242 52108.933594
1436.631000 57907.000000 5174.106445 52192.351562
1438.318500 58004.000000 5754.147949 52232.941406
1440.005600 58682.000000 6374.746582 52361.312500
1441.691000 59234.000000 7204.219727 52557.023438
1443.374800 60437.000000 8050.630371 52846.593750
1445.058200 61675.000000 9131.565430 52991.433594
1446.741300 63283.000000 10043.540039 53274.910156
1448.422900 64366.000000 11350.017578 53673.652344
1450.102400 65808.000000 12683.075195 54047.093750
1451.781700 67926.000000 14476.947266 54278.531250
1453.460900 69643.000000 16006.942383 54601.175781
1455.138200 71167.000000 17947.662109 54966.179688
1456.813800 73644.000000 19432.716797 55334.546875
1458.489100 74816.000000 21036.652344 55492.609375
1460.164300 76145.000000 21939.775391 55622.710938
1461.837600 76852.000000 22556.839844 55619.617188
1463.509200 76886.000000 22507.173828 55778.328125
1465.180500 76168.000000 21917.607422 55568.378906
1466.851600 74860.000000 20910.335938 55506.285156
1468.520900 73223.000000 19421.714844 55436.125000
1470.189900 71900.000000 17833.906250 55290.539062
1471.857200 69968.000000 15956.614258 55037.292969
1473.522800 67703.000000 14401.909180 54872.773438
1475.188100 66264.000000 12858.620117 54755.554688
1476.853100 64383.000000 11538.850586 54468.242188
1478.516500 63102.000000 10083.416992 54174.710938
1480.178000 62029.000000 8953.630859 54007.718750
1481.839200 60682.000000 7953.318848 53815.261719
1483.500400 60142.000000 7138.642090 53525.433594
1485.159700 59011.000000 6325.166016 53241.484375
1486.818600 58396.000000 5602.501465 53036.476562
1488.476000 57618.000000 5026.967285 52842.300781
1490.131500 57355.000000 4572.450684 52627.292969
1491.788300 56902.000000 4197.119141 52454.050781
1493.441800 56653.000000 3882.885254 52376.894531
1495.095100 56354.000000 3691.348389 52319.648438
1496.748000 56348.000000 3593.119629 52222.101562
1498.399400 56690.000000 3571.505371 52174.777344
1500.050400 56407.000000 3531.129639 52197.296875
1501.699700 56472.000000 3557.328125 52202.445312
1503.347300 56905.000000 3640.425781 52150.921875
1504.996100 57095.000000 3877.308105 52104.652344
1506.641600 56912.000000 4091.082520 52179.996094
1508.287000 57673.000000 4604.903809 52295.574219
1509.932000 58730.000000 5345.697266 52561.898438
1511.575300 60151.000000 6693.820312 52873.914062
1513.218500 62543.000000 8632.543945 53444.683594
1514.859700 65036.000000 11740.334961 54216.960938
1516.500900 69691.000000 15326.125000 54762.304688
1518.140300 74581.000000 18356.253906 54709.597656
1519.777800 73366.000000 18498.992188 54690.875000
1521.416700 70564.000000 16063.345703 54488.246094
1523.052200 67949.000000 13505.193359 54339.589844
1524.689200 66064.000000 12011.787109 53960.441406
1526.322800 64974.000000 11264.241211 53837.507812
1527.956200 65176.000000 11428.556641 53764.945312
1529.589400 65487.000000 11996.436523 53874.789062
1531.220800 66850.000000 13297.979492 54019.015625
1532.851900 68925.000000 14674.900391 54422.656250
1534.481400 71026.000000 16640.205078 54781.210938
1536.110600 72711.000000 18392.828125 55143.859375
1537.738000 74563.000000 20234.695312 55326.074219
1539.365200 76130.000000 21395.722656 55554.085938
1540.990700 76842.000000 22066.011719 55671.015625
1542.616000 76517.000000 21875.730469 55669.617188
1544.239500 75368.000000 20742.265625 55391.367188
1545.862700 73551.000000 19161.328125 55226.238281
1547.484400 71376.000000 17053.605469 55106.070312
1549.105600 68556.000000 14850.317383 54807.003906
1550.725100 66294.000000 12386.420898 54483.445312
1552.344500 63867.000000 10286.759766 54193.371094
1553.962000 61580.000000 8383.405273 53976.453125
1555.579300 60385.000000 6907.125977 53619.187500
1557.195100 59099.000000 5617.859863 53333.519531
1558.810400 58155.000000 4680.391602 53181.988281
1560.424100 57068.000000 3981.402832 53011.550781
1562.037500 56292.000000 3480.731934 52769.640625
1563.649200 55800.000000 3037.167725 52562.312500
1565.260600 54829.000000 2645.123779 52477.394531
1566.870500 54758.000000 2357.435303 52367.582031
1568.479900 54545.000000 2162.161621 52203.539062
1570.089100 54525.000000 2011.635986 52138.351562
1571.695200 54050.000000 1926.740845 52138.375000
1573.302500 54511.000000 1912.604248 52112.027344
1574.906500 54183.000000 1955.008057 52036.347656
1576.511800 54443.000000 2038.428711 52037.375000
1578.115500 55182.000000 2197.354980 52074.179688
1579.717400 54953.000000 2434.534424 52106.503906
1581.319100 54922.000000 2648.542480 52025.515625
1582.919100 55577.000000 2697.179199 51971.402344
1584.518700 55199.000000 2474.004150 51875.835938
1586.116600 54681.000000 2091.422852 51834.972656
1587.714500 53979.000000 1696.984619 51711.511719
1589.310500 53602.000000 1395.117432 51634.882812
1590.906300 53119.000000 1200.647217 51539.707031
1592.501800 52805.000000 1067.826782 51494.621094
1594.095700 52586.000000 972.358704 51387.933594
1595.687900 52395.000000 865.018066 51316.089844
1597.279700 52315.000000 786.134277 51259.921875
1598.869900 52243.000000 731.103455 51230.656250
1600.459700 52355.000000 685.480591 51137.671875
1602.048100 52018.000000 632.966919 51102.679688
1603.636000 51900.000000 599.926514 51054.617188
1605.223900 52183.000000 572.715027 51035.355469
1606.809800 51581.000000 553.822021 50970.820312
1608.394200 51675.000000 522.490417 50956.808594
1609.978300 51578.000000 497.527191 50924.785156
1611.560700 51739.000000 483.489594 50910.332031
1613.142900 51768.000000 474.505676 50857.179688
1614.724700 51948.000000 449.213562 50856.457031
1616.304900 51593.000000 434.115173 50836.277344
1617.883500 51682.000000 422.342865 50844.925781
1619.461800 51594.000000 412.489075 50807.484375
1621.038300 51616.000000 385.803650 50814.238281
1622.614700 51737.000000 363.760162 50789.601562
1624.190800 51653.000000 351.072113 50799.265625
1625.765300 51650.000000 345.293243 50751.328125
1627.337900 51794.000000 327.875183 50762.929688
1628.910400 51325.000000 314.932312 50735.582031
1630.482700 51549.000000 304.824615 50729.132812
1632.053200 51501.000000 299.219055 50694.476562
1633.622100 51434.000000 284.623749 50710.769531
1635.190600 51208.000000 276.516693 50685.820312
1636.759000 51605.000000 275.701996 50684.429688
1638.325700 51680.000000 277.683533 50646.984375
1639.890700 51677.000000 269.203186 50642.949219
1641.455400 51576.000000 266.013367 50622.648438
1643.019900 51349.000000 263.751770 50638.519531
1644.582800 51241.000000 264.119720 50595.445312
1646.143900 51225.000000 254.010086 50600.906250
1647.704700 51475.000000 249.348724 50579.375000
1649.265500 51487.000000 248.246384 50581.546875
1650.824500 51174.000000 250.617233 50543.484375
1652.381600 51251.000000 241.397995 50554.476562
1653.938700 51310.000000 234.824631 50547.304688
1655.495500 51078.000000 231.477264 50561.683594
1657.050700 51387.000000 233.006470 50523.093750
1658.604100 51287.000000 226.697708 50540.222656
1660.157200 51328.000000 227.268341 50512.812500
1661.710200 51443.000000 229.252487 50527.625000
1663.261500 51063.000000 233.770584 50492.222656
1664.811200 51258.000000 226.304398 50503.332031
1666.361900 51070.000000 221.677246 50479.335938
1667.909700 51265.000000 219.485229 50460.132812
1669.457200 51343.000000 224.024017 50413.175781
1671.004300 51109.000000 222.374588 50413.636719
1672.549900 50920.000000 223.678711 50379.941406
1674.093600 50720.000000 223.657257 50377.484375
1675.637300 50915.000000 223.086548 50326.683594
1677.180800 50825.000000 214.478241 50314.988281
1678.722400 51150.000000 213.572922 50274.679688
1680.263900 50939.000000 212.980133 50267.234375
1681.803700 50637.000000 215.423920 50205.699219
1683.341800 50890.000000 206.358932 50199.605469
1684.881200 50610.000000 199.054123 50167.628906
1686.417500 50708.000000 192.865143 50153.882812
1687.953400 50780.000000 190.123001 50099.410156
1689.489100 50700.000000 184.481659 50090.265625
1691.023200 50626.000000 185.473114 50041.976562
1692.557100 50557.000000 185.573700 50027.445312
1694.089200 50499.000000 184.197632 49964.253906
1695.619800 50471.000000 172.284164 49958.125000
1697.151500 50295.000000 163.613541 49920.835938
1698.680200 50497.000000 156.832733 49903.832031
1700.208500 50290.000000 153.191742 49863.476562
1701.736600 50207.000000 148.659607 49851.832031
1703.263100 50653.000000 148.162872 49810.257812
1704.789300 50284.000000 148.418762 49788.156250
1706.314000 50658.000000 148.137543 49718.191406
1707.838100 50557.000000 139.481125 49726.417969
1709.361000 49975.000000 132.367523 49685.773438
1710.883300 50191.000000 125.412292 49670.429688
1712.404100 50354.000000 121.082535 49622.312500
1713.923100 50276.000000 119.049767 49616.328125
1715.443500 50243.000000 119.528793 49571.375000
1716.960700 49927.000000 119.549606 49552.511719
1718.479100 50295.000000 118.038734 49479.800781
1719.994500 50182.000000 113.309959 49475.277344
1721.509600 49960.000000 110.974892 49434.000000
1723.024400 49806.000000 108.324219 49435.085938
1724.537600 49841.000000 105.677200 49380.828125
1726.050700 50039.000000 102.782372 49370.636719
1727.561900 50053.000000 103.531357 49316.640625
1729.073000 50045.000000 105.105148 49305.441406
1730.582400 49703.000000 106.502792 49229.140625
1732.091700 50150.000000 104.693100 49211.152344
1733.599200 49697.000000 104.999184 49154.750000
1735.106600 49905.000000 105.262474 49124.316406
1736.612100 49454.000000 105.135574 49045.753906
1738.117600 49495.000000 103.577354 49019.257812
1739.621300 49411.000000 103.915222 48976.640625
1741.125000 49197.000000 104.893204 48969.691406
1742.626800 49133.000000 104.685646 48918.203125
1744.128400 49181.000000 102.107224 48894.050781
1745.628500 49646.000000 101.224991 48839.363281
1747.128300 49408.000000 100.902466 48806.386719
1748.626300 49210.000000 100.680275 48727.265625
1750.124300 49179.000000 97.629433 48716.789062
1751.620500 49193.000000 97.635895 48679.332031
1753.116600 49130.000000 99.242767 48663.175781
1754.612400 49244.000000 100.787605 48595.898438
1756.105100 49268.000000 99.602005 48582.230469
1757.599100 49125.000000 99.363266 48528.117188
1759.091300 49016.000000 98.491776 48507.289062
1760.582000 49090.000000 97.869431 48436.042969
1762.072400 49238.000000 96.776657 48410.382812
1763.561000 48902.000000 98.583344 48356.414062
1765.049600 48583.000000 99.980179 48343.687500
1766.536500 48871.000000 99.975830 48277.792969
1768.023200 48724.000000 97.916939 48257.507812
1769.508100 48690.000000 97.290207 48197.890625
1770.992900 48606.000000 96.423340 48183.800781
1772.477500 48751.000000 95.882248 48125.785156
1773.959000 48691.000000 93.988365 48121.496094
1775.441700 48400.000000 94.798172 48068.156250
1776.922700 48526.000000 96.210449 48063.546875
1778.402100 48790.000000 97.365677 48015.371094
1779.881300 48504.000000 96.437798 48025.519531
1781.358900 48232.000000 96.292244 47976.230469
1782.836200 48420.000000 95.678917 47983.750000
1784.311900 48620.000000 95.526917 47937.417969
1785.787400 48543.000000 93.041306 47947.742188
1787.262600 48118.000000 93.574257 47903.343750
1788.736200 48488.000000 94.227318 47928.664062
1790.208300 48388.000000 95.352448 47887.800781
1791.679800 48672.000000 93.833786 47869.710938
1793.150000 48369.000000 93.779823 47805.121094
1794.619900 48473.000000 94.599800 47805.269531
1796.089600 48392.000000 94.209969 47753.019531
1797.557600 47991.000000 90.216080 47770.707031
1799.023900 48117.000000 88.463913 47717.035156
1800.490100 48339.000000 87.773224 47717.546875
1801.954600 48054.000000 89.119011 47648.871094
1803.418900 48247.000000 86.988060 47644.945312
1804.883100 47763.000000 87.010109 47591.785156
1806.345500 48178.000000 87.825119 47603.421875
1807.806400 47883.000000 89.630692 47555.609375
1809.266800 47818.000000 87.793129 47585.718750
1810.727400 47612.000000 87.664207 47551.210938
1812.186000 47980.000000 88.688805 47571.468750
1813.643300 48002.000000 91.128258 47522.121094
1815.100100 48095.000000 91.015396 47524.871094
1816.556800 47760.000000 91.999817 47493.152344
1818.010400 47766.000000 90.825264 47540.789062
1819.465300 47965.000000 89.950172 47497.441406
1820.918500 48214.000000 86.573578 47483.109375
1822.370100 47787.000000 86.619888 47419.761719
1823.821400 47915.000000 87.007812 47437.167969
1825.272600 47844.000000 87.752129 47382.980469
1826.722200 47623.000000 85.332291 47386.796875
1828.169900 47596.000000 84.766983 47338.820312
1829.617600 47657.000000 84.114021 47355.023438
1831.065200 47641.000000 84.069138 47313.265625
1832.511000 47411.000000 81.953323 47329.003906
1833.956500 47600.000000 82.019386 47296.035156
1835.400500 47454.000000 82.596390 47321.066406
1836.842900 47884.000000 84.133720 47272.253906
1838.285200 47689.000000 83.479126 47275.015625
1839.727100 47404.000000 85.350357 47229.730469
1841.167400 47669.000000 85.155197 47264.058594
1842.606100 47533.000000 85.576431 47218.972656
1844.044400 47723.000000 83.417870 47201.257812
1845.482800 47346.000000 85.429008 47153.601562
1846.919400 47560.000000 87.071861 47186.476562
1848.356000 47167.000000 88.760971 47155.343750
1849.790800 47398.000000 88.001297 47161.722656
1851.224000 47823.000000 89.049156 47126.519531
1852.656900 47250.000000 90.440063 47145.289062
1854.089700 47518.000000 91.252762 47107.605469
1855.520800 47497.000000 89.317093 47129.714844
1856.951800 47299.000000 89.861427 47113.546875
1858.381100 47368.000000 88.969246 47166.226562
1859.808700 47498.000000 88.854675 47149.140625
1861.236300 47731.000000 85.932060 47141.699219
1862.663500 47627.000000 85.250992 47113.714844
1864.089100 47226.000000 83.489258 47193.367188
1865.514600 47642.000000 81.217224 47194.859375
1866.938500 47577.000000 77.049568 47234.351562
1868.360700 47641.000000 78.075676 47197.316406
1869.784200 47693.000000 81.249184 47231.898438
1871.204500 47544.000000 85.855415 47213.812500
1872.624600 47316.000000 84.235641 47257.019531
1874.044700 47698.000000 81.225746 47244.394531
1875.463000 47692.000000 79.705833 47254.425781
1876.881200 47792.000000 80.617126 47238.261719
1878.297700 47651.000000 80.684769 47250.902344
1879.714100 47624.000000 82.189499 47230.128906
1881.128800 47681.000000 82.681526 47280.398438
1882.541900 47877.000000 82.921120 47215.636719
1883.956200 48011.000000 76.799774 47053.214844
1885.367400 47955.000000 70.931778 46850.722656
1886.778600 47732.000000 87.989044 46785.265625
1888.189500 48123.000000 121.241737 46943.101562
