Raman_Shift Original_Spectrum Predicted_Raman Predicted_Baseline
294.894650 45481.000000 727.243286 44162.679688
297.232540 45380.000000 820.623718 43720.699219
299.568300 45408.000000 866.552612 43760.933594
301.905240 45538.000000 823.569519 44151.507812
304.238400 45632.000000 852.853516 44524.609375
306.571040 45468.000000 903.012878 44429.402344
308.903260 45958.000000 930.267456 44452.570312
311.233340 46073.000000 959.187317 44530.902344
313.562930 45902.000000 1015.790039 44466.695312
315.890440 46019.000000 1090.192017 44488.167969
318.215790 45804.000000 1163.592529 44550.863281
320.540680 46089.000000 1283.576416 44578.292969
322.865110 46464.000000 1421.401245 44648.304688
325.187410 46427.000000 1544.828857 44673.148438
327.509250 47007.000000 1677.042969 44742.832031
329.828920 47425.000000 1859.893921 44815.777344
332.148160 47714.000000 2112.618652 44960.183594
334.465270 48197.000000 2386.236328 45090.105469
336.781950 48640.000000 2673.782715 45236.617188
339.096470 48846.000000 2984.158203 45381.480469
341.408870 49642.000000 3330.076660 45584.171875
343.722530 50098.000000 3759.643066 45795.996094
346.032350 51110.000000 4280.895508 46109.636719
348.341740 51689.000000 4870.786621 46430.500000
350.650670 52695.000000 5616.966797 46693.480469
352.957460 53409.000000 6350.174316 46920.902344
355.263760 54098.000000 7141.762695 47236.386719
357.568020 54607.000000 7794.014160 47518.644531
359.871800 54992.000000 8518.720703 47683.195312
362.173430 55493.000000 9064.259766 47843.875000
364.474640 56099.000000 9654.925781 48101.832031
366.773710 56065.000000 9985.537109 48324.304688
369.072360 56215.000000 10367.795898 48392.453125
371.368870 56292.000000 10521.365234 48454.437500
373.664920 56411.000000 10644.377930 48614.976562
375.958890 56670.000000 10422.774414 48752.777344
378.252380 56602.000000 10153.619141 48813.718750
380.543790 56560.000000 9780.515625 48829.312500
382.834750 56445.000000 9365.149414 48935.636719
385.123570 56398.000000 8729.195312 48968.250000
387.411960 56095.000000 8004.561523 48939.640625
389.698210 55504.000000 7314.334473 48820.207031
391.984070 55202.000000 6701.432129 48802.511719
394.267790 54169.000000 6049.363281 48699.472656
396.551060 53428.000000 5389.598633 48645.414062
398.832210 52904.000000 4788.178711 48538.199219
401.112950 52356.000000 4336.864258 48510.750000
403.391570 51924.000000 3916.049561 48376.062500
405.669770 51564.000000 3512.469971 48281.316406
407.945860 51493.000000 3139.984375 48209.183594
410.221470 50672.000000 2838.354736 48169.421875
412.495030 50329.000000 2558.807129 48039.687500
414.768100 50134.000000 2310.016113 47964.867188
417.039090 49694.000000 2055.589355 47914.613281
419.309630 49274.000000 1852.559326 47890.550781
421.579740 49034.000000 1669.854858 47761.015625
423.846100 48788.000000 1521.036743 47715.222656
426.113680 48809.000000 1406.261475 47683.710938
428.377470 48752.000000 1320.808716 47664.144531
430.642520 48526.000000 1234.046143 47560.808594
432.905460 48668.000000 1146.131348 47529.328125
435.166320 48652.000000 1067.344360 47505.253906
437.426700 48416.000000 1006.731445 47518.304688
439.685060 48336.000000 955.669250 47441.218750
441.942900 48289.000000 927.986450 47432.183594
444.198730 48329.000000 909.542297 47419.296875
446.454070 48298.000000 894.384399 47440.062500
448.708980 48155.000000 881.266907 47375.000000
450.961820 48216.000000 864.567749 47370.707031
453.212550 48208.000000 854.344421 47351.460938
455.462890 48080.000000 850.067688 47365.261719
457.711120 48056.000000 858.503296 47311.648438
459.958920 48176.000000 853.339966 47330.753906
462.204590 48047.000000 853.866882 47333.675781
464.449890 48437.000000 855.794556 47359.867188
466.694760 48495.000000 874.695618 47314.382812
468.937500 47988.000000 888.065247 47325.367188
471.178160 48121.000000 906.834351 47301.722656
473.418460 48056.000000 927.868774 47300.414062
475.656620 47788.000000 976.542480 47242.019531
477.894380 48177.000000 1026.634033 47225.855469
480.131680 48136.000000 1053.301880 47202.015625
482.366910 47926.000000 1079.253662 47225.273438
484.600040 48241.000000 1121.173950 47160.171875
486.832790 48452.000000 1172.342529 47104.167969
489.063450 48790.000000 1249.475342 47053.078125
491.293670 48559.000000 1344.213745 47039.960938
493.523500 48497.000000 1472.920898 46970.722656
495.751190 48935.000000 1652.395508 46971.484375
497.976840 49436.000000 1867.401123 47009.367188
500.202090 49990.000000 2193.670410 47035.796875
502.426910 50620.000000 2661.772705 47106.242188
504.649660 51434.000000 3423.642578 47294.046875
506.870270 52909.000000 4686.410156 47562.746094
509.090550 54188.000000 6503.213379 47927.886719
511.310360 56644.000000 8757.363281 48178.171875
513.528140 58511.000000 10885.603516 48057.367188
515.743770 59080.000000 11616.833008 47873.308594
517.959110 57962.000000 10324.777344 47796.695312
520.173890 55555.000000 7933.454102 47662.875000
522.386660 52765.000000 5585.309570 47378.179688
524.597410 50923.000000 3920.113281 47077.527344
526.807740 49455.000000 2935.791992 46896.898438
529.017580 48751.000000 2341.425781 46641.843750
531.225400 48216.000000 1949.428467 46525.785156
533.431210 47524.000000 1687.798096 46470.656250
535.636470 47475.000000 1534.694458 46406.359375
537.841430 47145.000000 1435.756104 46281.945312
540.044310 47189.000000 1362.550293 46171.132812
542.245120 47276.000000 1326.734375 46104.347656
544.445500 47087.000000 1300.934814 46070.976562
546.645450 46799.000000 1303.768433 45973.289062
548.843380 46831.000000 1317.443726 45918.457031
551.040830 46876.000000 1293.933838 45876.281250
553.236330 46987.000000 1295.499756 45868.449219
555.429690 46982.000000 1316.929810 45803.296875
557.622680 47070.000000 1351.295532 45787.082031
559.815250 47337.000000 1450.354614 45792.324219
562.005800 47600.000000 1608.940308 45852.144531
564.195920 47901.000000 1918.483032 45956.382812
566.383910 48772.000000 2466.364990 46139.312500
568.569950 50412.000000 3459.253906 46342.390625
570.755550 52016.000000 4842.984375 46346.566406
572.940730 52851.000000 5600.153320 46162.031250
575.123900 51421.000000 5030.958008 46063.710938
577.306640 49796.000000 3662.432373 45990.347656
579.487300 48553.000000 2601.067627 45932.207031
581.665950 47769.000000 2004.210938 45740.683594
583.844120 47602.000000 1720.560547 45604.527344
586.021970 47277.000000 1588.473389 45472.937500
588.197750 47069.000000 1557.869507 45388.492188
590.373170 47375.000000 1583.465576 45266.468750
592.546450 47210.000000 1610.694702 45186.222656
594.719420 46970.000000 1653.861328 45116.386719
596.890260 47371.000000 1714.672607 45060.125000
599.059140 47045.000000 1799.948486 44991.871094
601.229190 47078.000000 1921.963867 44959.062500
603.395570 47419.000000 1975.610596 44916.414062
605.561580 47309.000000 2044.831787 44934.257812
607.727170 47739.000000 2151.206543 44901.007812
609.890750 47875.000000 2289.153809 44896.414062
612.053960 48037.000000 2478.178955 44901.230469
614.215030 48226.000000 2698.419189 44966.167969
616.375790 48742.000000 3008.612793 44959.093750
618.534480 48745.000000 3446.950439 44930.132812
620.692750 49293.000000 3916.560059 44928.902344
622.849000 49962.000000 4531.158691 45013.226562
625.004820 50252.000000 5296.102539 45064.351562
627.158750 51294.000000 6413.834473 45041.527344
629.310490 52132.000000 7418.881348 45100.671875
631.463560 53268.000000 8811.103516 45231.539062
633.612920 54526.000000 10395.569336 45527.914062
635.763490 57081.000000 12994.337891 45663.546875
637.910460 59590.000000 15521.341797 45951.925781
640.058650 63604.000000 19517.792969 46390.972656
642.203190 68747.000000 23405.638672 46912.171875
644.348880 75258.000000 29664.839844 47816.136719
646.491030 82706.000000 36061.503906 48769.273438
648.634400 91083.000000 45149.109375 49290.437500
650.774050 99424.000000 52869.101562 49463.675781
652.914980 106263.000000 59301.988281 48582.015625
655.052250 108617.000000 59562.679688 48074.351562
657.190730 104050.000000 53124.488281 47511.503906
659.325620 95594.000000 46107.097656 47204.500000
661.461730 86704.000000 38314.414062 46367.875000
663.594180 78993.000000 32569.097656 46647.093750
665.727910 72923.000000 27481.589844 47273.921875
667.857910 68675.000000 23778.238281 47099.039062
669.989200 65044.000000 20150.724609 47117.308594
672.118470 62485.000000 17542.396484 47470.992188
674.245670 59780.000000 14797.551758 47515.242188
676.372560 57842.000000 12861.759766 47334.152344
678.497380 56196.000000 10650.690430 47092.542969
680.621830 54681.000000 8869.096680 47184.148438
682.744320 53328.000000 7291.774414 47016.675781
684.866390 52350.000000 6283.623535 46654.343750
686.986450 51628.000000 5481.856445 46441.992188
689.106080 51136.000000 4860.889160 46431.929688
691.223750 50323.000000 4453.258789 46331.894531
693.341000 50084.000000 4174.631836 46085.972656
695.457820 50006.000000 3980.127441 45993.648438
697.571110 49863.000000 3862.857910 46054.734375
699.685610 49832.000000 3914.371094 46106.789062
701.798100 50287.000000 4045.314941 46098.218750
703.908570 50597.000000 4292.166992 46161.105469
706.018620 50922.000000 4602.518555 46277.921875
708.126770 51028.000000 4943.782715 46374.292969
710.234380 51220.000000 5129.425293 46263.742188
712.340150 51211.000000 5068.926758 46240.742188
714.445430 50870.000000 4695.085449 46201.339844
716.550350 50083.000000 4203.286133 46231.410156
718.653260 49613.000000 3603.203125 46097.414062
720.754270 49061.000000 3064.097168 46023.273438
722.854800 48542.000000 2615.465332 45929.238281
724.953370 48043.000000 2260.982178 45875.761719
727.051570 47510.000000 1966.732056 45693.371094
729.149350 47108.000000 1694.740845 45570.605469
731.243530 46918.000000 1489.631836 45484.781250
733.338990 46675.000000 1311.524048 45407.515625
735.432370 46327.000000 1153.334229 45247.210938
737.523800 46103.000000 1057.409058 45123.203125
739.614870 45903.000000 990.797058 45042.707031
741.705570 45619.000000 930.039429 44979.050781
743.792600 45543.000000 875.472351 44834.398438
745.880920 45255.000000 828.456909 44767.765625
747.967220 45475.000000 802.947998 44713.585938
750.051570 45372.000000 782.285706 44694.804688
752.135500 45246.000000 763.164429 44608.679688
754.219120 45322.000000 714.601257 44558.609375
756.300720 45274.000000 679.564514 44534.519531
758.380310 44939.000000 657.838501 44535.539062
760.459530 45049.000000 637.494507 44455.214844
762.538390 44583.000000 591.073914 44453.156250
764.615300 45198.000000 552.771240 44414.753906
766.690190 45093.000000 528.033508 44407.363281
768.764710 44810.000000 513.926392 44350.324219
770.838810 44856.000000 499.954163 44342.269531
772.909360 44698.000000 485.912292 44333.062500
774.981140 44510.000000 473.731873 44325.316406
777.050960 44705.000000 469.240875 44257.656250
779.120420 44710.000000 461.570251 44257.230469
781.187870 44823.000000 462.966309 44229.144531
783.253420 44497.000000 470.733978 44227.566406
785.318480 44446.000000 479.481934 44164.226562
787.383240 44610.000000 461.876160 44160.285156
789.445980 44456.000000 443.107117 44146.699219
791.506770 44271.000000 428.902924 44148.761719
793.567260 44585.000000 426.094574 44085.480469
795.627260 44520.000000 419.718658 44094.066406
797.685360 44276.000000 419.460388 44056.875000
799.741520 44442.000000 420.010803 44046.808594
801.797240 44147.000000 423.249359 43985.800781
803.852600 44312.000000 403.557800 43992.347656
805.906010 43754.000000 389.526642 43968.039062
807.959050 44315.000000 381.431519 43944.011719
810.010130 44013.000000 383.425110 43904.109375
812.059200 44028.000000 382.159485 43899.984375
814.107970 44252.000000 386.424103 43868.062500
816.156370 44148.000000 388.958405 43850.714844
818.202760 44334.000000 390.990692 43787.195312
820.247190 43978.000000 374.734985 43796.320312
822.292850 44044.000000 369.109894 43756.851562
824.335020 44188.000000 367.721436 43736.472656
826.376770 44137.000000 374.347931 43675.054688
828.418090 44057.000000 372.221619 43665.261719
830.457520 43902.000000 374.777802 43607.968750
832.496640 43938.000000 377.729004 43564.324219
834.533690 43898.000000 380.387390 43492.359375
836.568910 43480.000000 367.363342 43488.535156
838.603700 43455.000000 362.572784 43434.433594
840.638060 43714.000000 358.802216 43390.898438
842.670530 43555.000000 349.675720 43317.511719
844.702640 43471.000000 320.893005 43299.179688
846.732790 43547.000000 296.280304 43234.640625
848.762570 43618.000000 279.933807 43206.496094
850.790470 43257.000000 273.216400 43128.675781
852.816350 43456.000000 266.535126 43119.800781
854.843440 43135.000000 265.419159 43049.039062
856.867070 43501.000000 266.339417 42999.269531
858.890200 43259.000000 266.972504 42895.757812
860.913150 43217.000000 258.376678 42851.218750
862.934020 42773.000000 252.632370 42782.855469
864.954530 42875.000000 249.490753 42737.277344
866.973140 42841.000000 244.327225 42659.226562
868.991390 42468.000000 234.697342 42610.101562
871.007690 43165.000000 231.287033 42527.371094
873.023620 42836.000000 229.438065 42471.621094
875.037660 42484.000000 227.362457 42366.148438
877.051270 42774.000000 212.406204 42320.296875
879.062990 42754.000000 197.569916 42273.136719
881.074340 42503.000000 188.285477 42245.292969
883.083740 42690.000000 183.275177 42118.445312
885.092770 42676.000000 178.934189 42057.882812
887.099850 42522.000000 181.141693 41959.140625
889.104980 42573.000000 184.876953 41919.382812
891.111450 42183.000000 186.649872 41817.355469
893.114260 42111.000000 179.341217 41785.500000
895.118410 42057.000000 171.426804 41705.308594
897.119020 42209.000000 169.154205 41661.640625
899.120790 42027.000000 170.048874 41550.796875
901.119080 41801.000000 169.991531 41498.078125
903.118650 41865.000000 174.458694 41418.664062
905.114620 41882.000000 182.096329 41374.558594
907.111880 41638.000000 189.259521 41253.707031
909.107180 41432.000000 191.414703 41204.890625
911.100520 41580.000000 192.190338 41124.746094
913.093630 41311.000000 195.671585 41103.593750
915.084660 41337.000000 200.228302 40985.570312
917.075380 41402.000000 203.403473 40921.281250
919.064210 41124.000000 209.739258 40833.492188
921.052730 40993.000000 218.233551 40824.664062
923.039310 41026.000000 223.299850 40739.671875
925.025450 40937.000000 221.867065 40715.976562
927.009770 40703.000000 223.157318 40654.316406
928.993650 40850.000000 231.688156 40660.156250
930.975590 40932.000000 243.065948 40578.605469
932.957280 40790.000000 255.834473 40519.992188
934.937010 40925.000000 271.638214 40435.554688
936.916380 40702.000000 287.830322 40440.593750
938.895390 40737.000000 304.766479 40358.277344
940.870970 40589.000000 320.696472 40324.515625
942.847660 40606.000000 344.902466 40269.125000
944.822510 40581.000000 378.793274 40293.542969
946.795470 40477.000000 426.665192 40247.792969
948.768010 40584.000000 487.720276 40244.917969
950.738710 40670.000000 561.303284 40255.265625
952.708980 40733.000000 665.846375 40328.414062
954.677310 41092.000000 812.170837 40375.367188
956.645390 41191.000000 1024.848999 40441.480469
958.613160 41968.000000 1344.565308 40490.675781
960.578920 42460.000000 1859.277100 40663.164062
962.542720 43304.000000 2680.608398 40836.183594
964.506290 44999.000000 3986.946045 41077.167969
966.467960 46999.000000 5849.996582 41336.460938
968.429260 49046.000000 7905.570312 41426.421875
970.390140 50187.000000 8984.512695 41358.367188
972.347660 49732.000000 8395.065430 41347.222656
974.306270 47626.000000 6699.438477 41198.332031
976.263060 45535.000000 4789.744629 40989.921875
978.218020 43514.000000 3212.857666 40781.816406
980.172490 42149.000000 2166.858887 40560.050781
982.125120 41642.000000 1542.711670 40316.785156
984.077390 41286.000000 1174.043579 40239.031250
986.029360 40675.000000 934.403809 40093.367188
987.979370 40530.000000 745.568726 39948.167969
989.927490 40232.000000 617.932251 39865.519531
991.875310 39892.000000 534.976196 39835.070312
993.822750 39893.000000 476.213470 39756.136719
995.768370 39874.000000 430.500305 39660.964844
997.711980 39708.000000 402.591980 39547.398438
999.655270 39491.000000 388.568939 39520.828125
1001.596700 39563.000000 378.471344 39470.984375
1003.537700 39415.000000 358.716614 39443.894531
1005.478600 39228.000000 346.186127 39380.304688
1007.417400 39733.000000 343.891327 39355.203125
1009.354300 39498.000000 345.823303 39293.003906
1011.291000 39312.000000 337.595215 39236.531250
1013.227200 39099.000000 331.562744 39179.644531
1015.161600 39344.000000 330.451721 39192.683594
1017.094100 39274.000000 330.824402 39165.460938
1019.026200 39349.000000 325.949921 39108.218750
1020.958000 39266.000000 327.440063 39019.464844
1022.888000 38898.000000 334.927399 39033.644531
1024.816000 39148.000000 345.218506 38993.593750
1026.743800 38912.000000 349.723206 38976.769531
1028.671100 39052.000000 355.676575 38957.945312
1030.596600 39171.000000 364.092102 39002.945312
1032.521700 39142.000000 375.446930 39023.781250
1034.444900 39375.000000 382.565399 38998.316406
1036.366300 39203.000000 392.760681 38973.796875
1038.287400 39596.000000 410.372162 38997.679688
1040.208100 39356.000000 432.796478 38974.011719
1042.127000 39086.000000 452.513977 38963.992188
1044.043800 39320.000000 482.735931 38973.261719
1045.960400 39496.000000 525.112122 39043.015625
1047.876700 39391.000000 578.258362 39059.859375
1049.791000 39352.000000 636.505005 39087.746094
1051.705100 39700.000000 715.416382 39129.519531
1053.617300 39921.000000 825.484863 39216.875000
1055.527600 39927.000000 980.767456 39273.234375
1057.437500 40272.000000 1203.545166 39328.515625
1059.347300 40780.000000 1494.671631 39396.515625
1061.255000 41099.000000 1880.489624 39550.894531
1063.162500 41276.000000 2366.047363 39688.949219
1065.068000 41872.000000 3000.167236 39846.605469
1066.971700 42776.000000 3723.826660 39947.878906
1068.875000 43481.000000 4473.580566 40018.121094
1070.778100 44548.000000 5011.631348 39981.789062
1072.679200 44871.000000 5077.819336 39889.457031
1074.580000 44086.000000 4669.842773 39731.968750
1076.479000 42952.000000 3948.210205 39658.816406
1078.377600 41731.000000 3130.295166 39574.628906
1080.274400 41200.000000 2455.454346 39437.820312
1082.169200 40774.000000 1956.460693 39271.238281
1084.065300 40142.000000 1621.286133 39188.492188
1085.958000 39662.000000 1377.160400 39066.316406
1087.850300 39363.000000 1167.159668 38976.675781
1089.742400 39498.000000 1019.569519 38922.058594
1091.632600 39329.000000 909.421082 38862.195312
1093.522500 39142.000000 819.379272 38790.132812
1095.410400 39087.000000 740.060547 38719.347656
1097.298100 39236.000000 686.031128 38665.851562
1099.183800 39089.000000 653.540894 38646.109375
1101.069300 39261.000000 634.194946 38589.074219
1102.952900 38831.000000 614.322693 38536.000000
1104.834600 38792.000000 615.522766 38529.488281
1106.717700 39151.000000 626.537476 38529.972656
1108.597200 39020.000000 637.660522 38490.089844
1110.477900 38801.000000 636.701904 38439.960938
1112.355300 38868.000000 637.941895 38416.925781
1114.232300 38739.000000 646.626770 38449.234375
1116.109100 38939.000000 667.163208 38450.140625
1117.984000 38973.000000 682.052917 38393.699219
1119.858500 38706.000000 697.382690 38397.109375
1121.731300 38954.000000 719.479370 38415.472656
1123.603600 39040.000000 747.160828 38403.746094
1125.474100 39053.000000 774.353271 38330.625000
1127.344400 39140.000000 805.963989 38273.023438
1129.212600 38883.000000 847.236511 38264.769531
1131.080700 39062.000000 903.973938 38243.855469
1132.946900 38983.000000 965.136536 38200.722656
1134.812700 38955.000000 1013.095886 38214.140625
1136.676800 39229.000000 1070.843262 38224.875000
1138.540400 39077.000000 1133.824097 38255.281250
1140.402300 39630.000000 1209.934570 38200.570312
1142.263800 39344.000000 1298.320557 38203.847656
1144.123400 39680.000000 1413.628418 38247.503906
1145.982800 39674.000000 1581.772095 38292.035156
1147.841800 39781.000000 1830.972046 38310.066406
1149.697500 40660.000000 2108.702637 38399.695312
1151.554400 40710.000000 2508.197510 38548.433594
1153.407800 41141.000000 3043.070312 38671.972656
1155.262600 42090.000000 3795.243408 38760.660156
1157.115500 43403.000000 4714.292969 38899.996094
1158.966400 44379.000000 5784.831543 38969.179688
1160.817100 45469.000000 6616.675781 38999.367188
1162.666000 45656.000000 6909.949219 38926.128906
1164.514500 45173.000000 6458.888672 38809.382812
1166.361300 44076.000000 5724.580078 38737.359375
1168.207600 43236.000000 4933.261719 38669.019531
1170.052200 42382.000000 4426.620605 38622.164062
1171.896500 42127.000000 4152.875977 38564.093750
1173.740400 42271.000000 4076.408203 38561.199219
1175.580900 42431.000000 4131.805664 38536.687500
1177.422900 42700.000000 4373.381348 38394.101562
1179.262700 43246.000000 4744.404785 38324.406250
1181.100700 43517.000000 5406.842773 38236.523438
1182.938600 44446.000000 6281.810059 38227.886719
1184.774500 45572.000000 7660.195312 38195.199219
1186.610200 47025.000000 9031.006836 38338.464844
1188.444000 48514.000000 10826.521484 38725.644531
1190.277500 50786.000000 12721.633789 39275.902344
1192.110700 53317.000000 15141.723633 39705.433594
1193.942000 55368.000000 17235.054688 40041.734375
1195.771600 57499.000000 19239.339844 40085.730469
1197.600700 58719.000000 20215.917969 40087.238281
1199.428100 58710.000000 20214.925781 39761.414062
1201.255200 58228.000000 19333.603516 39536.816406
1203.082000 56653.000000 17540.792969 39404.117188
1204.907000 54256.000000 15461.656250 39345.464844
1206.730100 52261.000000 13399.937500 39034.503906
1208.552900 50641.000000 11699.677734 38974.656250
1210.373900 49500.000000 10613.368164 38893.121094
1212.194600 48682.000000 10021.561523 38669.765625
1214.015000 48695.000000 10107.642578 38495.687500
1215.833500 48921.000000 10373.214844 38636.531250
1217.650300 50075.000000 11391.009766 38877.902344
1219.466700 51773.000000 12825.002930 39367.574219
1221.281300 54012.000000 15291.289062 40026.976562
1223.095600 57458.000000 18181.197266 40817.640625
1224.909500 61327.000000 21987.601562 41341.238281
1226.721700 64345.000000 24980.464844 41610.246094
1228.532000 65919.000000 26794.884766 41427.648438
1230.342000 65903.000000 26377.480469 41174.519531
1232.151700 63489.000000 23713.089844 40852.390625
1233.959700 60257.000000 20485.468750 40561.957031
1235.765900 57050.000000 16746.599609 40040.539062
1237.571700 53633.000000 13644.210938 40031.867188
1239.377100 50939.000000 11237.519531 40076.578125
1241.180800 49052.000000 9538.323242 39984.582031
1242.982700 47859.000000 8356.943359 39968.148438
1244.784200 47244.000000 7668.393066 40141.785156
1246.585300 47043.000000 7458.212402 40202.781250
1248.384900 46884.000000 7549.330566 40124.093750
1250.182500 47248.000000 8303.663086 39955.929688
1251.979700 48140.000000 9131.681641 40067.886719
1253.776900 49570.000000 10610.119141 40149.285156
1255.572000 51399.000000 12202.759766 40271.847656
1257.365500 53041.000000 14693.174805 40356.152344
1259.160000 56602.000000 17240.128906 40470.882812
1260.951300 60857.000000 21288.847656 40792.855469
1262.742300 66078.000000 25838.667969 41403.179688
1264.533100 72953.000000 33021.566406 42224.632812
1266.322000 80643.000000 39961.515625 43386.796875
1268.109000 87761.000000 48299.632812 43319.914062
1269.895800 93777.000000 53544.574219 42671.988281
1271.682400 95758.000000 53968.000000 41832.671875
1273.466900 92823.000000 50364.996094 41572.175781
1275.251500 85845.000000 43198.914062 41017.441406
1277.033900 77597.000000 36366.617188 40968.214844
1278.814700 69912.000000 29177.765625 40591.589844
1280.595200 63714.000000 23958.589844 40923.277344
1282.375400 58415.000000 19473.839844 41351.953125
1284.153800 54532.000000 16199.434570 41117.339844
1285.931900 52063.000000 13141.039062 41136.859375
1287.708100 50037.000000 11144.405273 41598.148438
1289.482500 48480.000000 9149.812500 41775.625000
1291.256800 47643.000000 7912.939941 41807.156250
1293.030600 46698.000000 6653.950195 41879.152344
1294.802900 46034.000000 5716.740723 42155.347656
1296.574600 45910.000000 4973.488770 42163.800781
1298.344600 45299.000000 4506.706055 42052.789062
1300.114400 45026.000000 4170.378418 42001.082031
1301.882300 45161.000000 3926.102295 42073.765625
1303.648300 44981.000000 3812.235107 42122.542969
1305.415800 45260.000000 3805.429688 42048.906250
1307.179700 45248.000000 3873.237549 41993.195312
1308.943500 45524.000000 4019.048096 42074.796875
1310.707000 45612.000000 4288.517090 42191.515625
1312.468600 45758.000000 4671.748047 42209.156250
1314.230000 46628.000000 5238.541992 42190.156250
1315.989500 47012.000000 5741.085938 42342.171875
1317.748800 47994.000000 6524.569824 42555.988281
1319.506200 49016.000000 7508.002930 42867.824219
1321.263400 50598.000000 9220.595703 43161.617188
1323.018900 52546.000000 11093.427734 43532.222656
1324.774000 55198.000000 13496.487305 44135.867188
1326.527300 58048.000000 16001.237305 44700.847656
1328.278900 61049.000000 19083.306641 45138.488281
1330.031700 63533.000000 21643.464844 45370.101562
1331.781100 65742.000000 23677.849609 45316.613281
1333.531900 66502.000000 23958.765625 45186.878906
1335.279300 65290.000000 22382.365234 44778.941406
1337.027800 62724.000000 20047.011719 44525.390625
1338.773200 59585.000000 16998.898438 44323.089844
1340.518300 56394.000000 14052.370117 44193.253906
1342.263100 54070.000000 11367.947266 43839.695312
1344.006000 51651.000000 9340.799805 43589.878906
1345.748700 50179.000000 7763.159180 43471.195312
1347.489500 49124.000000 6592.444336 43282.218750
1349.230200 48024.000000 5643.995117 43161.402344
1350.969100 47383.000000 4882.539062 43200.535156
1352.707500 47184.000000 4370.314941 43161.082031
1354.445900 46960.000000 4036.415527 43022.097656
1356.180900 46750.000000 3940.980469 42828.523438
1357.917000 46552.000000 3953.414551 42789.660156
1359.649900 46778.000000 4166.128906 42740.937500
1361.384200 46988.000000 4528.217285 42654.917969
1363.115000 47530.000000 5220.111328 42603.425781
1364.847000 48199.000000 6002.853516 42761.132812
1366.577400 49420.000000 7297.859375 43020.742188
1368.305900 50843.000000 8892.138672 43436.785156
1370.034300 53012.000000 11285.059570 43924.238281
1371.760600 56353.000000 14075.431641 44500.816406
1373.486900 59413.000000 17547.050781 45137.843750
1375.211300 62929.000000 20436.564453 45538.144531
1376.935400 64861.000000 22327.386719 45475.078125
1378.657800 65333.000000 22277.386719 45275.070312
1380.380000 63617.000000 19976.433594 45082.261719
1382.100200 60373.000000 16992.689453 44938.835938
1383.820300 56818.000000 13383.734375 44453.601562
1385.540200 53690.000000 10403.004883 44273.773438
1387.256500 51345.000000 8065.329590 44179.015625
1388.974200 49937.000000 6232.524414 43968.472656
1390.690300 48070.000000 4819.045410 43864.882812
1392.404400 47330.000000 3814.884766 43900.527344
1394.118400 46644.000000 3117.553711 43919.039062
1395.830400 46263.000000 2669.752686 43781.093750
1397.542200 46070.000000 2367.446289 43630.796875
1399.252300 45581.000000 2139.766846 43603.191406
1400.962200 45329.000000 1975.846069 43530.796875
1402.671800 45195.000000 1862.258179 43380.980469
1404.379500 45040.000000 1777.290039 43295.835938
1406.085600 45022.000000 1725.196533 43298.847656
1407.791300 44864.000000 1677.291260 43307.523438
1409.495200 44881.000000 1665.665283 43222.382812
1411.199000 44911.000000 1639.399170 43182.445312
1412.902500 44788.000000 1623.754272 43173.949219
1414.604000 45028.000000 1618.451538 43174.351562
1416.304000 44996.000000 1654.490479 43088.320312
1418.003700 44522.000000 1681.157471 43062.554688
1419.701500 44474.000000 1674.404541 43054.734375
1421.399000 44443.000000 1677.354736 43086.546875
1423.096400 44371.000000 1708.349854 43024.921875
1424.792000 44416.000000 1745.098389 43016.992188
1426.485700 44325.000000 1792.292725 43077.371094
1428.179300 44515.000000 1863.138916 43171.292969
1429.871100 44701.000000 1962.514648 43166.910156
1431.562500 44857.000000 2091.279785 43177.789062
1433.253900 44908.000000 2186.823975 43228.558594
1434.943400 45049.000000 2324.261963 43337.281250
1436.631000 45438.000000 2511.131836 43343.765625
1438.318500 45387.000000 2787.021973 43371.199219
1440.005600 45758.000000 3114.810791 43400.253906
1441.691000 46430.000000 3591.541016 43559.179688
1443.374800 47102.000000 4201.712891 43705.703125
1445.058200 47895.000000 5052.865723 43850.984375
1446.741300 49021.000000 5984.505371 44064.085938
1448.422900 50273.000000 7279.153809 44449.960938
1450.102400 52053.000000 8812.071289 44861.652344
1451.781700 54329.000000 11041.304688 45162.386719
1453.460900 56623.000000 13346.416016 45546.023438
1455.138200 58984.000000 16160.418945 46116.488281
1456.813800 62240.000000 18704.687500 46557.687500
1458.489100 64793.000000 21589.550781 46776.238281
1460.164300 67042.000000 23655.109375 46834.242188
1461.837600 68802.000000 25007.322266 46736.269531
1463.509200 68840.000000 24975.703125 46647.207031
1465.180500 67785.000000 23523.894531 46250.867188
1466.851600 65567.000000 21413.287109 46020.726562
1468.520900 62465.000000 18477.519531 45854.917969
1470.189900 59465.000000 15504.364258 45650.656250
1471.857200 56869.000000 12564.757812 45238.250000
1473.522800 54014.000000 10276.790039 44923.472656
1475.188100 52156.000000 8407.975586 44746.265625
1476.853100 50257.000000 6941.446777 44434.437500
1478.516500 49109.000000 5645.879395 44207.855469
1480.178000 48004.000000 4640.081055 44166.539062
1481.839200 47029.000000 3904.066895 44103.167969
1483.500400 46534.000000 3389.001953 43904.304688
1485.159700 46098.000000 3026.256104 43719.382812
1486.818600 45693.000000 2696.911377 43653.988281
1488.476000 45089.000000 2457.349609 43562.167969
1490.131500 45475.000000 2292.021729 43366.843750
1491.788300 44964.000000 2155.165039 43285.957031
1493.441800 44806.000000 2063.812256 43282.132812
1495.095100 44930.000000 1991.217529 43266.238281
1496.748000 44859.000000 1968.328125 43182.761719
1498.399400 44969.000000 1939.318726 43154.980469
1500.050400 44768.000000 1885.739990 43190.300781
1501.699700 44808.000000 1858.076538 43236.457031
1503.347300 44839.000000 1862.054077 43188.445312
1504.996100 44872.000000 1867.091797 43189.980469
1506.641600 44731.000000 1890.183594 43255.996094
1508.287000 44838.000000 1942.735596 43358.523438
1509.932000 44913.000000 2027.140259 43361.773438
1511.575300 44855.000000 2128.595459 43408.746094
1513.218500 45442.000000 2229.794678 43500.488281
1514.859700 45440.000000 2374.844238 43640.054688
1516.500900 45738.000000 2577.112549 43669.296875
1518.140300 46312.000000 2867.436035 43698.000000
1519.777800 46546.000000 3174.655029 43729.660156
1521.416700 46834.000000 3632.640625 43890.148438
1523.052200 47925.000000 4229.296875 44031.656250
1524.689200 48448.000000 5113.577637 44155.125000
1526.322800 49150.000000 6086.999512 44357.476562
1527.956200 50871.000000 7453.584473 44709.058594
1529.589400 52553.000000 9081.858398 45178.523438
1531.220800 54985.000000 11506.132812 45543.468750
1532.851900 57862.000000 14033.252930 46018.898438
1534.481400 61215.000000 17241.277344 46663.894531
1536.110600 64206.000000 20123.464844 47166.679688
1537.738000 67253.000000 23451.417969 47459.285156
1539.365200 70343.000000 25972.253906 47600.085938
1540.990700 72254.000000 28016.863281 47507.539062
1542.616000 73062.000000 28533.869141 47441.492188
1544.239500 72188.000000 27470.199219 47068.679688
1545.862700 70142.000000 25559.962891 46816.011719
1547.484400 67273.000000 22513.761719 46666.078125
1549.105600 63420.000000 19383.355469 46507.441406
1550.725100 60235.000000 16048.193359 46088.000000
1552.344500 57287.000000 13321.112305 45813.523438
1553.962000 54738.000000 10871.250977 45667.175781
1555.579300 52790.000000 8897.451172 45331.257812
1557.195100 51148.000000 7101.598633 45029.937500
1558.810400 50013.000000 5740.846680 44951.078125
1560.424100 48673.000000 4707.879883 44864.695312
1562.037500 47625.000000 3949.726074 44636.230469
1563.649200 47250.000000 3315.731201 44418.878906
1565.260600 46333.000000 2789.576660 44313.359375
1566.870500 46125.000000 2404.047119 44197.375000
1568.479900 45635.000000 2118.043213 43964.812500
1570.089100 45558.000000 1891.705688 43824.656250
1571.695200 45051.000000 1718.408813 43776.402344
1573.302500 45207.000000 1582.440186 43713.089844
1574.906500 44655.000000 1465.390503 43593.132812
1576.511800 44589.000000 1325.298096 43532.148438
1578.115500 44856.000000 1220.355225 43497.015625
1579.717400 44541.000000 1140.657837 43485.906250
1581.319100 44340.000000 1075.909668 43384.601562
1582.919100 44490.000000 987.408508 43347.562500
1584.518700 43926.000000 920.272766 43336.207031
1586.116600 43882.000000 871.399292 43325.558594
1587.714500 43901.000000 820.185181 43245.085938
1589.310500 43880.000000 753.643677 43232.863281
1590.906300 43631.000000 707.290894 43221.148438
1592.501800 43646.000000 676.469788 43213.320312
1594.095700 43587.000000 653.244263 43162.851562
1595.687900 43448.000000 607.679321 43181.152344
1597.279700 43355.000000 570.275452 43174.476562
1598.869900 43519.000000 543.657593 43184.296875
1600.459700 43481.000000 518.549072 43125.613281
1602.048100 43507.000000 484.662109 43136.792969
1603.636000 43436.000000 459.991211 43117.554688
1605.223900 43600.000000 441.749023 43129.023438
1606.809800 43205.000000 429.914124 43093.777344
1608.394200 43298.000000 402.213928 43122.914062
1609.978300 43248.000000 377.921661 43117.949219
1611.560700 43285.000000 362.830200 43137.160156
1613.142900 43345.000000 352.498627 43088.312500
1614.724700 43592.000000 336.682373 43099.656250
1616.304900 43269.000000 326.340790 43102.160156
1617.883500 43285.000000 317.956726 43129.558594
1619.461800 43430.000000 307.846069 43102.285156
1621.038300 43393.000000 288.081970 43119.148438
1622.614700 43641.000000 274.579407 43106.347656
1624.190800 43430.000000 268.149628 43128.554688
1625.765300 43532.000000 263.867828 43075.988281
1627.337900 43459.000000 253.701630 43099.601562
1628.910400 43379.000000 249.225067 43089.183594
1630.482700 43497.000000 245.283539 43103.710938
1632.053200 43320.000000 238.179123 43074.625000
1633.622100 43298.000000 220.037033 43128.976562
1635.190600 43171.000000 205.634918 43129.769531
1636.759000 43420.000000 198.926636 43144.839844
1638.325700 43541.000000 196.770584 43099.816406
1639.890700 43644.000000 193.248978 43117.753906
1641.455400 43401.000000 193.381348 43104.300781
1643.019900 43279.000000 192.985321 43128.019531
1644.582800 43188.000000 192.604263 43091.371094
1646.143900 43180.000000 188.569443 43116.726562
1647.704700 43311.000000 188.607864 43099.304688
1649.265500 43330.000000 189.997665 43106.277344
1650.824500 43168.000000 192.515350 43049.652344
1652.381600 43350.000000 190.484314 43053.667969
1653.938700 43359.000000 191.984039 43028.390625
1655.495500 43141.000000 194.306000 43045.414062
1657.050700 43006.000000 197.146591 42990.132812
1658.604100 43039.000000 197.052048 43005.375000
1660.157200 43141.000000 201.873566 42963.898438
1661.710200 43316.000000 206.159393 42966.160156
1663.261500 42817.000000 210.157013 42918.257812
1664.811200 43042.000000 206.588623 42928.718750
1666.361900 42892.000000 206.422195 42889.406250
1667.909700 43019.000000 207.422409 42848.343750
1669.457200 43157.000000 207.443359 42768.984375
1671.004300 42778.000000 200.943710 42775.777344
1672.549900 42633.000000 196.839691 42738.523438
1674.093600 42390.000000 192.909836 42718.105469
1675.637300 42772.000000 191.327377 42648.500000
1677.180800 42702.000000 188.378876 42616.039062
1678.722400 42858.000000 191.098740 42545.757812
1680.263900 42553.000000 193.015182 42523.136719
1681.803700 42451.000000 193.810211 42442.464844
1683.341800 42579.000000 187.200363 42426.988281
1684.881200 42410.000000 182.918564 42379.519531
1686.417500 42439.000000 180.136765 42362.335938
1687.953400 42383.000000 177.832260 42290.835938
1689.489100 42368.000000 173.803452 42262.734375
1691.023200 42441.000000 174.761337 42196.605469
1692.557100 42244.000000 176.775192 42174.574219
1694.089200 42263.000000 175.712219 42100.750000
1695.619800 42111.000000 167.275848 42098.003906
1697.151500 42010.000000 161.680710 42035.343750
1698.680200 42281.000000 158.328537 41998.832031
1700.208500 42094.000000 156.228851 41934.613281
1701.736600 41884.000000 152.887375 41932.265625
1703.263100 42061.000000 152.063843 41874.488281
1704.789300 41905.000000 152.261032 41853.972656
1706.314000 42052.000000 149.298004 41766.832031
1707.838100 42162.000000 139.848175 41748.101562
1709.361000 41690.000000 132.946167 41688.582031
1710.883300 41795.000000 128.285309 41667.484375
1712.404100 41832.000000 124.957642 41594.300781
1713.923100 41767.000000 121.989342 41566.136719
1715.443500 41769.000000 121.419235 41494.609375
1716.960700 41436.000000 122.414749 41473.003906
1718.479100 41648.000000 120.516922 41376.156250
1719.994500 41589.000000 114.802292 41347.636719
1721.509600 41414.000000 111.204666 41284.460938
1723.024400 41170.000000 109.509476 41306.500000
1724.537600 41358.000000 106.527237 41252.179688
1726.050700 41524.000000 102.517616 41242.316406
1727.561900 41429.000000 101.983772 41155.726562
1729.073000 41548.000000 103.303772 41150.839844
1730.582400 41204.000000 102.987732 41061.480469
1732.091700 41577.000000 98.872368 41038.953125
1733.599200 41081.000000 97.267120 40959.152344
1735.106600 41367.000000 98.455093 40937.859375
1736.612100 40969.000000 98.618706 40853.792969
1738.117600 40955.000000 97.820213 40831.312500
1739.621300 41004.000000 98.130768 40771.000000
1741.125000 40614.000000 100.648994 40787.496094
1742.626800 40726.000000 100.432892 40730.960938
1744.128400 40739.000000 97.844078 40717.167969
1745.628500 41002.000000 96.658302 40637.726562
1747.128300 40753.000000 97.658401 40635.367188
1748.626300 40691.000000 97.489914 40574.113281
1750.124300 40683.000000 95.631767 40586.074219
1751.620500 40761.000000 95.560898 40535.449219
1753.116600 40561.000000 97.584343 40558.820312
1754.612400 40744.000000 98.579544 40498.980469
1756.105100 40761.000000 96.410690 40491.769531
1757.599100 40600.000000 95.233620 40425.890625
1759.091300 40593.000000 95.762161 40445.671875
1760.582000 40540.000000 96.254051 40388.667969
1762.072400 40606.000000 95.195961 40367.343750
1763.561000 40438.000000 96.197067 40299.449219
1765.049600 40144.000000 99.230728 40339.742188
1766.536500 40467.000000 100.691452 40304.371094
1768.023200 40315.000000 98.487381 40294.101562
1769.508100 40267.000000 97.168961 40225.121094
1770.992900 40349.000000 97.950096 40242.679688
1772.477500 40328.000000 98.968506 40188.375000
1773.959000 40219.000000 96.962418 40184.460938
1775.441700 40211.000000 96.267723 40122.613281
1776.922700 39927.000000 97.814964 40166.453125
1778.402100 40425.000000 98.843674 40118.464844
1779.881300 40090.000000 96.695541 40108.941406
1781.358900 39999.000000 96.062241 40047.347656
1782.836200 40080.000000 97.078384 40087.929688
1784.311900 40094.000000 99.324593 40051.160156
1785.787400 40121.000000 98.052811 40041.523438
1787.262600 39975.000000 99.301872 39982.097656
1788.736200 40013.000000 102.056023 40034.355469
1790.208300 40059.000000 104.926613 40018.964844
1791.679800 40141.000000 103.684143 40016.140625
1793.150000 40015.000000 103.599426 39956.175781
1794.619900 40154.000000 104.114258 39985.046875
1796.089600 40084.000000 104.281067 39941.039062
1797.557600 39913.000000 100.771042 39943.402344
1799.023900 39899.000000 101.299347 39880.125000
1800.490100 39989.000000 106.043167 39912.160156
1801.954600 39859.000000 112.282555 39862.984375
1803.418900 39745.000000 112.763992 39871.464844
1804.883100 39512.000000 113.927902 39831.988281
1806.345500 40021.000000 117.919960 39874.539062
1807.806400 39808.000000 127.183998 39823.585938
1809.266800 39746.000000 136.318405 39821.359375
1810.727400 39716.000000 147.697174 39780.992188
1812.186000 39708.000000 161.549057 39843.046875
1813.643300 39766.000000 182.175888 39825.363281
1815.100100 40013.000000 213.453766 39808.875000
1816.556800 39699.000000 256.910828 39779.855469
1818.010400 39746.000000 327.434448 39906.515625
1819.465300 40073.000000 447.446838 40067.355469
1820.918500 40638.000000 678.191284 40257.652344
1822.370100 40913.000000 1183.702393 40438.613281
1823.821400 42894.000000 2452.942871 40751.738281
1825.272600 45877.000000 4671.936523 40903.382812
1826.722200 48789.000000 6372.905273 40895.257812
1828.169900 45917.000000 4947.380371 40668.445312
1829.617600 42649.000000 2604.998779 40284.000000
1831.065200 40919.000000 1198.933960 40189.023438
1832.511000 40208.000000 621.476624 40166.980469
1833.956500 39896.000000 394.945007 40041.648438
1835.400500 39940.000000 291.786896 39960.183594
1836.842900 39967.000000 229.622681 39853.300781
1838.285200 39733.000000 182.980072 39786.121094
1839.727100 39394.000000 159.960175 39714.195312
1841.167400 39786.000000 145.946930 39705.089844
1842.606100 39389.000000 136.832581 39628.710938
1844.044400 39381.000000 124.955711 39543.406250
1845.482800 39394.000000 118.344055 39491.566406
1846.919400 39367.000000 114.813599 39502.933594
1848.356000 39237.000000 113.332840 39471.222656
1849.790800 39549.000000 110.037987 39450.511719
1851.224000 39497.000000 110.241470 39389.785156
1852.656900 39142.000000 109.335312 39426.515625
1854.089700 39444.000000 107.773743 39405.011719
1855.520800 39529.000000 103.538979 39410.128906
1856.951800 39372.000000 103.319191 39396.812500
1858.381100 39429.000000 102.277237 39461.339844
1859.808700 39537.000000 100.106918 39462.582031
1861.236300 39713.000000 94.110123 39455.812500
1862.663500 39742.000000 91.524620 39419.824219
1864.089100 39302.000000 89.014877 39510.078125
1865.514600 39498.000000 85.772980 39513.718750
1866.938500 39613.000000 80.257294 39551.917969
1868.360700 39779.000000 80.751297 39515.769531
1869.784200 39656.000000 83.649490 39553.222656
1871.204500 39459.000000 86.415482 39530.632812
1872.624600 39400.000000 83.803551 39578.773438
1874.044700 39718.000000 80.369339 39545.535156
1875.463000 39470.000000 79.115799 39556.843750
1876.881200 39710.000000 80.114868 39540.847656
1878.297700 39657.000000 81.235390 39539.761719
1879.714100 39524.000000 83.527718 39495.824219
1881.128800 39558.000000 84.337791 39560.875000
1882.541900 39742.000000 83.340866 39527.789062
1883.956200 39884.000000 77.700668 39363.027344
1885.367400 39906.000000 70.809120 39071.242188
1886.778600 39508.000000 78.856583 38862.808594
1888.189500 40032.000000 108.202354 38878.363281
