Raman_Shift Original_Spectrum Predicted_Raman Predicted_Baseline
294.894650 42544.000000 296.053619 41948.183594
297.232540 42544.000000 332.373657 41557.335938
299.568300 42517.000000 326.805206 41633.988281
301.905240 42581.000000 293.700867 42034.835938
304.238400 42586.000000 299.932678 42363.207031
306.571040 42617.000000 304.599792 42295.550781
308.903260 43025.000000 298.986206 42310.566406
311.233340 43201.000000 291.928558 42361.058594
313.562930 42866.000000 294.124023 42292.531250
315.890440 42886.000000 309.407959 42261.796875
318.215790 42900.000000 333.666901 42305.847656
320.540680 42779.000000 367.574402 42340.074219
322.865110 42864.000000 402.255646 42399.445312
325.187410 42718.000000 434.025208 42396.558594
327.509250 43145.000000 466.671814 42455.367188
329.828920 43410.000000 508.327301 42492.101562
332.148160 43269.000000 552.839905 42594.503906
334.465270 43643.000000 586.098633 42670.175781
336.781950 43580.000000 622.303833 42764.261719
339.096470 43551.000000 670.825500 42807.417969
341.408870 43897.000000 726.499329 42916.214844
343.722530 44063.000000 795.837524 43004.179688
346.032350 44553.000000 877.596802 43143.535156
348.341740 44721.000000 978.438782 43234.113281
350.650670 45152.000000 1112.721802 43412.710938
352.957460 45506.000000 1278.964355 43576.339844
355.263760 46088.000000 1456.571411 43764.242188
357.568020 46102.000000 1656.838135 43870.753906
359.871800 46491.000000 1881.857178 44023.726562
362.173430 46481.000000 2120.721191 44104.242188
364.474640 47135.000000 2366.892822 44208.964844
366.773710 46968.000000 2627.549072 44271.562500
369.072360 46933.000000 2946.492676 44393.359375
371.368870 47593.000000 3280.223877 44492.406250
373.664920 47587.000000 3629.924316 44635.234375
375.958890 48253.000000 3913.615723 44749.351562
378.252380 48682.000000 4187.512695 44849.359375
380.543790 49037.000000 4383.707031 44927.167969
382.834750 49309.000000 4499.794434 45048.964844
385.123570 49360.000000 4471.791016 45046.449219
387.411960 49478.000000 4315.253418 45061.625000
389.698210 49233.000000 4055.820312 45019.058594
391.984070 49212.000000 3745.067871 45094.734375
394.267790 48479.000000 3361.532471 45062.292969
396.551060 47967.000000 2940.731689 45040.367188
398.832210 47533.000000 2551.876465 44975.527344
401.112950 47239.000000 2265.921387 44978.632812
403.391570 46955.000000 1997.468384 44881.039062
405.669770 46404.000000 1750.376587 44824.750000
407.945860 46599.000000 1538.776245 44763.746094
410.221470 46092.000000 1367.931396 44715.792969
412.495030 45870.000000 1207.595093 44615.890625
414.768100 45568.000000 1059.318604 44559.191406
417.039090 45393.000000 923.352661 44508.476562
419.309630 45259.000000 814.662659 44475.281250
421.579740 45259.000000 723.840088 44381.460938
423.846100 44945.000000 648.895996 44352.320312
426.113680 44984.000000 605.411011 44314.500000
428.377470 45064.000000 574.312378 44301.804688
430.642520 44694.000000 547.507996 44239.597656
432.905460 45021.000000 516.182495 44210.566406
435.166320 45159.000000 486.126556 44175.992188
437.426700 45056.000000 472.731384 44167.640625
439.685060 44804.000000 468.764252 44106.183594
441.942900 44637.000000 468.611084 44096.851562
444.198730 44655.000000 466.561188 44062.683594
446.454070 44874.000000 469.918854 44051.007812
448.708980 44739.000000 478.415375 43991.683594
450.961820 44862.000000 485.206543 43985.046875
453.212550 44695.000000 497.065430 43969.101562
455.462890 44447.000000 513.827942 43971.875000
457.711120 44429.000000 539.124390 43910.082031
459.958920 44322.000000 556.466919 43913.027344
462.204590 44416.000000 572.921631 43908.800781
464.449890 44486.000000 591.834412 43917.453125
466.694760 44722.000000 625.811707 43878.078125
468.937500 44415.000000 661.875977 43899.515625
471.178160 44494.000000 696.957214 43902.242188
473.418460 44554.000000 736.909058 43927.523438
475.656620 44632.000000 804.611877 43883.769531
477.894380 44995.000000 883.929382 43885.359375
480.131680 44983.000000 967.427856 43910.773438
482.366910 45084.000000 1067.691650 43961.628906
484.600040 45343.000000 1205.689209 43976.054688
486.832790 46056.000000 1390.146240 44029.320312
489.063450 46762.000000 1651.607788 44078.460938
491.293670 47333.000000 1991.411499 44153.890625
493.523500 47434.000000 2429.014648 44223.496094
495.751190 48055.000000 3003.185791 44323.992188
497.976840 48742.000000 3625.053955 44357.867188
500.202090 49311.000000 4322.596680 44431.554688
502.426910 49788.000000 5013.884766 44509.007812
504.649660 50202.000000 5879.335449 44588.960938
506.870270 51270.000000 6976.603027 44716.335938
509.090550 52180.000000 8467.631836 44868.328125
511.310360 53876.000000 9724.968750 44890.285156
513.528140 54865.000000 10108.412109 44773.718750
515.743770 53697.000000 9078.709961 44548.054688
517.959110 51727.000000 7174.862305 44360.242188
520.173890 49058.000000 5253.461914 44078.710938
522.386660 47055.000000 3812.755371 43766.011719
524.597410 45974.000000 2893.348877 43478.789062
526.807740 45151.000000 2312.159668 43340.660156
529.017580 44608.000000 1921.487061 43156.312500
531.225400 44516.000000 1631.562256 43019.417969
533.431210 44091.000000 1418.718140 42962.238281
535.636470 43943.000000 1268.228882 42898.683594
537.841430 43810.000000 1162.653687 42791.089844
540.044310 43771.000000 1086.177490 42708.121094
542.245120 43865.000000 1053.689331 42687.011719
544.445500 43821.000000 1030.914795 42685.433594
546.645450 43648.000000 1029.139771 42629.812500
548.843380 43356.000000 1028.981689 42648.632812
551.040830 43658.000000 1014.292786 42664.195312
553.236330 43596.000000 1013.337585 42703.000000
555.429690 43770.000000 1036.970459 42669.589844
557.622680 43970.000000 1076.168457 42696.906250
559.815250 44103.000000 1168.094360 42772.968750
562.005800 44439.000000 1318.861450 42936.710938
564.195920 44627.000000 1646.902100 43114.203125
566.383910 45874.000000 2287.580566 43342.847656
568.569950 47451.000000 3325.843750 43564.863281
570.755550 48853.000000 4563.007812 43573.843750
572.940730 49562.000000 4976.092773 43427.015625
575.123900 47963.000000 4180.296387 43373.980469
577.306640 46158.000000 2903.412842 43276.699219
579.487300 44951.000000 2021.433960 43211.324219
581.665950 44449.000000 1561.175415 43003.312500
583.844120 44286.000000 1335.337646 42843.406250
586.021970 43917.000000 1264.837158 42744.328125
588.197750 44026.000000 1251.728027 42686.757812
590.373170 44156.000000 1280.849365 42606.140625
592.546450 44028.000000 1308.653564 42537.953125
594.719420 43799.000000 1349.718628 42501.664062
596.890260 44127.000000 1403.593506 42468.320312
599.059140 43787.000000 1480.890503 42434.722656
601.229190 43762.000000 1586.046143 42412.656250
603.395570 44136.000000 1648.974976 42410.445312
605.561580 44135.000000 1721.251953 42442.308594
607.727170 44512.000000 1821.274658 42427.046875
609.890750 44332.000000 1938.531006 42433.300781
612.053960 44685.000000 2094.309814 42447.832031
614.215030 44882.000000 2297.463379 42521.523438
616.375790 45213.000000 2577.803467 42518.511719
618.534480 45291.000000 2955.843018 42526.718750
620.692750 45820.000000 3365.417236 42541.656250
622.849000 46452.000000 3906.410889 42643.554688
625.004820 46688.000000 4578.414551 42702.777344
627.158750 47669.000000 5586.659668 42743.035156
629.310490 48349.000000 6495.670410 42833.300781
631.463560 49632.000000 7810.210938 42973.859375
633.612920 50501.000000 9268.880859 43222.453125
635.763490 52731.000000 11686.154297 43356.234375
637.910460 55092.000000 13985.607422 43583.933594
640.058650 58153.000000 17335.230469 43973.464844
642.203190 62294.000000 20305.261719 44423.621094
644.348880 67487.000000 25114.134766 45123.902344
646.491030 74186.000000 30405.410156 45943.203125
648.634400 81554.000000 38536.328125 46571.523438
650.774050 89542.000000 46001.425781 47003.937500
652.914980 97309.000000 53328.500000 46188.953125
655.052250 100957.000000 55076.070312 45688.269531
657.190730 96648.000000 49115.687500 45054.710938
659.325620 87623.000000 42026.269531 44510.816406
661.461730 79213.000000 34333.601562 43540.554688
663.594180 72039.000000 28637.410156 43876.097656
665.727910 66166.000000 23885.777344 44405.570312
667.857910 62190.000000 20203.015625 44118.449219
669.989200 58620.000000 16470.988281 44068.296875
672.118470 56138.000000 13977.150391 44298.628906
674.245670 53579.000000 11409.874023 44322.589844
676.372560 51983.000000 9747.975586 44224.343750
678.497380 50722.000000 7870.938477 44054.484375
680.621830 49731.000000 6516.664062 44163.664062
682.744320 48717.000000 5316.631836 44093.246094
684.866390 47816.000000 4590.559082 43869.417969
686.986450 47405.000000 4009.213379 43747.558594
689.106080 47192.000000 3551.207520 43753.453125
691.223750 46762.000000 3245.373535 43719.207031
693.341000 46673.000000 3070.573730 43568.539062
695.457820 46643.000000 2930.512207 43495.308594
697.571110 46401.000000 2867.689697 43541.191406
699.685610 46285.000000 2951.909424 43547.960938
701.798100 46744.000000 3143.899902 43540.339844
703.908570 47029.000000 3502.084717 43581.699219
706.018620 47543.000000 3967.776855 43714.898438
708.126770 47819.000000 4476.642090 43791.648438
710.234380 48154.000000 4741.158203 43687.234375
712.340150 48233.000000 4652.504883 43633.515625
714.445430 47672.000000 4164.283203 43601.507812
716.550350 46665.000000 3529.936768 43607.886719
718.653260 45813.000000 2874.152344 43445.296875
720.754270 45260.000000 2335.024414 43332.707031
722.854800 44707.000000 1949.134155 43204.773438
724.953370 44233.000000 1668.431885 43126.062500
727.051570 43941.000000 1458.421753 42985.386719
729.149350 43797.000000 1257.256836 42899.890625
731.243530 43877.000000 1111.372803 42871.417969
733.338990 43855.000000 989.961060 42844.226562
735.432370 43723.000000 885.136536 42753.085938
737.523800 43618.000000 815.306213 42690.121094
739.614870 43563.000000 775.783386 42659.992188
741.705570 43087.000000 739.719116 42656.699219
743.792600 43119.000000 710.113831 42557.093750
745.880920 43103.000000 670.930054 42520.242188
747.967220 43263.000000 648.020691 42486.515625
750.051570 43034.000000 633.099731 42490.902344
752.135500 42894.000000 620.888367 42424.527344
754.219120 42994.000000 582.442322 42391.925781
756.300720 42981.000000 551.343750 42384.378906
758.380310 42802.000000 531.762939 42402.187500
760.459530 42786.000000 515.032349 42361.648438
762.538390 42475.000000 474.802307 42368.515625
764.615300 42904.000000 443.346344 42343.261719
766.690190 43014.000000 426.013977 42335.601562
768.764710 42777.000000 419.257172 42291.753906
770.838810 42750.000000 412.120758 42310.183594
772.909360 42526.000000 404.214844 42321.777344
774.981140 42502.000000 396.035950 42336.921875
777.050960 42757.000000 393.553802 42297.921875
779.120420 42907.000000 388.676880 42313.179688
781.187870 42776.000000 393.890198 42296.808594
783.253420 42705.000000 402.238098 42301.753906
785.318480 42590.000000 409.094757 42254.070312
787.383240 42691.000000 392.067688 42265.671875
789.445980 42569.000000 377.786865 42265.492188
791.506770 42427.000000 367.586761 42285.097656
793.567260 42499.000000 365.560150 42247.667969
795.627260 42742.000000 358.024719 42260.515625
797.685360 42729.000000 355.302643 42237.683594
799.741520 42625.000000 355.419647 42246.195312
801.797240 42595.000000 360.741058 42187.468750
803.852600 42853.000000 350.458710 42204.121094
805.906010 42196.000000 347.303741 42201.527344
807.959050 42637.000000 346.999908 42198.574219
810.010130 42443.000000 352.818604 42165.917969
812.059200 42496.000000 355.737610 42155.675781
814.107970 42698.000000 364.880737 42124.210938
816.156370 42518.000000 374.933289 42110.253906
818.202760 42671.000000 383.532928 42049.390625
820.247190 42256.000000 374.988525 42055.300781
822.292850 42431.000000 371.082367 42016.605469
824.335020 42605.000000 368.337830 42005.253906
826.376770 42361.000000 366.401825 41953.265625
828.418090 42396.000000 353.300842 41940.781250
830.457520 42331.000000 348.688202 41896.660156
832.496640 42439.000000 351.161743 41864.597656
834.533690 42402.000000 356.410278 41801.074219
836.568910 41978.000000 350.363129 41803.957031
838.603700 42037.000000 354.027649 41755.863281
840.638060 42407.000000 361.502625 41719.589844
842.670530 42188.000000 368.415314 41656.886719
844.702640 41925.000000 359.161804 41644.390625
846.732790 42095.000000 353.238800 41587.515625
848.762570 42194.000000 354.022308 41565.984375
850.790470 41977.000000 363.125458 41500.531250
852.816350 42059.000000 368.091187 41491.855469
854.843440 41965.000000 373.550140 41428.539062
856.867070 42319.000000 380.700073 41388.089844
858.890200 42219.000000 392.189056 41293.605469
860.913150 42035.000000 397.733490 41251.148438
862.934020 41733.000000 414.319519 41204.003906
864.954530 41805.000000 443.090637 41205.945312
866.973140 41998.000000 482.949646 41166.054688
868.991390 41622.000000 520.806091 41156.878906
871.007690 42281.000000 582.168823 41124.933594
873.023620 42255.000000 673.881592 41108.785156
875.037660 41826.000000 810.606506 41087.410156
877.051270 42325.000000 987.153320 41137.214844
879.062990 42663.000000 1221.690186 41215.367188
881.074340 42969.000000 1538.564209 41334.402344
883.083740 43683.000000 1957.933594 41384.355469
885.092770 44397.000000 2504.102783 41456.617188
887.099850 45025.000000 3053.245117 41455.019531
889.104980 45379.000000 3411.893066 41502.566406
891.111450 44808.000000 3424.036621 41427.871094
893.114260 44364.000000 3100.681396 41362.054688
895.118410 43943.000000 2589.017090 41238.144531
897.119020 43474.000000 2066.265137 41140.367188
899.120790 42765.000000 1612.140991 40927.714844
901.119080 42219.000000 1266.066162 40768.878906
903.118650 41809.000000 1041.431396 40619.156250
905.114620 41284.000000 883.992310 40513.351562
907.111880 40869.000000 765.209229 40331.136719
909.107180 40758.000000 656.180908 40203.582031
911.100520 40683.000000 582.341187 40118.910156
913.093630 40578.000000 539.685974 40044.640625
915.084660 40340.000000 515.065186 39924.539062
917.075380 40353.000000 493.784973 39843.382812
919.064210 40295.000000 478.559967 39769.589844
921.052730 40085.000000 472.785095 39744.042969
923.039310 40223.000000 473.433044 39641.464844
925.025450 40006.000000 464.474915 39592.835938
927.009770 39763.000000 462.987610 39531.253906
928.993650 39937.000000 471.903992 39536.914062
930.975590 40135.000000 487.981293 39456.656250
932.957280 39813.000000 495.735168 39391.472656
934.937010 39902.000000 504.060150 39334.414062
936.916380 40150.000000 520.674377 39339.023438
938.895390 39762.000000 547.421875 39264.089844
940.870970 39773.000000 574.747681 39224.968750
942.847660 39847.000000 611.726990 39204.707031
944.822510 39770.000000 666.546021 39241.136719
946.795470 39657.000000 733.682129 39221.578125
948.768010 39936.000000 815.012939 39234.023438
950.738710 39996.000000 912.032227 39284.734375
952.708980 40161.000000 1061.242798 39366.941406
954.677310 40519.000000 1293.408447 39441.000000
956.645390 40974.000000 1640.973389 39502.882812
958.613160 41540.000000 2089.783691 39525.410156
960.578920 41966.000000 2669.986816 39688.433594
962.542720 43061.000000 3394.338379 39850.925781
964.506290 44237.000000 4355.706543 39987.703125
966.467960 45230.000000 5440.192871 40080.738281
968.429260 46444.000000 6442.363770 40159.140625
970.390140 46896.000000 6919.062500 40154.386719
972.347660 46405.000000 6695.811035 40125.953125
974.306270 45272.000000 5954.521484 39996.085938
976.263060 44035.000000 4985.017090 39898.832031
978.218020 42615.000000 3950.040283 39757.101562
980.172490 42039.000000 3067.960205 39614.156250
982.125120 41406.000000 2378.343262 39422.863281
984.077390 41094.000000 1900.469727 39337.417969
986.029360 40459.000000 1552.645508 39209.339844
987.979370 40186.000000 1260.296021 39084.710938
989.927490 39904.000000 1052.624756 39003.535156
991.875310 39472.000000 903.905579 38948.996094
993.822750 39278.000000 791.993286 38862.207031
995.768370 39233.000000 709.534363 38765.738281
997.711980 39102.000000 650.007141 38678.160156
999.655270 38718.000000 607.358215 38639.699219
1001.596700 38747.000000 575.460144 38587.386719
1003.537700 38754.000000 540.423828 38540.679688
1005.478600 38578.000000 517.889771 38488.105469
1007.417400 38791.000000 507.256775 38460.859375
1009.354300 38785.000000 503.484528 38395.023438
1011.291000 38469.000000 486.631104 38322.996094
1013.227200 38461.000000 477.461487 38266.328125
1015.161600 38430.000000 475.734314 38271.484375
1017.094100 38517.000000 482.004974 38233.347656
1019.026200 38487.000000 481.707855 38159.800781
1020.958000 38490.000000 487.374207 38087.144531
1022.888000 38120.000000 500.774261 38107.726562
1024.816000 38338.000000 520.981628 38070.210938
1026.743800 38119.000000 535.607666 38048.046875
1028.671100 38516.000000 543.729187 38040.726562
1030.596600 38421.000000 559.150757 38088.421875
1032.521700 38361.000000 580.527405 38100.757812
1034.444900 38603.000000 601.172302 38092.089844
1036.366300 38617.000000 628.055298 38102.535156
1038.287400 38908.000000 665.801025 38147.632812
1040.208100 38712.000000 712.320374 38140.582031
1042.127000 38636.000000 756.978943 38136.539062
1044.043800 38888.000000 807.658813 38183.066406
1045.960400 39100.000000 876.889160 38275.308594
1047.876700 39247.000000 959.695007 38327.699219
1049.791000 39352.000000 1062.639404 38369.648438
1051.705100 39871.000000 1197.969971 38423.839844
1053.617300 40123.000000 1375.602783 38517.703125
1055.527600 40313.000000 1600.346680 38583.128906
1057.437500 40555.000000 1892.794922 38601.660156
1059.347300 40951.000000 2205.051270 38618.136719
1061.255000 41061.000000 2559.700684 38682.507812
1063.162500 41078.000000 2923.789551 38791.558594
1065.068000 41407.000000 3345.892090 38890.703125
1066.971700 41892.000000 3756.348145 38925.539062
1068.875000 42498.000000 4177.106934 38993.824219
1070.778100 43237.000000 4519.922852 39045.769531
1072.679200 43763.000000 4779.744629 38997.636719
1074.580000 43559.000000 4844.406250 38861.679688
1076.479000 43307.000000 4660.526855 38853.906250
1078.377600 42746.000000 4264.008789 38812.601562
1080.274400 42213.000000 3788.332031 38704.589844
1082.169200 41551.000000 3316.949707 38550.648438
1084.065300 40713.000000 2897.025879 38478.578125
1085.958000 39990.000000 2498.913086 38366.054688
1087.850300 39526.000000 2139.238525 38292.207031
1089.742400 39555.000000 1845.212891 38235.378906
1091.632600 39270.000000 1615.041260 38170.746094
1093.522500 39026.000000 1441.057861 38121.496094
1095.410400 38818.000000 1294.406860 38083.949219
1097.298100 38820.000000 1185.476562 38066.140625
1099.183800 38612.000000 1102.177246 38053.046875
1101.069300 38925.000000 1044.272949 37998.910156
1102.952900 38498.000000 990.787231 37949.000000
1104.834600 38493.000000 960.900208 37942.589844
1106.717700 38698.000000 943.035278 37923.527344
1108.597200 38724.000000 934.985962 37863.937500
1110.477900 38366.000000 921.974243 37804.125000
1112.355300 38323.000000 908.529480 37773.535156
1114.232300 38207.000000 907.398254 37784.183594
1116.109100 38465.000000 927.114563 37757.843750
1117.984000 38420.000000 948.477234 37675.417969
1119.858500 38001.000000 961.985352 37681.222656
1121.731300 38310.000000 981.797974 37703.851562
1123.603600 38383.000000 1002.551147 37700.898438
1125.474100 38525.000000 1024.468140 37621.167969
1127.344400 38633.000000 1059.461792 37576.683594
1129.212600 38451.000000 1111.437744 37569.519531
1131.080700 38495.000000 1179.107422 37568.937500
1132.946900 38510.000000 1258.031616 37544.578125
1134.812700 38669.000000 1329.601440 37561.988281
1136.676800 38653.000000 1419.834106 37595.078125
1138.540400 38761.000000 1529.876221 37628.468750
1140.402300 39377.000000 1664.613647 37603.761719
1142.263800 39144.000000 1807.462524 37614.109375
1144.123400 39671.000000 2017.429077 37674.082031
1145.982800 39791.000000 2315.333008 37774.726562
1147.841800 40070.000000 2775.591309 37772.148438
1149.697500 41104.000000 3270.864746 37781.914062
1151.554400 41449.000000 3926.141113 37836.964844
1153.407800 42341.000000 4721.847656 37947.175781
1155.262600 43434.000000 5763.339355 38014.730469
1157.115500 45053.000000 6909.079590 38140.187500
1158.966400 46110.000000 8153.105469 38222.691406
1160.817100 47051.000000 9016.083008 38313.832031
1162.666000 47364.000000 9460.470703 38235.859375
1164.514500 46936.000000 9193.240234 38116.601562
1166.361300 45993.000000 8572.545898 38005.664062
1168.207600 45124.000000 7676.493652 37885.144531
1170.052200 44136.000000 6888.560059 37666.695312
1171.896500 43387.000000 6271.462402 37543.757812
1173.740400 43289.000000 5870.009277 37482.003906
1175.580900 43064.000000 5609.995117 37378.015625
1177.422900 43145.000000 5620.956055 37160.238281
1179.262700 43378.000000 5787.270020 37064.625000
1181.100700 43493.000000 6367.297852 36988.312500
1182.938600 44288.000000 7123.752930 37012.566406
1184.774500 45263.000000 8456.072266 36971.847656
1186.610200 46670.000000 9732.037109 37164.582031
1188.444000 48032.000000 11477.537109 37546.054688
1190.277500 50295.000000 13294.201172 38059.582031
1192.110700 52678.000000 15600.181641 38483.277344
1193.942000 54739.000000 17550.261719 38880.179688
1195.771600 56519.000000 19389.007812 38985.320312
1197.600700 57702.000000 20206.900391 38985.250000
1199.428100 57700.000000 20057.091797 38710.890625
1201.255200 57150.000000 19140.607422 38610.128906
1203.082000 55699.000000 17458.675781 38554.968750
1204.907000 53618.000000 15559.119141 38539.003906
1206.730100 51785.000000 13749.807617 38309.558594
1208.552900 50323.000000 12260.304688 38339.242188
1210.373900 49398.000000 11355.422852 38285.750000
1212.194600 48959.000000 10889.781250 38118.296875
1214.015000 48927.000000 11033.533203 38017.789062
1215.833500 49278.000000 11338.942383 38280.488281
1217.650300 50415.000000 12340.484375 38595.667969
1219.466700 52072.000000 13615.150391 39113.796875
1221.281300 53841.000000 15692.786133 39736.617188
1223.095600 56721.000000 17964.037109 40487.894531
1224.909500 59588.000000 20829.730469 40943.265625
1226.721700 62138.000000 22938.058594 41138.468750
1228.532000 63276.000000 24038.113281 41014.656250
1230.342000 63113.000000 23581.421875 40856.789062
1232.151700 60974.000000 21462.318359 40639.183594
1233.959700 58482.000000 18837.218750 40394.804688
1235.765900 55493.000000 15796.023438 39955.562500
1237.571700 52744.000000 13199.979492 39932.531250
1239.377100 50532.000000 11129.806641 39944.886719
1241.180800 48877.000000 9586.979492 39795.242188
1242.982700 47437.000000 8393.924805 39708.468750
1244.784200 46831.000000 7657.649414 39845.390625
1246.585300 46324.000000 7308.344727 39909.007812
1248.384900 46145.000000 7226.327148 39821.046875
1250.182500 46226.000000 7692.309570 39597.710938
1251.979700 46900.000000 8177.376465 39622.902344
1253.776900 47885.000000 9220.284180 39604.527344
1255.572000 49245.000000 10442.492188 39660.906250
1257.365500 50568.000000 12494.253906 39711.628906
1259.160000 53444.000000 14592.807617 39838.515625
1260.951300 57613.000000 18240.287109 40161.253906
1262.742300 62756.000000 22666.699219 40830.773438
1264.533100 69716.000000 29793.744141 41665.734375
1266.322000 77397.000000 36723.753906 42731.261719
1268.109000 84322.000000 45074.179688 42519.957031
1269.895800 89682.000000 49833.312500 41845.789062
1271.682400 90670.000000 49309.394531 41057.304688
1273.466900 87651.000000 45691.777344 40831.160156
1275.251500 81183.000000 39234.679688 40318.695312
1277.033900 73709.000000 33061.988281 40323.882812
1278.814700 66660.000000 26528.027344 40024.023438
1280.595200 60914.000000 21779.146484 40345.644531
1282.375400 55908.000000 17686.724609 40738.636719
1284.153800 52142.000000 14700.426758 40519.875000
1285.931900 49904.000000 11873.537109 40535.179688
1287.708100 48369.000000 10066.786133 40967.886719
1289.482500 47083.000000 8281.080078 41133.375000
1291.256800 46262.000000 7242.244629 41159.351562
1293.030600 45343.000000 6153.085938 41199.191406
1294.802900 45154.000000 5361.738770 41445.308594
1296.574600 44901.000000 4718.294922 41460.117188
1298.344600 44338.000000 4328.214844 41362.078125
1300.114400 44229.000000 4024.997314 41296.156250
1301.882300 44260.000000 3815.755371 41353.390625
1303.648300 44262.000000 3745.444092 41380.976562
1305.415800 44462.000000 3782.218750 41325.843750
1307.179700 44550.000000 3917.180176 41271.410156
1308.943500 44963.000000 4116.622070 41339.886719
1310.707000 45028.000000 4459.040039 41447.500000
1312.468600 45528.000000 4927.003906 41491.785156
1314.230000 46142.000000 5593.106934 41479.343750
1315.989500 46820.000000 6174.237305 41599.156250
1317.748800 47788.000000 7032.114258 41828.082031
1319.506200 48880.000000 8035.678711 42190.187500
1321.263400 50527.000000 9734.006836 42499.679688
1323.018900 52228.000000 11432.898438 42868.898438
1324.774000 54640.000000 13526.942383 43435.804688
1326.527300 56932.000000 15516.921875 43945.421875
1328.278900 59367.000000 17874.572266 44223.359375
1330.031700 61282.000000 19624.753906 44355.605469
1331.781100 62464.000000 20870.419922 44369.554688
1333.531900 62782.000000 20881.990234 44387.781250
1335.279300 61797.000000 19727.339844 44052.203125
1337.027800 60203.000000 18064.421875 43889.945312
1338.773200 58053.000000 15961.853516 43760.617188
1340.518300 55856.000000 13801.751953 43654.714844
1342.263100 54103.000000 11684.243164 43331.261719
1344.006000 52192.000000 10001.177734 43131.015625
1345.748700 50835.000000 8635.060547 43051.718750
1347.489500 49710.000000 7580.443848 42822.675781
1349.230200 48706.000000 6635.403320 42611.902344
1350.969100 47975.000000 5855.585938 42625.937500
1352.707500 47909.000000 5319.415039 42582.480469
1354.445900 47495.000000 4956.288086 42463.472656
1356.180900 47283.000000 4844.877930 42263.355469
1357.917000 47094.000000 4849.039551 42225.847656
1359.649900 47323.000000 5075.896484 42152.777344
1361.384200 47375.000000 5441.046387 42068.789062
1363.115000 48107.000000 6220.192871 42018.027344
1364.847000 48689.000000 7026.417969 42181.609375
1366.577400 49920.000000 8343.339844 42467.527344
1368.305900 51283.000000 9798.054688 42888.812500
1370.034300 53026.000000 11918.388672 43350.242188
1371.760600 55701.000000 14198.437500 43858.562500
1373.486900 58187.000000 17055.332031 44438.570312
1375.211300 61132.000000 19490.412109 44815.710938
1376.935400 63329.000000 21271.605469 44776.132812
1378.657800 64059.000000 21474.253906 44640.300781
1380.380000 62684.000000 19538.431641 44481.816406
1382.100200 59688.000000 16857.195312 44352.859375
1383.820300 56371.000000 13534.601562 43923.750000
1385.540200 53712.000000 10782.833984 43825.957031
1387.256500 51400.000000 8581.265625 43799.085938
1388.974200 49835.000000 6827.636719 43611.460938
1390.690300 48435.000000 5378.917480 43477.238281
1392.404400 47573.000000 4329.284180 43500.855469
1394.118400 46830.000000 3589.609863 43518.765625
1395.830400 46213.000000 3103.662598 43390.976562
1397.542200 46060.000000 2778.185303 43234.062500
1399.252300 45878.000000 2520.154785 43205.425781
1400.962200 45132.000000 2336.419434 43148.531250
1402.671800 45122.000000 2207.784424 43008.683594
1404.379500 44888.000000 2119.000244 42917.671875
1406.085600 44854.000000 2060.481934 42917.457031
1407.791300 44818.000000 2005.285889 42915.835938
1409.495200 44735.000000 1994.197510 42840.281250
1411.199000 45035.000000 1985.713257 42783.988281
1412.902500 44661.000000 1977.214233 42793.281250
1414.604000 44983.000000 1974.613281 42814.941406
1416.304000 44871.000000 2029.266235 42749.804688
1418.003700 44644.000000 2070.434570 42718.875000
1419.701500 44621.000000 2065.624023 42733.562500
1421.399000 44531.000000 2070.585938 42755.371094
1423.096400 44405.000000 2115.495605 42693.671875
1424.792000 44581.000000 2167.413574 42662.585938
1426.485700 44565.000000 2220.801270 42712.816406
1428.179300 44573.000000 2294.079346 42804.472656
1429.871100 44834.000000 2401.679199 42808.578125
1431.562500 45176.000000 2558.713135 42828.109375
1433.253900 45122.000000 2664.828613 42886.937500
1434.943400 45626.000000 2830.468262 42980.710938
1436.631000 45978.000000 3058.271240 43011.640625
1438.318500 46110.000000 3404.083984 43052.660156
1440.005600 46612.000000 3823.138184 43113.429688
1441.691000 47232.000000 4411.077637 43295.671875
1443.374800 48054.000000 5136.058594 43507.445312
1445.058200 49079.000000 6134.225098 43618.886719
1446.741300 50240.000000 7111.432617 43813.652344
1448.422900 51392.000000 8435.868164 44173.792969
1450.102400 53032.000000 9896.889648 44562.011719
1451.781700 55121.000000 12002.342773 44825.664062
1453.460900 57064.000000 14008.818359 45162.734375
1455.138200 59011.000000 16381.184570 45609.546875
1456.813800 61889.000000 18359.492188 45985.859375
1458.489100 63803.000000 20565.597656 46114.523438
1460.164300 65366.000000 21956.878906 46158.835938
1461.837600 66314.000000 22739.207031 46133.570312
1463.509200 65990.000000 22523.527344 46131.449219
1465.180500 64915.000000 21339.152344 45769.171875
1466.851600 63114.000000 19700.605469 45603.410156
1468.520900 60788.000000 17536.937500 45503.167969
1470.189900 58907.000000 15279.674805 45310.085938
1471.857200 56626.000000 12892.291016 44975.703125
1473.522800 54556.000000 10962.325195 44734.652344
1475.188100 52496.000000 9279.916016 44600.320312
1476.853100 50832.000000 7913.099121 44300.371094
1478.516500 49727.000000 6614.905273 44031.269531
1480.178000 48736.000000 5578.157227 43944.660156
1481.839200 47548.000000 4783.028809 43852.968750
1483.500400 47178.000000 4199.438965 43657.570312
1485.159700 46306.000000 3718.963379 43470.796875
1486.818600 45972.000000 3283.810547 43394.996094
1488.476000 45472.000000 2959.945801 43297.683594
1490.131500 45284.000000 2754.385254 43112.699219
1491.788300 44885.000000 2597.135254 42996.734375
1493.441800 44862.000000 2471.807373 42985.062500
1495.095100 44942.000000 2393.091309 42938.839844
1496.748000 44837.000000 2357.108398 42842.726562
1498.399400 44994.000000 2339.148926 42794.539062
1500.050400 44886.000000 2285.376465 42829.914062
1501.699700 44871.000000 2258.259277 42853.839844
1503.347300 45172.000000 2249.082764 42803.835938
1504.996100 45095.000000 2250.657715 42787.394531
1506.641600 44794.000000 2290.213623 42834.679688
1508.287000 45134.000000 2371.078369 42919.925781
1509.932000 45322.000000 2487.117920 42928.679688
1511.575300 45243.000000 2625.300293 42943.097656
1513.218500 45877.000000 2763.266602 43020.132812
1514.859700 45943.000000 2959.082520 43139.667969
1516.500900 46192.000000 3220.409912 43178.234375
1518.140300 46802.000000 3610.249512 43219.593750
1519.777800 47135.000000 4026.867920 43288.453125
1521.416700 47752.000000 4622.064453 43465.625000
1523.052200 48614.000000 5340.850586 43686.917969
1524.689200 49449.000000 6395.190430 43800.472656
1526.322800 50290.000000 7446.713867 44028.027344
1527.956200 52002.000000 8869.640625 44418.398438
1529.589400 53567.000000 10431.836914 44870.921875
1531.220800 55641.000000 12694.823242 45223.316406
1532.851900 58223.000000 14854.122070 45640.253906
1534.481400 60937.000000 17513.988281 46177.300781
1536.110600 63369.000000 19747.605469 46598.492188
1537.738000 65961.000000 22306.583984 46784.699219
1539.365200 68061.000000 24045.253906 46848.753906
1540.990700 69379.000000 25209.156250 46777.296875
1542.616000 69315.000000 25227.966797 46761.375000
1544.239500 68362.000000 24098.189453 46412.742188
1545.862700 66550.000000 22424.951172 46249.968750
1547.484400 64038.000000 20000.910156 46168.914062
1549.105600 60988.000000 17535.210938 45977.539062
1550.725100 58872.000000 14882.752930 45634.554688
1552.344500 56264.000000 12684.068359 45405.156250
1553.962000 54140.000000 10643.810547 45282.484375
1555.579300 52520.000000 8973.828125 44953.402344
1557.195100 50790.000000 7403.028320 44648.031250
1558.810400 49970.000000 6159.565430 44537.664062
1560.424100 48529.000000 5190.690430 44400.851562
1562.037500 47655.000000 4438.802246 44168.984375
1563.649200 47042.000000 3746.569580 43958.449219
1565.260600 46217.000000 3154.015137 43852.507812
1566.870500 46015.000000 2708.062744 43744.871094
1568.479900 45482.000000 2381.811279 43523.398438
1570.089100 45268.000000 2110.407227 43391.593750
1571.695200 44679.000000 1896.093018 43337.917969
1573.302500 44862.000000 1738.865601 43258.125000
1574.906500 44376.000000 1593.959351 43124.843750
1576.511800 44279.000000 1451.066162 43048.812500
1578.115500 44428.000000 1340.399658 42993.734375
1579.717400 44049.000000 1249.548096 42958.460938
1581.319100 43833.000000 1182.115723 42845.750000
1582.919100 44110.000000 1086.335693 42782.812500
1584.518700 43492.000000 1011.351562 42767.417969
1586.116600 43295.000000 960.852173 42754.562500
1587.714500 43461.000000 908.883484 42657.800781
1589.310500 43617.000000 838.957214 42623.308594
1590.906300 43386.000000 792.749146 42605.160156
1592.501800 43326.000000 757.479980 42597.582031
1594.095700 43090.000000 728.603333 42537.593750
1595.687900 43043.000000 680.233887 42529.273438
1597.279700 42934.000000 645.676392 42511.773438
1598.869900 42960.000000 622.991150 42512.386719
1600.459700 43044.000000 600.859009 42455.121094
1602.048100 43027.000000 560.376160 42460.875000
1603.636000 42800.000000 531.686279 42443.214844
1605.223900 43004.000000 511.288086 42435.089844
1606.809800 42717.000000 497.870697 42402.164062
1608.394200 42618.000000 464.860199 42429.582031
1609.978300 42548.000000 433.041565 42424.601562
1611.560700 42630.000000 411.781158 42430.785156
1613.142900 42982.000000 398.705475 42386.785156
1614.724700 43097.000000 378.199982 42393.546875
1616.304900 42765.000000 365.292175 42384.414062
1617.883500 42829.000000 354.325500 42398.890625
1619.461800 42833.000000 345.039093 42361.207031
1621.038300 42867.000000 326.780914 42368.398438
1622.614700 42920.000000 314.473846 42350.476562
1624.190800 42767.000000 309.462952 42366.921875
1625.765300 42738.000000 305.950226 42318.902344
1627.337900 42768.000000 291.528748 42329.789062
1628.910400 42609.000000 284.465149 42318.437500
1630.482700 42714.000000 279.785767 42325.199219
1632.053200 42687.000000 271.754913 42296.703125
1633.622100 42570.000000 247.899536 42331.125000
1635.190600 42487.000000 228.923187 42319.414062
1636.759000 42913.000000 220.037262 42325.175781
1638.325700 42851.000000 217.599197 42286.921875
1639.890700 42825.000000 211.213837 42300.320312
1641.455400 42607.000000 208.396240 42282.453125
1643.019900 42722.000000 206.883148 42290.945312
1644.582800 42447.000000 209.328171 42264.472656
1646.143900 42432.000000 207.805878 42281.742188
1647.704700 42603.000000 210.861130 42264.046875
1649.265500 42615.000000 214.666473 42256.527344
1650.824500 42557.000000 219.019699 42212.566406
1652.381600 42458.000000 212.827362 42225.382812
1653.938700 42455.000000 209.992645 42211.332031
1655.495500 42373.000000 208.247482 42216.750000
1657.050700 42536.000000 211.606842 42173.878906
1658.604100 42379.000000 212.670197 42186.597656
1660.157200 42457.000000 220.452850 42152.312500
1661.710200 42521.000000 226.584839 42150.312500
1663.261500 42265.000000 231.682816 42108.355469
1664.811200 42314.000000 224.865158 42115.425781
1666.361900 42231.000000 221.828903 42086.328125
1667.909700 42266.000000 220.250031 42060.363281
1669.457200 42463.000000 220.241989 42005.578125
1671.004300 42065.000000 212.648224 42012.375000
1672.549900 42099.000000 209.393524 41977.050781
1674.093600 41967.000000 206.558258 41963.832031
1675.637300 42070.000000 206.510666 41910.988281
1677.180800 42054.000000 201.606964 41906.457031
1678.722400 42246.000000 202.055328 41862.019531
1680.263900 42022.000000 201.067841 41853.582031
1681.803700 41937.000000 200.199524 41792.136719
1683.341800 42147.000000 190.137390 41798.328125
1684.881200 41840.000000 183.093414 41767.800781
1686.417500 41884.000000 177.691071 41760.617188
1687.953400 41979.000000 175.659439 41701.242188
1689.489100 42037.000000 172.521286 41695.800781
1691.023200 41742.000000 175.486496 41657.390625
1692.557100 41752.000000 177.805084 41644.304688
1694.089200 41807.000000 177.053482 41598.164062
1695.619800 41531.000000 168.259766 41601.574219
1697.151500 41681.000000 161.726776 41555.902344
1698.680200 41766.000000 156.089172 41539.058594
1700.208500 41572.000000 152.728470 41497.789062
1701.736600 41497.000000 148.337341 41500.257812
1703.263100 41789.000000 148.231583 41459.738281
1704.789300 41539.000000 148.829391 41449.261719
1706.314000 41601.000000 147.413528 41382.027344
1707.838100 41766.000000 137.850494 41395.382812
1709.361000 41255.000000 129.992920 41369.222656
1710.883300 41466.000000 124.227196 41353.078125
1712.404100 41605.000000 121.152267 41297.910156
1713.923100 41504.000000 119.795609 41291.082031
1715.443500 41538.000000 120.409592 41245.683594
1716.960700 41181.000000 120.677345 41236.621094
1718.479100 41418.000000 118.613419 41165.804688
1719.994500 41525.000000 112.917564 41153.597656
1721.509600 41266.000000 109.978477 41115.816406
1723.024400 41059.000000 107.681786 41119.945312
1724.537600 41286.000000 104.779297 41063.519531
1726.050700 41334.000000 101.618752 41062.878906
1727.561900 41293.000000 101.695351 41003.714844
1729.073000 41301.000000 103.037643 41003.027344
1730.582400 41148.000000 102.524193 40921.195312
1732.091700 41453.000000 98.740669 40911.136719
1733.599200 40945.000000 97.912415 40853.906250
1735.106600 41199.000000 98.513161 40830.542969
1736.612100 40878.000000 97.850388 40757.031250
1738.117600 40846.000000 96.207260 40735.335938
1739.621300 40919.000000 96.487167 40686.402344
1741.125000 40710.000000 98.722481 40690.726562
1742.626800 40652.000000 98.411263 40638.113281
1744.128400 40597.000000 95.222931 40625.132812
1745.628500 41056.000000 93.191299 40563.839844
1747.128300 40762.000000 93.246284 40544.398438
1748.626300 40788.000000 92.785934 40460.683594
1750.124300 40604.000000 90.391083 40469.343750
1751.620500 40512.000000 90.579887 40436.199219
1753.116600 40541.000000 92.753960 40446.964844
1754.612400 40706.000000 93.686844 40386.191406
1756.105100 40626.000000 91.748062 40379.531250
1757.599100 40570.000000 90.548683 40314.171875
1759.091300 40524.000000 90.419830 40315.687500
1760.582000 40496.000000 90.537514 40241.175781
1762.072400 40677.000000 90.050735 40208.656250
1763.561000 40242.000000 92.497910 40149.320312
1765.049600 40061.000000 95.175377 40168.707031
1766.536500 40318.000000 95.253616 40132.878906
1768.023200 40265.000000 92.831207 40130.953125
1769.508100 40262.000000 91.274094 40066.656250
1770.992900 40208.000000 91.415710 40077.554688
1772.477500 40293.000000 91.032745 40028.910156
1773.959000 40214.000000 88.520676 40033.535156
1775.441700 40138.000000 88.872421 39978.363281
1776.922700 40127.000000 91.333725 39995.476562
1778.402100 40190.000000 93.104469 39947.285156
1779.881300 40085.000000 91.120102 39962.558594
1781.358900 39979.000000 89.899788 39915.171875
1782.836200 40058.000000 90.619980 39934.148438
1784.311900 40121.000000 91.405495 39883.882812
1785.787400 40065.000000 88.853477 39891.203125
1787.262600 39980.000000 89.001389 39843.425781
1788.736200 40020.000000 90.328445 39880.464844
1790.208300 39851.000000 91.449005 39846.960938
1791.679800 40138.000000 88.952148 39846.398438
1793.150000 40022.000000 87.903496 39786.972656
1794.619900 40039.000000 88.113686 39793.843750
1796.089600 39932.000000 88.185135 39743.371094
1797.557600 39855.000000 84.740479 39760.597656
1799.023900 39727.000000 83.588516 39719.207031
1800.490100 39898.000000 84.291489 39744.871094
1801.954600 39726.000000 85.564896 39690.964844
1803.418900 39814.000000 82.804352 39687.875000
1804.883100 39620.000000 82.142014 39634.792969
1806.345500 39871.000000 83.051804 39649.625000
1807.806400 39532.000000 84.559273 39603.824219
1809.266800 39540.000000 81.943535 39629.457031
1810.727400 39525.000000 82.001862 39599.914062
1812.186000 39604.000000 84.394241 39626.761719
1813.643300 39655.000000 87.157310 39583.789062
1815.100100 39684.000000 85.910919 39603.015625
1816.556800 39553.000000 85.403069 39567.281250
1818.010400 39568.000000 84.108444 39623.199219
1819.465300 39681.000000 83.399887 39593.277344
1820.918500 39798.000000 79.424362 39597.652344
1822.370100 39505.000000 78.618782 39542.640625
1823.821400 39770.000000 79.033028 39575.156250
1825.272600 39549.000000 80.155968 39535.953125
1826.722200 39580.000000 77.649300 39542.742188
1828.169900 39431.000000 77.134872 39497.769531
1829.617600 39545.000000 77.265785 39525.355469
1831.065200 39491.000000 77.265030 39490.324219
1832.511000 39365.000000 74.510185 39502.414062
1833.956500 39375.000000 74.369217 39461.796875
1835.400500 39494.000000 75.909027 39487.722656
1836.842900 39633.000000 78.255219 39439.972656
1838.285200 39489.000000 77.208641 39437.414062
1839.727100 39272.000000 78.582581 39393.226562
1841.167400 39575.000000 79.732162 39422.402344
1842.606100 39470.000000 80.612244 39380.269531
1844.044400 39276.000000 78.303505 39371.406250
1845.482800 39385.000000 79.001694 39332.488281
1846.919400 39333.000000 80.854523 39359.203125
1848.356000 39215.000000 82.347549 39325.636719
1849.790800 39378.000000 80.640167 39323.203125
1851.224000 39525.000000 81.502403 39269.765625
1852.656900 39219.000000 82.781342 39303.414062
1854.089700 39292.000000 84.157982 39282.207031
1855.520800 39459.000000 82.219040 39300.687500
1856.951800 39224.000000 82.499466 39280.152344
1858.381100 39301.000000 81.958817 39328.976562
1859.808700 39433.000000 81.684822 39314.886719
1861.236300 39634.000000 78.626129 39302.550781
1862.663500 39510.000000 77.324905 39256.437500
1864.089100 39182.000000 76.023758 39347.960938
1865.514600 39402.000000 74.257362 39355.992188
1866.938500 39297.000000 70.656738 39406.875000
1868.360700 39512.000000 71.791565 39374.875000
1869.784200 39558.000000 75.451431 39422.187500
1871.204500 39460.000000 78.988190 39413.050781
1872.624600 39356.000000 77.109558 39464.605469
1874.044700 39628.000000 74.389442 39436.652344
1875.463000 39609.000000 74.085373 39458.203125
1876.881200 39657.000000 75.598557 39451.175781
1878.297700 39619.000000 76.233994 39461.718750
1879.714100 39487.000000 77.466003 39435.519531
1881.128800 39684.000000 78.127609 39496.050781
1882.541900 39776.000000 77.543053 39448.261719
1883.956200 39870.000000 72.652130 39288.230469
1885.367400 39864.000000 68.172874 39044.656250
1886.778600 39594.000000 81.496819 38895.648438
1888.189500 39909.000000 116.108658 38987.593750
