Raman_Shift Original_Spectrum Predicted_Raman Predicted_Baseline
294.894650 34967.000000 270.967468 34190.324219
297.232540 34915.000000 308.775452 33825.167969
299.568300 34923.000000 314.192444 33913.484375
301.905240 35040.000000 291.324982 34239.507812
304.238400 35105.000000 304.111511 34510.269531
306.571040 34932.000000 315.589417 34438.019531
308.903260 35276.000000 313.506958 34454.265625
311.233340 35114.000000 308.543030 34491.074219
313.562930 34930.000000 315.033142 34413.910156
315.890440 35153.000000 333.147430 34399.859375
318.215790 34942.000000 362.417572 34440.140625
320.540680 34831.000000 409.006073 34430.824219
322.865110 34963.000000 457.046631 34448.957031
325.187410 34920.000000 500.932556 34434.269531
327.509250 35218.000000 545.833679 34486.593750
329.828920 35274.000000 599.741882 34522.773438
332.148160 35314.000000 665.360474 34617.976562
334.465270 35708.000000 737.549683 34709.996094
336.781950 35758.000000 817.932556 34817.937500
339.096470 35938.000000 912.721375 34872.898438
341.408870 36202.000000 1026.486328 34997.019531
343.722530 36509.000000 1159.786621 35107.433594
346.032350 36897.000000 1307.435913 35279.167969
348.341740 37157.000000 1481.039795 35400.222656
350.650670 37624.000000 1695.319092 35600.085938
352.957460 37899.000000 1927.534546 35805.136719
355.263760 38515.000000 2159.321777 36044.957031
357.568020 38702.000000 2398.946777 36184.015625
359.871800 39224.000000 2666.104004 36359.324219
362.173430 39369.000000 2942.321289 36494.128906
364.474640 39690.000000 3216.280518 36663.480469
366.773710 39815.000000 3439.648438 36743.976562
369.072360 39704.000000 3679.631592 36830.976562
371.368870 39859.000000 3859.175781 36893.195312
373.664920 39790.000000 4002.844482 37008.750000
375.958890 40027.000000 3997.813965 37066.085938
378.252380 40053.000000 3929.303223 37125.570312
380.543790 40266.000000 3780.281738 37133.109375
382.834750 40199.000000 3602.307861 37185.933594
385.123570 40100.000000 3361.895996 37153.402344
387.411960 39989.000000 3060.607910 37158.316406
389.698210 39803.000000 2750.175049 37104.925781
391.984070 39603.000000 2478.024658 37118.914062
394.267790 38959.000000 2194.455811 37042.750000
396.551060 38648.000000 1895.065186 37001.828125
398.832210 38276.000000 1616.918213 36951.898438
401.112950 37973.000000 1398.679810 36933.917969
403.391570 37857.000000 1201.645264 36841.039062
405.669770 37686.000000 1042.426636 36783.449219
407.945860 37526.000000 923.995239 36725.062500
410.221470 37269.000000 827.337097 36682.675781
412.495030 37195.000000 737.119995 36593.015625
414.768100 37065.000000 655.896484 36555.765625
417.039090 37031.000000 582.268982 36527.253906
419.309630 36769.000000 520.416870 36525.980469
421.579740 36830.000000 473.363098 36458.062500
423.846100 36899.000000 437.998718 36453.835938
426.113680 36807.000000 418.055359 36445.304688
428.377470 36938.000000 408.962860 36455.039062
430.642520 36772.000000 403.787659 36421.250000
432.905460 36816.000000 392.116638 36423.125000
435.166320 36877.000000 374.641754 36415.019531
437.426700 36742.000000 367.760620 36431.089844
439.685060 36838.000000 368.773987 36390.542969
441.942900 36823.000000 373.384918 36404.449219
444.198730 36961.000000 379.973022 36402.480469
446.454070 36907.000000 388.585266 36424.593750
448.708980 36750.000000 398.987305 36384.183594
450.961820 36880.000000 410.406006 36392.144531
453.212550 36805.000000 423.903473 36385.679688
455.462890 36893.000000 441.753265 36396.093750
457.711120 36944.000000 464.501312 36364.398438
459.958920 36828.000000 479.031250 36380.835938
462.204590 36999.000000 493.794830 36377.484375
464.449890 36894.000000 508.191833 36386.863281
466.694760 37004.000000 532.394470 36354.527344
468.937500 36750.000000 560.419556 36371.949219
471.178160 36932.000000 590.457703 36359.242188
473.418460 36822.000000 620.646790 36373.500000
475.656620 36825.000000 670.495361 36334.718750
477.894380 37108.000000 722.192261 36334.464844
480.131680 36945.000000 757.349976 36338.085938
482.366910 37011.000000 791.162048 36356.679688
484.600040 37192.000000 834.204102 36317.773438
486.832790 37211.000000 892.282593 36309.320312
489.063450 37649.000000 978.119019 36296.214844
491.293670 37531.000000 1084.323975 36306.664062
493.523500 37745.000000 1229.853882 36289.480469
495.751190 38153.000000 1429.816040 36335.015625
497.976840 38649.000000 1680.089233 36424.054688
500.202090 39052.000000 2044.446655 36553.394531
502.426910 39604.000000 2549.145996 36669.953125
504.649660 40551.000000 3317.981934 36846.246094
506.870270 41580.000000 4486.752930 37054.917969
509.090550 42612.000000 6067.714844 37320.398438
511.310360 44322.000000 7659.331055 37451.585938
513.528140 45563.000000 8764.969727 37338.132812
515.743770 45556.000000 8738.994141 37185.078125
517.959110 44486.000000 7530.393066 37120.621094
520.173890 42578.000000 5811.154785 36971.882812
522.386660 40519.000000 4210.969727 36719.640625
524.597410 39236.000000 3071.010986 36476.121094
526.807740 38148.000000 2360.516602 36352.554688
529.017580 37766.000000 1906.925537 36152.933594
531.225400 37293.000000 1588.337646 36031.734375
533.431210 36811.000000 1356.656494 35945.976562
535.636470 36648.000000 1214.699951 35876.976562
537.841430 36395.000000 1110.764893 35777.050781
540.044310 36367.000000 1031.294922 35674.101562
542.245120 36508.000000 992.321289 35622.300781
544.445500 36553.000000 967.909973 35595.882812
546.645450 36231.000000 962.021667 35539.265625
548.843380 36166.000000 964.778503 35517.906250
551.040830 36258.000000 951.301392 35498.277344
553.236330 36308.000000 953.363953 35502.164062
555.429690 36516.000000 975.241089 35454.468750
557.622680 36430.000000 1011.912109 35458.125000
559.815250 36548.000000 1099.021729 35484.207031
562.005800 36862.000000 1232.427979 35571.640625
564.195920 36972.000000 1475.760132 35667.480469
566.383910 37887.000000 1887.391357 35810.386719
568.569950 38764.000000 2571.300293 35958.875000
570.755550 39896.000000 3489.807373 35988.164062
572.940730 40448.000000 4006.856934 35861.722656
575.123900 39651.000000 3681.076172 35822.359375
577.306640 38446.000000 2798.493652 35780.820312
579.487300 37596.000000 2067.748535 35745.535156
581.665950 37011.000000 1606.941162 35583.250000
583.844120 36925.000000 1370.056396 35449.136719
586.021970 36585.000000 1269.146484 35343.699219
588.197750 36556.000000 1246.090454 35284.031250
590.373170 36637.000000 1269.451782 35198.582031
592.546450 36568.000000 1288.697632 35130.292969
594.719420 36335.000000 1319.300781 35097.867188
596.890260 36659.000000 1367.562744 35065.453125
599.059140 36397.000000 1438.937256 35029.335938
601.229190 36327.000000 1547.156128 35007.367188
603.395570 36692.000000 1600.991089 35016.152344
605.561580 36813.000000 1663.042603 35049.093750
607.727170 37039.000000 1754.193115 35038.574219
609.890750 37281.000000 1867.460938 35040.906250
612.053960 37299.000000 2029.275635 35064.601562
614.215030 37495.000000 2233.230957 35142.417969
616.375790 37810.000000 2510.804932 35136.691406
618.534480 37936.000000 2887.418701 35124.542969
620.692750 38447.000000 3295.838623 35133.921875
622.849000 39045.000000 3832.256592 35208.804688
625.004820 39270.000000 4481.648438 35257.148438
627.158750 40099.000000 5469.662598 35240.496094
629.310490 40821.000000 6335.917969 35275.933594
631.463560 41991.000000 7600.893066 35372.335938
633.612920 42923.000000 8977.271484 35610.093750
635.763490 44907.000000 11215.016602 35732.773438
637.910460 47046.000000 13274.934570 35952.386719
640.058650 50269.000000 16549.287109 36325.109375
642.203190 54408.000000 19647.136719 36792.585938
644.348880 59779.000000 24678.048828 37548.554688
646.491030 65914.000000 29785.087891 38344.566406
648.634400 72489.000000 37173.433594 38834.300781
650.774050 79475.000000 43431.800781 39036.257812
652.914980 84983.000000 48757.261719 38328.531250
655.052250 87122.000000 49307.503906 37860.437500
657.190730 83812.000000 44218.632812 37375.843750
659.325620 76938.000000 38421.867188 37044.843750
661.461730 69571.000000 31806.541016 36226.390625
663.594180 62972.000000 26823.941406 36480.101562
665.727910 57584.000000 22385.466797 36991.238281
667.857910 53597.000000 18956.935547 36756.953125
669.989200 50424.000000 15519.498047 36732.210938
672.118470 48011.000000 13170.648438 36977.054688
674.245670 45724.000000 10811.928711 37001.695312
676.372560 44433.000000 9274.906250 36887.648438
678.497380 43132.000000 7554.513184 36713.210938
680.621830 42264.000000 6308.593262 36830.804688
682.744320 41226.000000 5193.932617 36742.281250
684.866390 40529.000000 4530.936523 36490.867188
686.986450 40216.000000 4007.735596 36361.050781
689.106080 39875.000000 3601.895996 36375.878906
691.223750 39570.000000 3366.606201 36326.597656
693.341000 39455.000000 3244.375488 36183.812500
695.457820 39521.000000 3177.409668 36131.757812
697.571110 39622.000000 3186.604248 36204.605469
699.685610 39514.000000 3346.240234 36272.402344
701.798100 39960.000000 3588.551270 36328.613281
703.908570 40379.000000 3952.226562 36398.105469
706.018620 40774.000000 4391.602539 36531.460938
708.126770 41000.000000 4892.916504 36633.976562
710.234380 41343.000000 5212.226074 36586.234375
712.340150 41417.000000 5273.593750 36548.480469
714.445430 41115.000000 4951.047852 36513.328125
716.550350 40455.000000 4438.741211 36533.238281
718.653260 39746.000000 3796.027832 36422.695312
720.754270 39180.000000 3175.165527 36348.714844
722.854800 38586.000000 2650.268555 36243.476562
724.953370 37947.000000 2231.233398 36166.273438
727.051570 37574.000000 1909.952148 35971.285156
729.149350 37126.000000 1624.577148 35859.265625
731.243530 36823.000000 1407.245483 35776.101562
733.338990 36792.000000 1223.509521 35700.539062
735.432370 36498.000000 1051.722534 35565.730469
737.523800 36300.000000 947.152344 35449.574219
739.614870 36180.000000 878.781738 35385.464844
741.705570 35890.000000 821.356567 35342.671875
743.792600 35717.000000 773.408081 35228.574219
745.880920 35582.000000 732.213989 35165.812500
747.967220 35690.000000 706.712708 35131.289062
750.051570 35657.000000 683.686401 35124.808594
752.135500 35546.000000 661.819946 35058.871094
754.219120 35691.000000 615.325500 35025.015625
756.300720 35636.000000 584.438599 35012.156250
758.380310 35491.000000 566.110046 35016.902344
760.459530 35440.000000 550.140503 34963.367188
762.538390 35135.000000 507.186462 34966.476562
764.615300 35399.000000 472.304779 34939.878906
766.690190 35483.000000 447.599060 34940.718750
768.764710 35176.000000 430.083405 34900.218750
770.838810 35324.000000 415.222595 34903.914062
772.909360 35181.000000 401.687927 34898.457031
774.981140 35182.000000 389.874390 34902.800781
777.050960 35217.000000 386.415802 34855.156250
779.120420 35374.000000 380.515106 34861.027344
781.187870 35163.000000 381.934265 34844.531250
783.253420 35200.000000 387.692902 34842.628906
785.318480 35143.000000 392.074982 34798.914062
787.383240 35145.000000 374.711731 34810.562500
789.445980 35024.000000 358.709534 34801.332031
791.506770 35023.000000 345.998108 34807.117188
793.567260 35168.000000 343.363098 34768.671875
795.627260 35301.000000 334.831238 34777.277344
797.685360 35049.000000 330.597168 34757.113281
799.741520 35109.000000 328.169708 34760.730469
801.797240 35075.000000 328.459778 34716.953125
803.852600 35068.000000 313.235229 34735.156250
805.906010 34716.000000 305.423859 34720.746094
807.959050 35195.000000 302.059998 34711.597656
810.010130 34947.000000 305.216583 34685.218750
812.059200 34796.000000 303.464264 34695.046875
814.107970 35051.000000 307.440247 34667.128906
816.156370 35045.000000 311.374512 34659.898438
818.202760 34902.000000 315.167908 34619.242188
820.247190 34842.000000 303.664581 34622.066406
822.292850 34850.000000 298.366333 34597.140625
824.335020 34840.000000 296.358490 34580.601562
826.376770 34914.000000 299.211060 34529.179688
828.418090 34709.000000 292.886505 34531.171875
830.457520 34610.000000 291.635193 34495.617188
832.496640 34681.000000 291.477173 34470.515625
834.533690 34750.000000 293.371704 34422.609375
836.568910 34477.000000 284.855896 34414.085938
838.603700 34556.000000 282.993683 34374.523438
840.638060 34524.000000 281.399261 34344.472656
842.670530 34581.000000 277.308563 34287.027344
844.702640 34357.000000 257.213837 34267.699219
846.732790 34559.000000 241.370270 34213.988281
848.762570 34470.000000 230.242630 34195.496094
850.790470 34265.000000 226.594162 34134.800781
852.816350 34384.000000 222.111404 34123.511719
854.843440 34278.000000 221.772751 34068.820312
856.867070 34374.000000 222.969818 34026.957031
858.890200 34373.000000 223.982452 33935.714844
860.913150 34165.000000 217.032639 33900.761719
862.934020 33932.000000 212.778320 33848.171875
864.954530 33943.000000 211.019241 33828.347656
866.973140 33947.000000 208.706375 33767.285156
868.991390 33749.000000 202.282303 33728.511719
871.007690 34226.000000 201.339111 33653.191406
873.023620 34015.000000 202.215729 33612.949219
875.037660 33790.000000 203.466324 33525.980469
877.051270 33856.000000 193.471848 33507.792969
879.062990 33797.000000 182.884323 33471.582031
881.074340 33744.000000 176.906677 33474.894531
883.083740 33776.000000 174.654251 33382.808594
885.092770 33947.000000 171.918945 33336.789062
887.099850 33687.000000 176.723953 33269.968750
889.104980 33817.000000 183.060318 33269.753906
891.111450 33366.000000 189.088120 33204.382812
893.114260 33467.000000 187.816467 33170.050781
895.118410 33586.000000 185.447586 33107.234375
897.119020 33495.000000 186.467102 33081.621094
899.120790 33415.000000 190.463516 32986.281250
901.119080 33322.000000 191.680038 32948.187500
903.118650 33192.000000 198.180328 32891.742188
905.114620 33226.000000 206.622849 32871.937500
907.111880 33061.000000 214.425415 32784.027344
909.107180 32897.000000 217.391434 32732.292969
911.100520 33186.000000 219.837372 32673.267578
913.093630 32711.000000 224.625885 32665.654297
915.084660 32715.000000 233.541656 32576.917969
917.075380 32935.000000 241.584595 32529.152344
919.064210 32819.000000 252.517136 32457.660156
921.052730 32438.000000 265.705139 32445.730469
923.039310 32730.000000 277.595734 32369.933594
925.025450 32532.000000 282.557678 32335.679688
927.009770 32417.000000 289.460052 32275.214844
928.993650 32559.000000 303.830597 32277.830078
930.975590 32561.000000 324.366882 32207.070312
932.957280 32292.000000 346.000153 32163.429688
934.937010 32466.000000 365.302185 32118.423828
936.916380 32481.000000 387.439911 32124.978516
938.895390 32440.000000 413.983704 32046.791016
940.870970 32311.000000 442.113770 32013.187500
942.847660 32234.000000 478.361572 31996.890625
944.822510 32411.000000 529.640930 32029.941406
946.795470 32346.000000 589.094604 31994.074219
948.768010 32356.000000 664.130127 31993.240234
950.738710 32518.000000 752.008118 32044.445312
952.708980 32667.000000 890.097961 32144.294922
954.677310 33030.000000 1100.421265 32207.167969
956.645390 33571.000000 1430.779175 32258.919922
958.613160 34112.000000 1890.486938 32270.994141
960.578920 34953.000000 2551.230225 32435.361328
962.542720 36074.000000 3462.820801 32647.277344
964.506290 37198.000000 4708.889648 32865.710938
966.467960 38755.000000 6132.461426 33050.308594
968.429260 40083.000000 7448.347656 33095.773438
970.390140 40494.000000 7973.279785 33048.679688
972.347660 39807.000000 7424.497559 33012.074219
974.306270 38360.000000 6217.619629 32866.265625
976.263060 36771.000000 4809.913086 32694.273438
978.218020 35282.000000 3528.561035 32501.341797
980.172490 34209.000000 2572.513428 32332.291016
982.125120 33540.000000 1905.950928 32140.683594
984.077390 33272.000000 1477.943726 32069.654297
986.029360 32708.000000 1184.313477 31953.285156
987.979370 32268.000000 952.004578 31850.845703
989.927490 32212.000000 794.121948 31789.671875
991.875310 32011.000000 685.114624 31751.775391
993.822750 31867.000000 605.425293 31672.765625
995.768370 31752.000000 546.525024 31587.935547
997.711980 31704.000000 505.098389 31498.478516
999.655270 31427.000000 478.394440 31466.423828
1001.596700 31547.000000 461.951324 31418.494141
1003.537700 31507.000000 440.313965 31379.335938
1005.478600 31208.000000 424.394287 31328.681641
1007.417400 31491.000000 417.390808 31313.757812
1009.354300 31612.000000 418.644775 31266.675781
1011.291000 31391.000000 410.173157 31195.912109
1013.227200 31254.000000 406.698547 31139.181641
1015.161600 31338.000000 407.850311 31145.546875
1017.094100 31232.000000 412.885834 31125.166016
1019.026200 31297.000000 414.039398 31077.941406
1020.958000 31313.000000 420.511169 31018.890625
1022.888000 31081.000000 434.402588 31010.041016
1024.816000 31254.000000 457.401459 30965.314453
1026.743800 31076.000000 476.230621 30932.554688
1028.671100 31072.000000 489.681976 30933.550781
1030.596600 31111.000000 507.550598 30987.072266
1032.521700 31263.000000 527.483704 30994.185547
1034.444900 31319.000000 549.177002 30969.785156
1036.366300 31569.000000 574.785400 30940.390625
1038.287400 31448.000000 610.935242 30960.390625
1040.208100 31336.000000 657.827698 30941.847656
1042.127000 31339.000000 712.567322 30937.738281
1044.043800 31417.000000 766.549805 30977.632812
1045.960400 31546.000000 838.945129 31054.906250
1047.876700 31747.000000 916.879028 31073.689453
1049.791000 31698.000000 1013.838074 31086.917969
1051.705100 32058.000000 1135.698853 31121.929688
1053.617300 32216.000000 1295.748657 31216.660156
1055.527600 32367.000000 1494.130493 31287.234375
1057.437500 32480.000000 1757.347900 31346.544922
1059.347300 33115.000000 2039.178955 31424.125000
1061.255000 33278.000000 2362.448242 31540.126953
1063.162500 33604.000000 2703.503174 31648.718750
1065.068000 34157.000000 3091.869629 31724.898438
1066.971700 34658.000000 3457.417236 31742.257812
1068.875000 35049.000000 3793.390625 31760.927734
1070.778100 35418.000000 3998.279297 31767.656250
1072.679200 35462.000000 4058.715332 31739.169922
1074.580000 35130.000000 3948.322754 31659.984375
1076.479000 34771.000000 3692.384766 31665.722656
1078.377600 34202.000000 3320.697266 31625.705078
1080.274400 34008.000000 2918.011963 31536.207031
1082.169200 33610.000000 2559.827637 31406.656250
1084.065300 33138.000000 2271.078369 31329.835938
1085.958000 32656.000000 2004.771118 31225.394531
1087.850300 32333.000000 1745.147095 31151.041016
1089.742400 32190.000000 1513.115234 31109.451172
1091.632600 32055.000000 1321.176025 31060.648438
1093.522500 31880.000000 1169.086914 31017.380859
1095.410400 31756.000000 1043.401123 30960.441406
1097.298100 31792.000000 954.049927 30923.791016
1099.183800 31520.000000 884.364624 30891.162109
1101.069300 31554.000000 830.996765 30838.316406
1102.952900 31334.000000 779.369629 30788.171875
1104.834600 31297.000000 757.716125 30790.451172
1106.717700 31513.000000 750.037231 30761.992188
1108.597200 31433.000000 749.215027 30706.417969
1110.477900 31110.000000 742.614685 30655.179688
1112.355300 31265.000000 733.740356 30639.748047
1114.232300 31148.000000 736.241638 30644.537109
1116.109100 31217.000000 755.523743 30628.730469
1117.984000 31255.000000 773.668457 30569.927734
1119.858500 30960.000000 794.626648 30595.888672
1121.731300 31274.000000 820.583313 30608.498047
1123.603600 31157.000000 851.894653 30602.953125
1125.474100 31307.000000 877.745728 30525.304688
1127.344400 31362.000000 904.330566 30478.697266
1129.212600 31243.000000 947.275757 30445.298828
1131.080700 31298.000000 1008.495972 30420.275391
1132.946900 31163.000000 1087.751953 30369.443359
1134.812700 31176.000000 1157.719727 30378.537109
1136.676800 31325.000000 1243.845459 30392.470703
1138.540400 31324.000000 1338.531616 30411.611328
1140.402300 31749.000000 1445.017212 30367.597656
1142.263800 31595.000000 1556.613647 30371.763672
1144.123400 32166.000000 1697.666748 30395.291016
1145.982800 32040.000000 1881.508179 30445.150391
1147.841800 32251.000000 2164.968018 30444.601562
1149.697500 32917.000000 2448.252686 30487.798828
1151.554400 33057.000000 2790.446777 30547.408203
1153.407800 33387.000000 3169.953125 30616.660156
1155.262600 34060.000000 3655.980957 30602.027344
1157.115500 34657.000000 4125.563477 30593.001953
1158.966400 35023.000000 4600.944336 30562.130859
1160.817100 35512.000000 4983.110352 30562.037109
1162.666000 35856.000000 5345.680176 30446.263672
1164.514500 35680.000000 5418.541992 30273.701172
1166.361300 35410.000000 5390.133301 30176.121094
1168.207600 35294.000000 5192.160645 30123.236328
1170.052200 34775.000000 5049.585449 30007.916016
1171.896500 34714.000000 4959.991211 29875.492188
1173.740400 34729.000000 4968.416992 29768.388672
1175.580900 34761.000000 5030.350098 29688.597656
1177.422900 35171.000000 5321.478516 29458.869141
1179.262700 35494.000000 5638.432617 29328.449219
1181.100700 35847.000000 6294.667969 29267.900391
1182.938600 36635.000000 7080.307129 29303.054688
1184.774500 37513.000000 8383.091797 29297.849609
1186.610200 39007.000000 9653.325195 29502.195312
1188.444000 40277.000000 11321.958008 29859.693359
1190.277500 42583.000000 13003.408203 30335.923828
1192.110700 44503.000000 15032.041016 30659.058594
1193.942000 46172.000000 16571.011719 30932.695312
1195.771600 47304.000000 17823.796875 30990.744141
1197.600700 47809.000000 18222.773438 30933.023438
1199.428100 47719.000000 17853.708984 30650.000000
1201.255200 47133.000000 16953.568359 30522.314453
1203.082000 46004.000000 15463.268555 30477.677734
1204.907000 44219.000000 13770.598633 30422.761719
1206.730100 42390.000000 12076.908203 30239.617188
1208.552900 40893.000000 10608.271484 30317.958984
1210.373900 40008.000000 9627.692383 30322.992188
1212.194600 39339.000000 9076.806641 30189.675781
1214.015000 39434.000000 9115.341797 30137.285156
1215.833500 39658.000000 9317.320312 30401.453125
1217.650300 40557.000000 10172.863281 30720.267578
1219.466700 42084.000000 11334.875977 31191.802734
1221.281300 43900.000000 13279.026367 31767.093750
1223.095600 46404.000000 15427.929688 32463.861328
1224.909500 49178.000000 18181.078125 32900.773438
1226.721700 51506.000000 20315.537109 33099.437500
1228.532000 52680.000000 21563.212891 32988.195312
1230.342000 52763.000000 21259.277344 32828.871094
1232.151700 51167.000000 19211.830078 32648.091797
1233.959700 48570.000000 16693.603516 32393.912109
1235.765900 45700.000000 13728.664062 31985.603516
1237.571700 42987.000000 11218.592773 32021.976562
1239.377100 40920.000000 9258.672852 32088.960938
1241.180800 39419.000000 7913.664062 32022.769531
1242.982700 38450.000000 6952.290527 32020.164062
1244.784200 38000.000000 6438.870605 32185.900391
1246.585300 37859.000000 6335.917969 32252.966797
1248.384900 37981.000000 6481.282227 32219.658203
1250.182500 38361.000000 7216.082031 32106.255859
1251.979700 39100.000000 7954.246094 32222.832031
1253.776900 40418.000000 9226.540039 32277.583984
1255.572000 41519.000000 10491.091797 32347.193359
1257.365500 42933.000000 12486.142578 32418.468750
1259.160000 45418.000000 14390.674805 32538.156250
1260.951300 48717.000000 17413.753906 32826.570312
1262.742300 52922.000000 20820.966797 33331.328125
1264.533100 58274.000000 26388.871094 34059.644531
1266.322000 64535.000000 31923.687500 35052.382812
1268.109000 70676.000000 39049.863281 35112.742188
1269.895800 76436.000000 43984.105469 34634.421875
1271.682400 78493.000000 45083.945312 33876.812500
1273.466900 76042.000000 41966.363281 33608.351562
1275.251500 69881.000000 35608.425781 33013.972656
1277.033900 62817.000000 29723.400391 32841.050781
1278.814700 56517.000000 23666.324219 32529.384766
1280.595200 51439.000000 19355.365234 32858.027344
1282.375400 47233.000000 15692.724609 33253.941406
1284.153800 44058.000000 13036.166016 33024.832031
1285.931900 41872.000000 10512.529297 33029.925781
1287.708100 40208.000000 8884.451172 33437.335938
1289.482500 38908.000000 7250.228027 33608.167969
1291.256800 38058.000000 6247.871094 33658.464844
1293.030600 37364.000000 5194.143555 33731.328125
1294.802900 37092.000000 4421.525879 34000.539062
1296.574600 36783.000000 3799.682129 34049.640625
1298.344600 36366.000000 3430.723389 33968.531250
1300.114400 35978.000000 3148.210449 33945.679688
1301.882300 36142.000000 2933.940918 34028.820312
1303.648300 36131.000000 2810.925537 34100.320312
1305.415800 36128.000000 2764.415527 34051.152344
1307.179700 36117.000000 2740.924316 34018.277344
1308.943500 36471.000000 2770.384277 34110.117188
1310.707000 36380.000000 2865.808105 34215.207031
1312.468600 36283.000000 3030.229736 34222.058594
1314.230000 36844.000000 3276.906982 34235.761719
1315.989500 37164.000000 3494.092529 34350.613281
1317.748800 37819.000000 3927.861328 34485.656250
1319.506200 38551.000000 4514.570801 34663.753906
1321.263400 39603.000000 5620.778320 34839.632812
1323.018900 40772.000000 6986.713867 35096.839844
1324.774000 42959.000000 8918.795898 35578.269531
1326.527300 45369.000000 11106.796875 36055.265625
1328.278900 48086.000000 13899.674805 36532.453125
1330.031700 50696.000000 16419.365234 36903.820312
1331.781100 53072.000000 18879.714844 36893.937500
1333.531900 54208.000000 19879.753906 36706.835938
1335.279300 53533.000000 18846.970703 36331.875000
1337.027800 51454.000000 16777.271484 36057.605469
1338.773200 48683.000000 13925.456055 35769.304688
1340.518300 45688.000000 11206.137695 35638.199219
1342.263100 43405.000000 8780.036133 35291.984375
1344.006000 41201.000000 6990.020996 35073.550781
1345.748700 40052.000000 5689.012695 34984.070312
1347.489500 39099.000000 4767.847168 34837.558594
1349.230200 38448.000000 4042.899658 34738.156250
1350.969100 37829.000000 3503.771973 34782.078125
1352.707500 37755.000000 3148.150879 34762.898438
1354.445900 37670.000000 2938.944824 34661.859375
1356.180900 37628.000000 2912.818848 34517.886719
1357.917000 37653.000000 2989.919434 34505.968750
1359.649900 37785.000000 3219.666016 34485.167969
1361.384200 37975.000000 3553.333252 34429.871094
1363.115000 38453.000000 4151.291504 34392.500000
1364.847000 38807.000000 4779.665527 34512.128906
1366.577400 39655.000000 5815.665527 34715.757812
1368.305900 40761.000000 7026.683594 35052.308594
1370.034300 42383.000000 8904.921875 35454.582031
1371.760600 44911.000000 11043.955078 35923.351562
1373.486900 47305.000000 13761.697266 36528.445312
1375.211300 50189.000000 16239.293945 37022.406250
1376.935400 52739.000000 18335.775391 37008.234375
1378.657800 53862.000000 18984.460938 36842.457031
1380.380000 52673.000000 17423.542969 36616.148438
1382.100200 49948.000000 14970.854492 36467.085938
1383.820300 47054.000000 11841.099609 36047.746094
1385.540200 44517.000000 9275.154297 35908.125000
1387.256500 42160.000000 7218.868164 35841.062500
1388.974200 40752.000000 5569.615723 35679.070312
1390.690300 39294.000000 4261.503906 35559.585938
1392.404400 38594.000000 3339.933594 35555.480469
1394.118400 37905.000000 2704.906982 35565.042969
1395.830400 37442.000000 2309.146973 35447.300781
1397.542200 37216.000000 2031.977173 35315.292969
1399.252300 37040.000000 1820.741211 35283.640625
1400.962200 36578.000000 1674.708008 35234.257812
1402.671800 36403.000000 1566.462769 35107.742188
1404.379500 36433.000000 1499.820435 35028.863281
1406.085600 36392.000000 1464.266479 35024.164062
1407.791300 36232.000000 1428.529541 35020.320312
1409.495200 36207.000000 1426.719360 34948.371094
1411.199000 36359.000000 1416.571167 34916.582031
1412.902500 36167.000000 1411.396118 34924.347656
1414.604000 36333.000000 1409.205322 34934.128906
1416.304000 36464.000000 1450.231323 34861.906250
1418.003700 36178.000000 1480.533447 34838.128906
1419.701500 36261.000000 1483.767822 34831.906250
1421.399000 35990.000000 1489.923096 34858.968750
1423.096400 35835.000000 1521.718872 34798.621094
1424.792000 36049.000000 1560.419312 34776.976562
1426.485700 36022.000000 1604.068970 34820.980469
1428.179300 36061.000000 1667.355713 34887.332031
1429.871100 36170.000000 1755.054443 34874.960938
1431.562500 36313.000000 1868.982788 34883.632812
1433.253900 36420.000000 1956.053345 34926.718750
1434.943400 36532.000000 2089.356201 35004.207031
1436.631000 36903.000000 2260.822510 35003.460938
1438.318500 37019.000000 2519.387451 35013.402344
1440.005600 37265.000000 2819.543213 35035.515625
1441.691000 37681.000000 3250.053223 35186.253906
1443.374800 38350.000000 3804.066406 35343.542969
1445.058200 39275.000000 4596.886230 35456.222656
1446.741300 40091.000000 5429.810059 35628.351562
1448.422900 41243.000000 6578.963867 35944.734375
1450.102400 42680.000000 7882.340820 36289.679688
1451.781700 44570.000000 9797.310547 36559.539062
1453.460900 46637.000000 11751.556641 36919.417969
1455.138200 48679.000000 14161.848633 37438.964844
1456.813800 51531.000000 16269.958984 37829.398438
1458.489100 53755.000000 18603.158203 37926.363281
1460.164300 55327.000000 20046.751953 37893.804688
1461.837600 56013.000000 20603.037109 37772.324219
1463.509200 55454.000000 20135.056641 37725.882812
1465.180500 54131.000000 18654.183594 37341.636719
1466.851600 51916.000000 16846.906250 37179.191406
1468.520900 49735.000000 14652.982422 37075.375000
1470.189900 47980.000000 12493.060547 36897.214844
1471.857200 46152.000000 10349.047852 36593.167969
1473.522800 44122.000000 8657.005859 36367.089844
1475.188100 42717.000000 7233.868652 36224.968750
1476.853100 41124.000000 6091.502930 35952.898438
1478.516500 40187.000000 5028.917969 35732.066406
1480.178000 39502.000000 4196.884277 35668.417969
1481.839200 38413.000000 3564.182861 35590.027344
1483.500400 38070.000000 3112.405762 35419.929688
1485.159700 37472.000000 2757.993408 35259.824219
1486.818600 37265.000000 2441.063232 35206.593750
1488.476000 36770.000000 2207.225098 35128.125000
1490.131500 36731.000000 2056.116699 34967.496094
1491.788300 36404.000000 1940.060303 34876.101562
1493.441800 36354.000000 1853.928345 34863.386719
1495.095100 36218.000000 1791.410156 34831.164062
1496.748000 36154.000000 1768.991577 34748.703125
1498.399400 36316.000000 1745.530518 34702.195312
1500.050400 36128.000000 1697.481812 34731.800781
1501.699700 36089.000000 1670.801147 34761.941406
1503.347300 36238.000000 1667.135498 34708.308594
1504.996100 36133.000000 1663.405518 34687.535156
1506.641600 35930.000000 1682.800049 34737.472656
1508.287000 36183.000000 1728.683838 34817.421875
1509.932000 36156.000000 1801.127930 34814.277344
1511.575300 36116.000000 1883.981445 34832.535156
1513.218500 36661.000000 1964.206055 34908.164062
1514.859700 36551.000000 2084.604980 35021.937500
1516.500900 36868.000000 2249.881348 35041.390625
1518.140300 37317.000000 2502.783203 35068.800781
1519.777800 37526.000000 2765.063477 35105.500000
1521.416700 37840.000000 3164.618652 35250.855469
1523.052200 38760.000000 3680.897217 35399.195312
1524.689200 39297.000000 4478.751465 35496.515625
1526.322800 39943.000000 5346.523926 35682.867188
1527.956200 41320.000000 6570.029785 36008.984375
1529.589400 42913.000000 7980.630371 36442.171875
1531.220800 44884.000000 10079.814453 36788.050781
1532.851900 47428.000000 12195.834961 37211.410156
1534.481400 50145.000000 14891.458008 37774.238281
1536.110600 52645.000000 17216.664062 38191.093750
1537.738000 55193.000000 19861.324219 38382.339844
1539.365200 57455.000000 21770.408203 38461.351562
1540.990700 58617.000000 23289.117188 38367.660156
1542.616000 59265.000000 23674.933594 38339.148438
1544.239500 58749.000000 22937.503906 38017.867188
1545.862700 57155.000000 21505.181641 37790.449219
1547.484400 54848.000000 19136.666016 37661.941406
1549.105600 51971.000000 16641.824219 37509.640625
1550.725100 49251.000000 13881.955078 37125.757812
1552.344500 46650.000000 11577.541992 36885.863281
1553.962000 44359.000000 9439.375000 36762.527344
1555.579300 42816.000000 7735.811523 36463.195312
1557.195100 41347.000000 6148.983398 36195.855469
1558.810400 40126.000000 4952.550293 36121.156250
1560.424100 39205.000000 4024.980469 36027.808594
1562.037500 38479.000000 3370.271484 35840.375000
1563.649200 37803.000000 2810.908936 35663.519531
1565.260600 37183.000000 2353.413818 35582.046875
1566.870500 36844.000000 2012.791626 35484.625000
1568.479900 36642.000000 1771.739868 35288.906250
1570.089100 36409.000000 1579.974854 35173.085938
1571.695200 35975.000000 1431.047729 35108.199219
1573.302500 36133.000000 1317.255127 35034.964844
1574.906500 35860.000000 1222.753174 34923.031250
1576.511800 35697.000000 1112.019409 34859.601562
1578.115500 35711.000000 1026.712769 34824.835938
1579.717400 35403.000000 957.569458 34828.011719
1581.319100 35426.000000 904.735474 34738.714844
1582.919100 35630.000000 831.156128 34700.488281
1584.518700 35137.000000 777.729736 34690.730469
1586.116600 35355.000000 740.922791 34687.937500
1587.714500 35195.000000 699.726440 34623.367188
1589.310500 35205.000000 644.207458 34599.324219
1590.906300 35099.000000 607.464294 34581.054688
1592.501800 35103.000000 580.359131 34579.785156
1594.095700 34829.000000 559.588257 34538.964844
1595.687900 34823.000000 521.280823 34536.597656
1597.279700 34833.000000 491.496094 34523.003906
1598.869900 34766.000000 472.242828 34520.363281
1600.459700 34820.000000 454.544281 34466.347656
1602.048100 34724.000000 423.619720 34474.535156
1603.636000 34655.000000 400.640076 34458.964844
1605.223900 34775.000000 382.704346 34468.085938
1606.809800 34467.000000 373.547974 34441.937500
1608.394200 34708.000000 350.508972 34460.210938
1609.978300 34503.000000 329.185364 34458.230469
1611.560700 34567.000000 315.369171 34468.378906
1613.142900 34807.000000 305.067352 34422.703125
1614.724700 34767.000000 288.578674 34431.375000
1616.304900 34550.000000 278.928406 34420.648438
1617.883500 34727.000000 271.274109 34435.039062
1619.461800 34611.000000 265.302032 34409.113281
1621.038300 34696.000000 252.838821 34418.773438
1622.614700 34782.000000 244.518188 34407.238281
1624.190800 34614.000000 241.111053 34426.093750
1625.765300 34742.000000 238.650269 34388.023438
1627.337900 34749.000000 229.095245 34409.429688
1628.910400 34613.000000 225.316498 34398.195312
1630.482700 34790.000000 222.356567 34403.316406
1632.053200 34769.000000 216.850800 34367.949219
1633.622100 34688.000000 199.186737 34396.191406
1635.190600 34484.000000 184.859695 34392.226562
1636.759000 34562.000000 177.206757 34403.933594
1638.325700 34709.000000 173.739670 34373.121094
1639.890700 34734.000000 169.418579 34379.320312
1641.455400 34727.000000 168.867706 34361.117188
1643.019900 34538.000000 168.459106 34375.640625
1644.582800 34487.000000 169.229294 34342.308594
1646.143900 34403.000000 165.847519 34361.148438
1647.704700 34556.000000 166.976654 34350.253906
1649.265500 34630.000000 169.350067 34358.957031
1650.824500 34522.000000 172.644791 34321.386719
1652.381600 34587.000000 170.431290 34336.101562
1653.938700 34618.000000 171.576508 34328.625000
1655.495500 34572.000000 173.094269 34342.554688
1657.050700 34465.000000 175.947327 34300.378906
1658.604100 34498.000000 176.306870 34306.054688
1660.157200 34614.000000 180.878265 34274.566406
1661.710200 34471.000000 184.283936 34280.109375
1663.261500 34228.000000 187.527634 34241.093750
1664.811200 34338.000000 182.967117 34246.257812
1666.361900 34251.000000 182.775421 34220.996094
1667.909700 34276.000000 183.284027 34195.847656
1669.457200 34447.000000 183.251465 34141.562500
1671.004300 34099.000000 176.804001 34147.761719
1672.549900 34089.000000 173.636917 34116.121094
1674.093600 34054.000000 170.701370 34103.644531
1675.637300 34160.000000 170.169159 34054.039062
1677.180800 34084.000000 167.029785 34042.339844
1678.722400 34221.000000 168.785950 33992.792969
1680.263900 34105.000000 169.374863 33974.890625
1681.803700 33953.000000 169.440048 33915.664062
1683.341800 34023.000000 162.975784 33916.914062
1684.881200 33974.000000 158.831390 33885.000000
1686.417500 33970.000000 155.960205 33876.746094
1687.953400 33934.000000 154.483719 33814.078125
1689.489100 34015.000000 151.041336 33796.351562
1691.023200 34020.000000 152.646637 33747.054688
1692.557100 33802.000000 154.312469 33735.414062
1694.089200 33782.000000 153.664902 33668.230469
1695.619800 33720.000000 145.784027 33662.789062
1697.151500 33669.000000 140.126648 33619.722656
1698.680200 33717.000000 135.682892 33611.257812
1700.208500 33551.000000 132.658157 33576.476562
1701.736600 33395.000000 128.966965 33578.652344
1703.263100 33788.000000 128.727646 33537.617188
1704.789300 33574.000000 129.823273 33527.511719
1706.314000 33639.000000 128.125626 33459.218750
1707.838100 33692.000000 119.077286 33458.382812
1709.361000 33459.000000 112.019325 33417.527344
1710.883300 33593.000000 106.981552 33399.578125
1712.404100 33548.000000 104.744736 33335.800781
1713.923100 33448.000000 103.272461 33320.042969
1715.443500 33486.000000 103.531189 33268.656250
1716.960700 33140.000000 104.392441 33265.011719
1718.479100 33382.000000 102.704819 33199.917969
1719.994500 33333.000000 97.627647 33193.484375
1721.509600 33211.000000 94.673790 33144.570312
1723.024400 33127.000000 92.801735 33158.152344
1724.537600 33193.000000 90.886955 33111.632812
1726.050700 33321.000000 88.328293 33105.316406
1727.561900 33266.000000 88.397827 33042.085938
1729.073000 33183.000000 89.493019 33047.250000
1730.582400 33162.000000 89.184021 32978.687500
1732.091700 33345.000000 85.832748 32962.125000
1733.599200 32874.000000 85.334488 32896.742188
1735.106600 33138.000000 85.754044 32891.238281
1736.612100 32945.000000 85.119598 32832.476562
1738.117600 32921.000000 83.522667 32805.253906
1739.621300 32949.000000 83.650414 32745.324219
1741.125000 32749.000000 85.702797 32761.154297
1742.626800 32756.000000 85.549789 32714.171875
1744.128400 32653.000000 82.572128 32711.662109
1745.628500 32908.000000 81.383896 32654.607422
1747.128300 32851.000000 82.019691 32649.146484
1748.626300 32709.000000 82.363754 32590.005859
1750.124300 32705.000000 80.998352 32594.771484
1751.620500 32729.000000 80.904449 32563.757812
1753.116600 32565.000000 82.361130 32586.667969
1754.612400 32872.000000 83.079002 32532.396484
1756.105100 32771.000000 81.335083 32519.230469
1757.599100 32645.000000 80.939301 32458.078125
1759.091300 32646.000000 81.296837 32478.046875
1760.582000 32552.000000 81.711273 32430.308594
1762.072400 32684.000000 80.724899 32413.195312
1763.561000 32407.000000 81.587776 32358.757812
1765.049600 32303.000000 83.188843 32385.544922
1766.536500 32477.000000 83.987595 32347.796875
1768.023200 32518.000000 82.475647 32334.996094
1769.508100 32263.000000 81.441483 32281.986328
1770.992900 32337.000000 81.574898 32311.107422
1772.477500 32416.000000 81.869278 32277.857422
1773.959000 32371.000000 80.171036 32268.156250
1775.441700 32305.000000 80.717697 32215.710938
1776.922700 32168.000000 82.693954 32252.111328
1778.402100 32391.000000 83.879128 32220.615234
1779.881300 32206.000000 81.628342 32223.585938
1781.358900 32238.000000 80.616653 32173.142578
1782.836200 32218.000000 81.433395 32205.822266
1784.311900 32254.000000 82.772125 32169.017578
1785.787400 32244.000000 80.480400 32173.601562
1787.262600 32153.000000 80.945114 32128.400391
1788.736200 32251.000000 82.504013 32161.800781
1790.208300 32078.000000 84.607040 32139.925781
1791.679800 32326.000000 82.810410 32138.234375
1793.150000 32163.000000 81.780220 32088.611328
1794.619900 32128.000000 81.720169 32107.945312
1796.089600 32290.000000 81.799370 32068.144531
1797.557600 31996.000000 78.833115 32077.136719
1799.023900 32011.000000 77.624878 32032.896484
1800.490100 32092.000000 77.737015 32062.023438
1801.954600 32005.000000 79.188271 32027.609375
1803.418900 32095.000000 76.791031 32015.748047
1804.883100 31786.000000 76.241341 31968.962891
1806.345500 32063.000000 76.249893 31990.601562
1807.806400 31930.000000 77.182129 31951.099609
1809.266800 31878.000000 74.660385 31946.074219
1810.727400 31797.000000 74.826401 31903.482422
1812.186000 31846.000000 76.558075 31934.218750
1813.643300 31816.000000 78.766685 31904.197266
1815.100100 31909.000000 77.305779 31903.304688
1816.556800 31789.000000 77.293198 31859.476562
1818.010400 31704.000000 76.318321 31901.972656
1819.465300 31837.000000 75.348228 31885.816406
1820.918500 31925.000000 71.312851 31883.296875
1822.370100 31748.000000 70.327988 31834.779297
1823.821400 31910.000000 70.179932 31853.873047
1825.272600 31793.000000 71.229111 31813.974609
1826.722200 31768.000000 69.068993 31806.482422
1828.169900 31612.000000 68.876617 31761.917969
1829.617600 31612.000000 68.950272 31799.527344
1831.065200 31805.000000 68.757141 31769.185547
1832.511000 31495.000000 66.069687 31772.101562
1833.956500 31699.000000 65.742981 31731.152344
1835.400500 31715.000000 66.733543 31763.427734
1836.842900 31935.000000 68.695686 31723.537109
1838.285200 31668.000000 67.206253 31714.861328
1839.727100 31510.000000 68.170761 31675.921875
1841.167400 31789.000000 68.942123 31698.818359
1842.606100 31697.000000 70.321754 31653.843750
1844.044400 31459.000000 68.414421 31626.628906
1845.482800 31424.000000 69.398354 31600.375000
1846.919400 31564.000000 71.237595 31638.269531
1848.356000 31577.000000 73.261459 31614.273438
1849.790800 31601.000000 72.010902 31602.835938
1851.224000 31835.000000 72.560890 31562.220703
1852.656900 31439.000000 72.757355 31602.615234
1854.089700 31643.000000 73.488647 31586.333984
1855.520800 31711.000000 71.713493 31598.058594
1856.951800 31506.000000 72.954300 31582.781250
1858.381100 31582.000000 73.408539 31633.744141
1859.808700 31814.000000 73.761703 31623.447266
1861.236300 31698.000000 70.544380 31613.703125
1862.663500 31745.000000 68.678627 31587.800781
1864.089100 31578.000000 66.691299 31670.537109
1865.514600 31678.000000 65.189926 31672.621094
1866.938500 31729.000000 61.798340 31695.412109
1868.360700 31845.000000 63.178307 31660.109375
1869.784200 31715.000000 66.772240 31704.421875
1871.204500 31663.000000 70.075760 31691.716797
1872.624600 31534.000000 68.039536 31734.761719
1874.044700 31738.000000 65.591118 31715.892578
1875.463000 31935.000000 65.486717 31728.242188
1876.881200 31754.000000 67.664932 31725.619141
1878.297700 31710.000000 68.562729 31734.689453
1879.714100 31837.000000 69.680496 31714.667969
1881.128800 31847.000000 70.495346 31760.794922
1882.541900 31921.000000 69.948402 31717.332031
1883.956200 31963.000000 65.238937 31585.019531
1885.367400 31982.000000 59.765381 31348.253906
1886.778600 31890.000000 67.920662 31164.388672
1888.189500 32049.000000 95.337593 31179.640625
