Raman_Shift Original_Spectrum Predicted_Raman Predicted_Baseline
294.894650 36918.000000 347.179993 36030.574219
297.232540 36884.000000 382.256470 35720.164062
299.568300 36687.000000 396.147980 35775.687500
301.905240 36964.000000 368.949951 36073.746094
304.238400 36887.000000 385.079651 36374.050781
306.571040 36722.000000 406.237579 36287.269531
308.903260 37183.000000 409.890717 36295.273438
311.233340 37156.000000 409.238678 36354.367188
313.562930 36843.000000 420.493958 36286.445312
315.890440 36974.000000 444.212158 36270.671875
318.215790 36821.000000 477.664154 36308.328125
320.540680 36949.000000 538.583618 36318.011719
322.865110 37002.000000 611.611938 36350.394531
325.187410 37066.000000 677.662292 36334.960938
327.509250 37447.000000 746.430115 36372.296875
329.828920 37588.000000 823.346802 36414.476562
332.148160 37632.000000 918.625977 36520.097656
334.465270 38118.000000 1024.175903 36605.558594
336.781950 38211.000000 1142.058105 36695.632812
339.096470 38417.000000 1288.430176 36758.906250
341.408870 38944.000000 1465.444702 36888.835938
343.722530 39257.000000 1665.531860 36989.773438
346.032350 39735.000000 1879.545898 37154.328125
348.341740 40071.000000 2116.900146 37298.597656
350.650670 40506.000000 2401.872803 37525.285156
352.957460 40902.000000 2705.807861 37688.343750
355.263760 41347.000000 3008.487793 37873.679688
357.568020 41450.000000 3285.482422 38003.054688
359.871800 41663.000000 3591.105469 38181.558594
362.173430 42018.000000 3883.553955 38292.621094
364.474640 42369.000000 4178.136230 38446.617188
366.773710 42436.000000 4390.424316 38540.441406
369.072360 42377.000000 4608.492676 38669.277344
371.368870 42553.000000 4739.960449 38743.179688
373.664920 42672.000000 4823.667480 38885.023438
375.958890 42869.000000 4739.647949 38971.980469
378.252380 42974.000000 4613.655762 39082.765625
380.543790 43163.000000 4419.518066 39117.757812
382.834750 43098.000000 4203.934082 39227.699219
385.123570 43089.000000 3914.783203 39218.378906
387.411960 42889.000000 3572.895752 39245.968750
389.698210 42662.000000 3232.685791 39234.210938
391.984070 42439.000000 2950.173340 39279.609375
394.267790 41886.000000 2658.925293 39230.578125
396.551060 41536.000000 2356.889648 39236.937500
398.832210 41298.000000 2064.982422 39221.097656
401.112950 41025.000000 1842.031860 39237.644531
403.391570 41018.000000 1627.373047 39161.128906
405.669770 40707.000000 1448.272217 39133.375000
407.945860 40667.000000 1293.594849 39105.902344
410.221470 40346.000000 1165.311890 39104.035156
412.495030 40178.000000 1034.863525 39033.250000
414.768100 39932.000000 922.232117 39019.203125
417.039090 39928.000000 824.957703 38996.007812
419.309630 39660.000000 746.321045 38991.562500
421.579740 39468.000000 672.123108 38923.816406
423.846100 39513.000000 619.231812 38910.992188
426.113680 39573.000000 587.398560 38897.785156
428.377470 39635.000000 570.060303 38920.191406
430.642520 39479.000000 554.525696 38875.304688
432.905460 39635.000000 534.289368 38874.035156
435.166320 39486.000000 509.864929 38869.285156
437.426700 39494.000000 497.871094 38896.910156
439.685060 39524.000000 491.831787 38858.722656
441.942900 39408.000000 495.966553 38861.636719
444.198730 39453.000000 498.939301 38864.277344
446.454070 39454.000000 502.945801 38886.957031
448.708980 39417.000000 509.036621 38846.859375
450.961820 39521.000000 517.896667 38843.121094
453.212550 39297.000000 523.829895 38835.136719
455.462890 39255.000000 537.099548 38853.250000
457.711120 39360.000000 554.599365 38819.675781
459.958920 39253.000000 567.064941 38825.210938
462.204590 39419.000000 578.328247 38839.933594
464.449890 39540.000000 590.045837 38866.730469
466.694760 39675.000000 613.440002 38835.964844
468.937500 39396.000000 643.825806 38842.292969
471.178160 39423.000000 674.687866 38833.593750
473.418460 39364.000000 705.375793 38843.414062
475.656620 39276.000000 756.081116 38795.390625
477.894380 39509.000000 811.476624 38783.304688
480.131680 39433.000000 843.622070 38760.437500
482.366910 39417.000000 875.394226 38774.773438
484.600040 39406.000000 918.325378 38719.019531
486.832790 39714.000000 979.913940 38684.691406
489.063450 39903.000000 1073.586182 38643.195312
491.293670 40062.000000 1185.614990 38631.421875
493.523500 40029.000000 1340.317871 38586.539062
495.751190 40339.000000 1543.851440 38590.273438
497.976840 40784.000000 1780.165405 38611.859375
500.202090 41170.000000 2114.789551 38636.531250
502.426910 41761.000000 2598.686768 38704.781250
504.649660 42670.000000 3344.579590 38854.664062
506.870270 43798.000000 4506.116211 39035.468750
509.090550 44964.000000 6048.131836 39269.863281
511.310360 46600.000000 7678.328125 39397.968750
513.528140 47789.000000 9005.544922 39326.371094
515.743770 48112.000000 9299.965820 39201.976562
517.959110 47216.000000 8329.744141 39183.660156
520.173890 45400.000000 6655.621094 39114.742188
522.386660 43555.000000 4942.932129 38940.078125
524.597410 42179.000000 3637.441406 38703.027344
526.807740 41025.000000 2806.887451 38573.128906
529.017580 40362.000000 2270.584229 38353.929688
531.225400 39894.000000 1915.065186 38235.851562
533.431210 39484.000000 1641.644897 38183.265625
535.636470 39256.000000 1485.752930 38127.855469
537.841430 38944.000000 1367.581177 38016.546875
540.044310 38859.000000 1286.105225 37913.640625
542.245120 38960.000000 1247.957153 37848.949219
544.445500 38918.000000 1231.472412 37803.648438
546.645450 38747.000000 1238.909058 37721.351562
548.843380 38712.000000 1255.496826 37681.257812
551.040830 38857.000000 1261.310547 37639.953125
553.236330 38973.000000 1301.166016 37624.992188
555.429690 38980.000000 1373.773682 37575.832031
557.622680 39176.000000 1480.672607 37605.058594
559.815250 39499.000000 1679.572998 37646.058594
562.005800 40023.000000 1984.422485 37725.078125
564.195920 40294.000000 2427.421387 37791.351562
566.383910 41277.000000 3021.851318 37908.031250
568.569950 42276.000000 3798.707031 37973.714844
570.755550 42743.000000 4631.733398 37986.960938
572.940730 43023.000000 5007.037598 37871.011719
575.123900 42550.000000 4654.921387 37803.804688
577.306640 41620.000000 3786.091064 37743.089844
579.487300 40703.000000 2970.997070 37746.242188
581.665950 40107.000000 2324.760010 37621.007812
583.844120 39733.000000 1928.256226 37530.472656
586.021970 39333.000000 1674.078369 37417.523438
588.197750 39073.000000 1544.433350 37360.320312
590.373170 39096.000000 1487.713501 37253.507812
592.546450 38822.000000 1439.282471 37186.410156
594.719420 38747.000000 1414.709106 37136.167969
596.890260 38906.000000 1427.291870 37099.714844
599.059140 38663.000000 1470.281494 37035.824219
601.229190 38539.000000 1550.705933 36999.101562
603.395570 38799.000000 1581.836670 36948.035156
605.561580 38749.000000 1630.626221 36928.195312
607.727170 38921.000000 1704.941406 36873.167969
609.890750 39048.000000 1799.446045 36851.703125
612.053960 39272.000000 1928.678345 36817.777344
614.215030 39395.000000 2068.167969 36835.890625
616.375790 39672.000000 2270.227783 36805.945312
618.534480 39790.000000 2545.684814 36781.691406
620.692750 40131.000000 2863.963867 36771.812500
622.849000 40775.000000 3289.078613 36833.289062
625.004820 40800.000000 3847.681641 36861.050781
627.158750 41557.000000 4640.656738 36854.058594
629.310490 42246.000000 5362.262695 36883.289062
631.463560 43181.000000 6370.561523 36946.363281
633.612920 44043.000000 7589.229492 37113.609375
635.763490 45848.000000 9588.550781 37154.027344
637.910460 47554.000000 11507.376953 37341.667969
640.058650 50483.000000 14510.034180 37652.628906
642.203190 54394.000000 17534.912109 38103.890625
644.348880 59825.000000 22602.126953 38835.429688
646.491030 66296.000000 28017.093750 39552.695312
648.634400 73624.000000 36011.152344 39986.386719
650.774050 81170.000000 42965.441406 40081.000000
652.914980 86809.000000 48664.281250 39335.046875
655.052250 88117.000000 48617.210938 38985.824219
657.190730 83966.000000 43143.457031 38465.289062
659.325620 77376.000000 37372.714844 38239.679688
661.461730 70669.000000 31228.000000 37614.347656
663.594180 64316.000000 26692.984375 37825.941406
665.727910 59428.000000 22618.316406 38363.226562
667.857910 56259.000000 19590.464844 38244.937500
669.989200 53033.000000 16612.230469 38265.082031
672.118470 50903.000000 14366.942383 38578.562500
674.245670 48524.000000 11987.056641 38638.082031
676.372560 46841.000000 10293.373047 38490.933594
678.497380 45399.000000 8415.754883 38304.707031
680.621830 44032.000000 6935.887695 38378.890625
682.744320 42857.000000 5663.397949 38242.449219
684.866390 42238.000000 4862.334473 37960.527344
686.986450 41440.000000 4246.449707 37792.816406
689.106080 41229.000000 3785.072998 37789.867188
691.223750 40542.000000 3491.052734 37704.695312
693.341000 40513.000000 3315.430420 37504.921875
695.457820 40471.000000 3224.473877 37430.039062
697.571110 40425.000000 3201.617188 37490.054688
699.685610 40583.000000 3328.186035 37550.199219
701.798100 40967.000000 3567.408203 37544.140625
703.908570 41410.000000 3940.227783 37610.339844
706.018620 41703.000000 4353.757324 37680.691406
708.126770 41781.000000 4696.940918 37730.121094
710.234380 41998.000000 4701.845703 37605.863281
712.340150 41564.000000 4354.751465 37564.996094
714.445430 41138.000000 3753.254395 37514.015625
716.550350 40184.000000 3154.468262 37513.062500
718.653260 39638.000000 2574.376465 37380.289062
720.754270 39229.000000 2113.693359 37293.335938
722.854800 38848.000000 1768.058350 37199.863281
724.953370 38413.000000 1509.365723 37144.222656
727.051570 38047.000000 1312.198975 37013.753906
729.149350 37870.000000 1133.619385 36936.003906
731.243530 37762.000000 1009.428101 36898.328125
733.338990 37666.000000 908.982727 36861.273438
735.432370 37572.000000 822.243469 36758.546875
737.523800 37496.000000 764.888306 36695.250000
739.614870 37301.000000 728.167603 36652.648438
741.705570 36982.000000 691.862366 36624.875000
743.792600 37049.000000 661.474487 36526.734375
745.880920 36920.000000 629.866272 36491.390625
747.967220 37073.000000 609.602417 36459.312500
750.051570 36736.000000 593.249390 36458.835938
752.135500 36841.000000 576.596924 36392.121094
754.219120 36812.000000 540.015503 36368.890625
756.300720 36959.000000 513.665649 36356.140625
758.380310 36672.000000 497.516449 36368.484375
760.459530 36736.000000 484.961914 36317.421875
762.538390 36426.000000 456.195557 36325.027344
764.615300 36795.000000 430.787933 36301.417969
766.690190 36691.000000 415.366394 36302.050781
768.764710 36650.000000 406.664368 36261.992188
770.838810 36684.000000 398.152527 36269.171875
772.909360 36544.000000 389.162567 36260.105469
774.981140 36301.000000 380.389191 36260.257812
777.050960 36589.000000 377.246704 36206.117188
779.120420 36615.000000 371.455231 36216.164062
781.187870 36529.000000 372.412262 36201.628906
783.253420 36377.000000 378.222351 36201.757812
785.318480 36401.000000 384.239075 36152.894531
787.383240 36512.000000 369.682251 36147.726562
789.445980 36310.000000 354.068268 36133.464844
791.506770 36095.000000 341.784760 36133.070312
793.567260 36308.000000 337.617767 36083.035156
795.627260 36339.000000 330.647369 36083.425781
797.685360 36285.000000 328.363434 36056.886719
799.741520 36179.000000 328.746765 36050.386719
801.797240 36269.000000 332.693390 35993.605469
803.852600 36144.000000 319.848450 35994.941406
805.906010 35834.000000 311.150116 35970.644531
807.959050 36235.000000 305.515259 35948.906250
810.010130 36109.000000 308.853333 35912.582031
812.059200 36149.000000 310.821960 35907.750000
814.107970 36237.000000 317.448578 35878.699219
816.156370 36301.000000 323.527161 35862.882812
818.202760 36270.000000 327.413574 35810.183594
820.247190 35994.000000 317.038300 35808.648438
822.292850 36137.000000 312.218872 35767.625000
824.335020 36159.000000 310.156250 35739.492188
826.376770 36036.000000 313.016174 35680.347656
828.418090 35874.000000 308.455505 35659.765625
830.457520 35861.000000 308.727081 35611.718750
832.496640 35811.000000 310.939941 35573.574219
834.533690 35885.000000 314.139557 35507.585938
836.568910 35688.000000 307.804443 35486.710938
838.603700 35746.000000 309.196716 35442.472656
840.638060 35885.000000 311.731873 35406.835938
842.670530 35698.000000 311.612732 35349.328125
844.702640 35544.000000 297.433289 35323.105469
846.732790 35724.000000 285.264984 35268.925781
848.762570 35665.000000 278.471863 35232.234375
850.790470 35577.000000 277.912598 35160.531250
852.816350 35480.000000 275.005096 35130.695312
854.843440 35378.000000 275.639221 35062.308594
856.867070 35530.000000 278.218842 35008.859375
858.890200 35477.000000 282.642487 34929.847656
860.913150 35310.000000 282.242981 34879.296875
862.934020 35203.000000 287.451721 34814.996094
864.954530 35058.000000 299.896179 34780.070312
866.973140 35128.000000 320.590393 34711.773438
868.991390 34899.000000 341.763855 34687.246094
871.007690 35279.000000 385.102234 34654.257812
873.023620 35347.000000 452.946442 34621.898438
875.037660 35263.000000 565.017395 34569.714844
877.051270 35573.000000 715.276245 34597.640625
879.062990 35758.000000 923.343384 34668.281250
881.074340 36098.000000 1240.535034 34773.492188
883.083740 36816.000000 1670.065674 34767.359375
885.092770 37482.000000 2178.963135 34773.101562
887.099850 37676.000000 2528.744141 34704.980469
889.104980 37540.000000 2469.058594 34709.875000
891.111450 36660.000000 2067.772949 34587.140625
893.114260 36092.000000 1564.684692 34488.929688
895.118410 35689.000000 1125.521973 34353.285156
897.119020 35323.000000 817.542908 34281.527344
899.120790 35032.000000 618.165833 34095.960938
901.119080 34781.000000 484.615082 33980.078125
903.118650 34365.000000 405.746277 33872.507812
905.114620 34235.000000 354.529999 33800.507812
907.111880 33921.000000 314.909790 33685.351562
909.107180 33884.000000 279.747620 33601.914062
911.100520 34051.000000 254.242554 33524.210938
913.093630 33666.000000 239.854324 33491.476562
915.084660 33594.000000 228.700882 33385.371094
917.075380 33652.000000 215.147018 33336.085938
919.064210 33589.000000 207.979172 33271.480469
921.052730 33474.000000 205.756790 33249.472656
923.039310 33473.000000 202.239960 33171.218750
925.025450 33466.000000 192.756699 33133.027344
927.009770 33289.000000 186.117752 33070.890625
928.993650 33224.000000 186.647797 33059.359375
930.975590 33559.000000 186.930862 32988.027344
932.957280 33159.000000 185.392288 32941.597656
934.937010 33130.000000 188.433823 32872.136719
936.916380 33137.000000 194.675003 32864.414062
938.895390 33125.000000 200.794815 32795.703125
940.870970 32964.000000 203.200378 32747.425781
942.847660 32975.000000 210.791824 32691.609375
944.822510 32820.000000 224.748077 32707.841797
946.795470 32804.000000 246.426666 32669.705078
948.768010 32834.000000 276.653015 32659.048828
950.738710 33010.000000 316.983673 32658.544922
952.708980 32890.000000 373.004181 32715.941406
954.677310 33081.000000 456.330475 32736.812500
956.645390 33327.000000 576.049744 32782.207031
958.613160 33707.000000 752.425537 32838.441406
960.578920 33965.000000 1049.262817 32995.968750
962.542720 34711.000000 1585.781982 33143.625000
964.506290 35983.000000 2555.291748 33353.984375
966.467960 37635.000000 4147.858887 33581.902344
968.429260 39792.000000 6133.836914 33629.945312
970.390140 40901.000000 7165.088867 33545.464844
972.347660 39946.000000 6402.593262 33474.507812
974.306270 38020.000000 4635.621094 33317.148438
976.263060 36097.000000 2973.681152 33173.152344
978.218020 34520.000000 1823.895752 32999.593750
980.172490 33803.000000 1165.331055 32810.285156
982.125120 33228.000000 833.956909 32635.931641
984.077390 33202.000000 654.559082 32584.929688
986.029360 32608.000000 539.815613 32494.568359
987.979370 32719.000000 442.971100 32401.388672
989.927490 32548.000000 376.226990 32332.826172
991.875310 32493.000000 334.064941 32290.517578
993.822750 32229.000000 305.117310 32226.943359
995.768370 32368.000000 280.154266 32157.392578
997.711980 32269.000000 266.193634 32067.888672
999.655270 31982.000000 261.155212 32046.626953
1001.596700 32118.000000 258.302795 32002.830078
1003.537700 31933.000000 247.146194 31994.775391
1005.478600 31917.000000 238.812256 31945.671875
1007.417400 32092.000000 237.541901 31930.296875
1009.354300 32076.000000 238.982742 31873.683594
1011.291000 31933.000000 234.224442 31824.808594
1013.227200 31768.000000 231.287186 31769.646484
1015.161600 31859.000000 231.480927 31788.068359
1017.094100 31820.000000 231.774139 31770.166016
1019.026200 31831.000000 227.207840 31743.181641
1020.958000 31842.000000 226.491013 31682.228516
1022.888000 31663.000000 230.657196 31698.001953
1024.816000 31886.000000 236.922607 31660.814453
1026.743800 31660.000000 238.785568 31643.050781
1028.671100 31782.000000 242.919876 31611.755859
1030.596600 31745.000000 247.690552 31655.882812
1032.521700 31675.000000 253.042801 31668.576172
1034.444900 31869.000000 254.428909 31668.144531
1036.366300 31936.000000 258.618713 31642.730469
1038.287400 32023.000000 266.222137 31657.423828
1040.208100 31925.000000 276.773987 31634.083984
1042.127000 31807.000000 283.914032 31633.017578
1044.043800 31958.000000 298.831726 31625.527344
1045.960400 31933.000000 320.250366 31675.214844
1047.876700 31902.000000 349.702789 31681.544922
1049.791000 31939.000000 381.274658 31694.001953
1051.705100 32035.000000 426.093506 31714.240234
1053.617300 32302.000000 487.651428 31757.992188
1055.527600 32126.000000 575.140442 31764.544922
1057.437500 32225.000000 692.323853 31792.466797
1059.347300 32602.000000 847.873047 31852.210938
1061.255000 32826.000000 1074.251709 32016.281250
1063.162500 33012.000000 1424.986450 32149.210938
1065.068000 33746.000000 1980.935303 32274.015625
1066.971700 34585.000000 2743.400635 32376.962891
1068.875000 35633.000000 3616.440918 32435.634766
1070.778100 36410.000000 4166.475586 32363.216797
1072.679200 36259.000000 4034.073730 32271.107422
1074.580000 35321.000000 3343.242920 32158.921875
1076.479000 34235.000000 2531.355225 32132.080078
1078.377600 33346.000000 1819.687134 32070.546875
1080.274400 32801.000000 1319.787354 31957.253906
1082.169200 32694.000000 1031.011230 31808.962891
1084.065300 32231.000000 857.071594 31747.251953
1085.958000 31979.000000 740.430725 31651.375000
1087.850300 31668.000000 640.107239 31588.191406
1089.742400 31955.000000 569.715088 31548.726562
1091.632600 31695.000000 523.551880 31516.990234
1093.522500 31734.000000 487.707520 31456.220703
1095.410400 31714.000000 452.792145 31392.695312
1097.298100 31736.000000 430.956207 31342.564453
1099.183800 31605.000000 421.897766 31329.205078
1101.069300 31641.000000 420.257996 31284.597656
1102.952900 31402.000000 415.530212 31253.371094
1104.834600 31485.000000 425.405579 31238.101562
1106.717700 31663.000000 442.245056 31238.707031
1108.597200 31586.000000 455.950989 31203.812500
1110.477900 31280.000000 460.781586 31183.558594
1112.355300 31546.000000 466.495544 31165.236328
1114.232300 31424.000000 479.406647 31183.085938
1116.109100 31629.000000 497.499573 31172.005859
1117.984000 31536.000000 512.928284 31136.148438
1119.858500 31450.000000 527.900269 31135.152344
1121.731300 31619.000000 547.431763 31152.099609
1123.603600 31580.000000 569.664917 31145.671875
1125.474100 31706.000000 592.377136 31094.654297
1127.344400 31808.000000 621.476074 31048.310547
1129.212600 31621.000000 656.352173 31025.197266
1131.080700 31610.000000 702.096130 31005.851562
1132.946900 31667.000000 750.743835 30974.966797
1134.812700 31720.000000 792.914673 30974.859375
1136.676800 31736.000000 842.877563 30987.140625
1138.540400 31811.000000 899.594727 30996.990234
1140.402300 32242.000000 965.229980 30953.666016
1142.263800 31946.000000 1041.250732 30941.216797
1144.123400 32201.000000 1133.761597 30960.654297
1145.982800 32126.000000 1267.525635 30988.431641
1147.841800 32249.000000 1460.004639 30997.828125
1149.697500 32803.000000 1674.069092 31066.148438
1151.554400 32967.000000 1967.190430 31173.132812
1153.407800 33319.000000 2334.753174 31282.728516
1155.262600 33738.000000 2840.858643 31365.060547
1157.115500 34644.000000 3416.043701 31456.169922
1158.966400 35245.000000 4038.908203 31498.826172
1160.817100 36011.000000 4526.108887 31517.341797
1162.666000 36157.000000 4780.969727 31444.357422
1164.514500 35883.000000 4628.775391 31337.595703
1166.361300 35299.000000 4319.086914 31313.580078
1168.207600 34949.000000 3896.658936 31288.326172
1170.052200 34337.000000 3607.494629 31264.257812
1171.896500 34085.000000 3448.276123 31210.113281
1173.740400 34344.000000 3417.920410 31198.554688
1175.580900 34390.000000 3476.005371 31181.914062
1177.422900 34668.000000 3672.425293 31050.472656
1179.262700 35131.000000 3978.533691 30986.029297
1181.100700 35436.000000 4523.921875 30932.031250
1182.938600 36239.000000 5257.241211 30947.724609
1184.774500 37143.000000 6412.020020 30950.779297
1186.610200 38489.000000 7573.609375 31080.863281
1188.444000 39582.000000 9073.841797 31393.839844
1190.277500 41579.000000 10631.666992 31834.105469
1192.110700 43406.000000 12568.805664 32144.708984
1193.942000 45071.000000 14214.809570 32366.503906
1195.771600 46574.000000 15763.823242 32395.794922
1197.600700 47504.000000 16472.515625 32389.554688
1199.428100 47620.000000 16367.159180 32134.330078
1201.255200 47154.000000 15570.692383 31965.916016
1203.082000 45737.000000 14037.130859 31877.998047
1204.907000 43822.000000 12306.666992 31842.142578
1206.730100 42042.000000 10619.678711 31633.314453
1208.552900 40665.000000 9240.494141 31632.687500
1210.373900 39834.000000 8356.589844 31621.164062
1212.194600 39295.000000 7870.180664 31478.033203
1214.015000 39439.000000 7918.872559 31369.478516
1215.833500 39526.000000 8104.299805 31492.445312
1217.650300 40262.000000 8851.939453 31674.560547
1219.466700 41683.000000 9905.474609 32024.472656
1221.281300 43269.000000 11725.819336 32499.638672
1223.095600 45793.000000 13883.921875 33096.371094
1224.909500 48455.000000 16735.232422 33549.902344
1226.721700 51004.000000 19068.011719 33818.593750
1228.532000 52635.000000 20799.550781 33773.996094
1230.342000 53119.000000 20974.955078 33639.589844
1232.151700 51618.000000 19011.417969 33476.671875
1233.959700 48823.000000 16355.752930 33264.117188
1235.765900 45932.000000 13199.388672 32840.937500
1237.571700 43016.000000 10603.950195 32825.027344
1239.377100 40903.000000 8646.546875 32849.835938
1241.180800 39483.000000 7294.662598 32763.349609
1242.982700 38485.000000 6376.552246 32734.103516
1244.784200 37804.000000 5807.613770 32832.175781
1246.585300 37467.000000 5587.395508 32888.812500
1248.384900 37388.000000 5597.995117 32825.875000
1250.182500 37654.000000 6069.088867 32656.910156
1251.979700 38276.000000 6607.802246 32685.128906
1253.776900 39215.000000 7580.404785 32694.046875
1255.572000 40324.000000 8693.576172 32729.449219
1257.365500 41679.000000 10435.923828 32743.687500
1259.160000 44286.000000 12351.287109 32794.734375
1260.951300 47678.000000 15546.364258 33023.953125
1262.742300 52109.000000 19384.552734 33486.960938
1264.533100 57765.000000 25519.611328 34114.738281
1266.322000 64685.000000 31587.537109 34994.957031
1268.109000 70712.000000 38800.769531 34874.355469
1269.895800 75265.000000 42886.199219 34391.343750
1271.682400 76071.000000 42494.566406 33748.355469
1273.466900 73793.000000 39457.867188 33555.859375
1275.251500 68399.000000 34036.761719 33075.148438
1277.033900 62088.000000 28884.902344 33108.863281
1278.814700 56354.000000 23487.365234 32817.242188
1280.595200 51425.000000 19512.712891 33086.734375
1282.375400 47241.000000 16039.424805 33444.988281
1284.153800 44243.000000 13386.328125 33314.285156
1285.931900 42285.000000 10888.705078 33350.027344
1287.708100 40687.000000 9202.364258 33737.636719
1289.482500 39335.000000 7538.472656 33892.378906
1291.256800 38840.000000 6489.168945 33917.242188
1293.030600 37723.000000 5430.842773 33969.664062
1294.802900 37471.000000 4637.407227 34185.277344
1296.574600 37198.000000 4017.008301 34190.675781
1298.344600 36718.000000 3626.477051 34107.078125
1300.114400 36527.000000 3332.233887 34059.843750
1301.882300 36466.000000 3111.208496 34115.953125
1303.648300 36402.000000 2998.384277 34138.597656
1305.415800 36616.000000 2967.257080 34073.121094
1307.179700 36603.000000 3009.814209 34021.605469
1308.943500 36811.000000 3120.910400 34085.449219
1310.707000 36842.000000 3323.366699 34171.738281
1312.468600 37070.000000 3606.755371 34170.941406
1314.230000 37627.000000 4037.530029 34147.984375
1315.989500 37892.000000 4420.065918 34271.281250
1317.748800 38567.000000 5023.904297 34449.015625
1319.506200 39583.000000 5793.624023 34689.402344
1321.263400 40988.000000 7148.488281 34891.308594
1323.018900 42372.000000 8703.220703 35161.820312
1324.774000 44540.000000 10720.451172 35640.281250
1326.527300 46955.000000 12929.239258 36109.171875
1328.278900 49511.000000 15672.806641 36504.121094
1330.031700 51995.000000 17989.890625 36729.496094
1331.781100 53851.000000 19812.847656 36655.164062
1333.531900 54578.000000 20008.847656 36493.113281
1335.279300 53299.000000 18452.751953 36117.390625
1337.027800 50687.000000 16261.450195 35892.414062
1338.773200 47953.000000 13539.791992 35698.250000
1340.518300 45187.000000 11020.296875 35609.070312
1342.263100 43212.000000 8832.348633 35366.179688
1344.006000 41426.000000 7215.226562 35215.503906
1345.748700 40453.000000 5968.484375 35159.941406
1347.489500 39373.000000 5043.981445 35045.031250
1349.230200 38787.000000 4300.827148 34972.539062
1350.969100 38225.000000 3707.110840 35017.277344
1352.707500 38230.000000 3320.407471 34999.460938
1354.445900 37895.000000 3074.944824 34902.386719
1356.180900 37968.000000 3009.800293 34760.855469
1357.917000 37779.000000 3030.072021 34755.238281
1359.649900 37814.000000 3188.950928 34717.062500
1361.384200 37797.000000 3454.646484 34649.332031
1363.115000 38382.000000 3956.881592 34629.160156
1364.847000 38815.000000 4528.287598 34778.085938
1366.577400 39787.000000 5479.729492 34991.628906
1368.305900 40844.000000 6665.905273 35298.789062
1370.034300 42374.000000 8436.914062 35676.554688
1371.760600 44928.000000 10541.634766 36114.023438
1373.486900 47163.000000 13144.171875 36617.722656
1375.211300 49577.000000 15358.291992 36924.714844
1376.935400 51354.000000 16820.453125 36900.218750
1378.657800 51699.000000 16818.357422 36779.167969
1380.380000 50400.000000 15125.572266 36666.281250
1382.100200 48004.000000 12823.384766 36553.847656
1383.820300 45265.000000 10061.817383 36173.460938
1385.540200 42945.000000 7768.177246 36009.851562
1387.256500 41101.000000 5995.168945 35929.265625
1388.974200 39845.000000 4631.174805 35731.460938
1390.690300 38682.000000 3603.540527 35635.781250
1392.404400 38231.000000 2874.913574 35651.902344
1394.118400 37645.000000 2377.819824 35665.265625
1395.830400 37438.000000 2046.606201 35550.781250
1397.542200 37169.000000 1820.010742 35440.929688
1399.252300 37084.000000 1658.475586 35409.269531
1400.962200 36715.000000 1545.450439 35358.097656
1402.671800 36608.000000 1470.480713 35240.335938
1404.379500 36519.000000 1416.522095 35181.867188
1406.085600 36620.000000 1379.961060 35181.988281
1407.791300 36378.000000 1343.311035 35194.316406
1409.495200 36367.000000 1338.645508 35119.230469
1411.199000 36513.000000 1323.922729 35091.683594
1412.902500 36526.000000 1314.963257 35080.656250
1414.604000 36433.000000 1310.687988 35087.703125
1416.304000 36385.000000 1338.827881 35006.914062
1418.003700 36238.000000 1367.906006 34996.414062
1419.701500 36345.000000 1370.143188 34990.058594
1421.399000 36244.000000 1378.790649 35013.800781
1423.096400 36110.000000 1408.862793 34963.000000
1424.792000 36121.000000 1446.965210 34967.097656
1426.485700 36091.000000 1490.818115 35016.097656
1428.179300 36208.000000 1552.939331 35091.886719
1429.871100 36398.000000 1638.442017 35087.214844
1431.562500 36587.000000 1751.153320 35106.808594
1433.253900 36594.000000 1836.243164 35145.082031
1434.943400 36851.000000 1953.173584 35222.125000
1436.631000 37147.000000 2108.661621 35210.546875
1438.318500 37158.000000 2343.395508 35209.777344
1440.005600 37277.000000 2619.175049 35220.699219
1441.691000 37657.000000 3014.886230 35344.710938
1443.374800 38418.000000 3531.082764 35457.363281
1445.058200 39032.000000 4247.180664 35550.335938
1446.741300 39953.000000 5014.470215 35696.343750
1448.422900 40922.000000 6060.301270 35981.171875
1450.102400 42299.000000 7301.769531 36294.230469
1451.781700 44141.000000 9090.403320 36507.808594
1453.460900 45871.000000 10946.531250 36814.371094
1455.138200 47817.000000 13203.005859 37278.816406
1456.813800 50495.000000 15225.195312 37633.761719
1458.489100 52513.000000 17507.039062 37797.855469
1460.164300 54313.000000 19131.976562 37857.535156
1461.837600 55424.000000 20266.732422 37804.304688
1463.509200 55664.000000 20335.433594 37777.750000
1465.180500 55021.000000 19355.972656 37485.472656
1466.851600 53306.000000 17860.728516 37331.417969
1468.520900 51106.000000 15753.085938 37221.554688
1470.189900 49135.000000 13518.596680 37091.242188
1471.857200 46879.000000 11163.165039 36771.847656
1473.522800 44894.000000 9266.272461 36524.781250
1475.188100 43217.000000 7669.606934 36392.121094
1476.853100 41372.000000 6385.608398 36132.515625
1478.516500 40346.000000 5216.243652 35928.027344
1480.178000 39406.000000 4291.104980 35886.960938
1481.839200 38567.000000 3613.434814 35842.773438
1483.500400 38148.000000 3126.670898 35679.351562
1485.159700 37572.000000 2763.437012 35520.453125
1486.818600 37294.000000 2439.513916 35455.246094
1488.476000 36850.000000 2204.499268 35370.976562
1490.131500 36883.000000 2042.224609 35197.164062
1491.788300 36464.000000 1919.271240 35113.722656
1493.441800 36423.000000 1830.289429 35103.601562
1495.095100 36388.000000 1762.763672 35086.058594
1496.748000 36401.000000 1737.883423 35007.738281
1498.399400 36649.000000 1713.052124 34988.402344
1500.050400 36425.000000 1670.057617 35017.535156
1501.699700 36374.000000 1651.502930 35052.281250
1503.347300 36432.000000 1654.443970 35004.835938
1504.996100 36455.000000 1660.507202 35005.136719
1506.641600 36261.000000 1678.444580 35057.406250
1508.287000 36367.000000 1719.082764 35141.070312
1509.932000 36531.000000 1788.520264 35140.988281
1511.575300 36596.000000 1879.011963 35161.769531
1513.218500 37033.000000 1973.523071 35210.074219
1514.859700 36918.000000 2105.000488 35311.738281
1516.500900 37165.000000 2280.111084 35326.902344
1518.140300 37649.000000 2530.727051 35348.914062
1519.777800 37792.000000 2803.053467 35368.156250
1521.416700 38317.000000 3202.248535 35491.738281
1523.052200 38902.000000 3716.364746 35610.953125
1524.689200 39655.000000 4473.242676 35680.890625
1526.322800 40238.000000 5298.298828 35808.113281
1527.956200 41527.000000 6428.302246 36075.980469
1529.589400 42773.000000 7773.882812 36443.812500
1531.220800 44637.000000 9758.646484 36722.484375
1532.851900 47231.000000 11804.849609 37092.046875
1534.481400 49715.000000 14393.062500 37593.195312
1536.110600 52049.000000 16666.501953 37968.164062
1537.738000 54633.000000 19274.396484 38203.339844
1539.365200 56947.000000 21294.324219 38350.167969
1540.990700 58766.000000 23071.623047 38279.613281
1542.616000 59540.000000 23688.261719 38240.453125
1544.239500 58902.000000 23043.060547 37952.246094
1545.862700 57503.000000 21618.546875 37762.359375
1547.484400 55252.000000 19161.685547 37652.707031
1549.105600 52091.000000 16594.322266 37538.593750
1550.725100 49588.000000 13786.870117 37207.175781
1552.344500 46899.000000 11492.169922 37010.476562
1553.962000 44727.000000 9429.833984 36916.667969
1555.579300 43120.000000 7766.059570 36654.750000
1557.195100 41749.000000 6237.762695 36420.769531
1558.810400 40738.000000 5062.148926 36376.773438
1560.424100 39553.000000 4173.684570 36314.042969
1562.037500 38819.000000 3506.711670 36138.507812
1563.649200 38174.000000 2938.723389 35968.175781
1565.260600 37751.000000 2469.150635 35892.402344
1566.870500 37364.000000 2121.364502 35801.992188
1568.479900 37116.000000 1869.094971 35613.152344
1570.089100 36918.000000 1666.321045 35501.503906
1571.695200 36437.000000 1506.458618 35466.308594
1573.302500 36697.000000 1383.683350 35404.722656
1574.906500 36271.000000 1276.158203 35305.921875
1576.511800 36163.000000 1158.160278 35255.941406
1578.115500 36481.000000 1069.518921 35227.992188
1579.717400 36061.000000 999.694458 35232.820312
1581.319100 35843.000000 943.544800 35148.332031
1582.919100 36074.000000 865.818726 35118.226562
1584.518700 35656.000000 805.895813 35117.656250
1586.116600 35703.000000 764.130127 35117.304688
1587.714500 35502.000000 719.821838 35058.953125
1589.310500 35693.000000 663.912842 35046.039062
1590.906300 35495.000000 622.576843 35049.664062
1592.501800 35331.000000 593.557617 35057.558594
1594.095700 35368.000000 570.351257 35015.636719
1595.687900 35364.000000 530.853271 35022.378906
1597.279700 35286.000000 499.824219 35017.925781
1598.869900 35172.000000 477.628235 35030.082031
1600.459700 35256.000000 456.597321 34982.117188
1602.048100 35202.000000 425.758148 34992.304688
1603.636000 35112.000000 402.219421 34982.039062
1605.223900 35273.000000 384.483948 34992.386719
1606.809800 35013.000000 374.145691 34974.300781
1608.394200 35096.000000 352.059723 35000.910156
1609.978300 35060.000000 332.355408 35006.343750
1611.560700 35134.000000 319.836884 35021.113281
1613.142900 35369.000000 310.023438 34985.460938
1614.724700 35323.000000 294.595398 35002.148438
1616.304900 35255.000000 284.968567 34993.945312
1617.883500 35375.000000 277.774475 35009.417969
1619.461800 35225.000000 271.714325 34983.550781
1621.038300 35262.000000 257.879669 35004.386719
1622.614700 35329.000000 247.435699 35001.664062
1624.190800 35123.000000 242.028198 35026.972656
1625.765300 35216.000000 237.287140 34992.421875
1627.337900 35380.000000 226.961029 35016.992188
1628.910400 35189.000000 221.978119 35018.957031
1630.482700 35395.000000 218.015060 35032.789062
1632.053200 35251.000000 210.386429 35007.812500
1633.622100 35231.000000 192.955780 35036.988281
1635.190600 35270.000000 178.955048 35033.976562
1636.759000 35296.000000 172.017639 35044.746094
1638.325700 35347.000000 169.328979 35007.554688
1639.890700 35314.000000 164.967102 35027.269531
1641.455400 35224.000000 163.682739 35017.816406
1643.019900 35177.000000 162.419098 35024.843750
1644.582800 35076.000000 161.550354 34996.289062
1646.143900 35014.000000 157.822906 35009.019531
1647.704700 35213.000000 157.285309 34992.367188
1649.265500 35039.000000 157.511093 34990.132812
1650.824500 35037.000000 159.075378 34947.738281
1652.381600 35055.000000 155.989807 34952.343750
1653.938700 35084.000000 156.125641 34936.074219
1655.495500 34930.000000 156.861145 34937.972656
1657.050700 35057.000000 158.883392 34895.996094
1658.604100 34913.000000 159.358856 34900.445312
1660.157200 35029.000000 164.448380 34861.324219
1661.710200 35086.000000 168.001007 34850.800781
1663.261500 34811.000000 170.940750 34806.945312
1664.811200 34889.000000 167.809021 34807.425781
1666.361900 34729.000000 168.006836 34772.121094
1667.909700 34759.000000 168.416718 34736.980469
1669.457200 34907.000000 167.105225 34677.375000
1671.004300 34558.000000 160.313141 34673.460938
1672.549900 34570.000000 156.540512 34632.453125
1674.093600 34445.000000 153.678864 34603.007812
1675.637300 34590.000000 152.763702 34543.472656
1677.180800 34493.000000 150.046707 34528.253906
1678.722400 34641.000000 151.310333 34475.531250
1680.263900 34496.000000 151.641739 34454.261719
1681.803700 34319.000000 151.772980 34377.687500
1683.341800 34690.000000 147.319260 34355.593750
1684.881200 34333.000000 145.368866 34314.578125
1686.417500 34335.000000 143.993088 34305.093750
1687.953400 34228.000000 142.139740 34238.515625
1689.489100 34345.000000 138.532562 34213.058594
1691.023200 34303.000000 139.387527 34158.550781
1692.557100 34240.000000 141.192520 34139.261719
1694.089200 34070.000000 140.448318 34074.960938
1695.619800 34020.000000 133.674622 34052.738281
1697.151500 34012.000000 129.127686 33998.691406
1698.680200 34077.000000 126.439735 33970.382812
1700.208500 33905.000000 124.302917 33926.890625
1701.736600 33676.000000 120.916992 33917.453125
1703.263100 34016.000000 120.101845 33875.433594
1704.789300 33857.000000 120.202942 33848.378906
1706.314000 33990.000000 116.976013 33779.214844
1707.838100 33963.000000 108.325363 33759.589844
1709.361000 33781.000000 101.974167 33715.644531
1710.883300 33742.000000 98.161972 33692.527344
1712.404100 33861.000000 95.541359 33636.281250
1713.923100 33717.000000 93.118050 33618.300781
1715.443500 33780.000000 92.328255 33564.656250
1716.960700 33503.000000 92.841568 33534.523438
1718.479100 33784.000000 91.268791 33453.058594
1719.994500 33679.000000 87.085930 33419.289062
1721.509600 33467.000000 84.692184 33361.937500
1723.024400 33198.000000 83.933212 33365.765625
1724.537600 33379.000000 82.032143 33324.332031
1726.050700 33443.000000 79.177864 33315.683594
1727.561900 33450.000000 78.612144 33251.785156
1729.073000 33509.000000 79.664238 33239.214844
1730.582400 33299.000000 78.780502 33165.621094
1732.091700 33430.000000 75.161972 33145.878906
1733.599200 33267.000000 73.581856 33084.195312
1735.106600 33446.000000 74.090164 33063.554688
1736.612100 32961.000000 73.862656 32992.089844
1738.117600 33009.000000 72.667465 32982.246094
1739.621300 33090.000000 73.013084 32933.609375
1741.125000 32948.000000 75.484268 32925.121094
1742.626800 32852.000000 75.516136 32869.531250
1744.128400 32737.000000 73.133949 32878.378906
1745.628500 33012.000000 71.526337 32834.046875
1747.128300 32908.000000 71.713928 32826.574219
1748.626300 32864.000000 71.629288 32764.998047
1750.124300 32932.000000 70.878708 32757.542969
1751.620500 32882.000000 71.740112 32708.593750
1753.116600 32627.000000 73.803490 32737.099609
1754.612400 32830.000000 74.412827 32703.705078
1756.105100 32777.000000 72.592667 32701.835938
1757.599100 32798.000000 71.586601 32642.867188
1759.091300 32768.000000 72.117203 32647.542969
1760.582000 32741.000000 72.550835 32601.164062
1762.072400 32754.000000 71.650803 32591.658203
1763.561000 32608.000000 72.159966 32542.949219
1765.049600 32463.000000 73.803551 32569.386719
1766.536500 32645.000000 74.446167 32536.203125
1768.023200 32562.000000 72.904427 32523.056641
1769.508100 32543.000000 71.757065 32460.449219
1770.992900 32368.000000 71.839218 32479.441406
1772.477500 32452.000000 71.846779 32447.824219
1773.959000 32413.000000 70.417450 32451.623047
1775.441700 32361.000000 70.704979 32400.240234
1776.922700 32218.000000 72.461288 32432.777344
1778.402100 32590.000000 73.538620 32404.310547
1779.881300 32345.000000 71.595871 32408.863281
1781.358900 32339.000000 70.179062 32355.964844
1782.836200 32231.000000 70.009506 32385.566406
1784.311900 32520.000000 70.846237 32353.378906
1785.787400 32429.000000 69.438126 32339.892578
1787.262600 32230.000000 70.583763 32282.527344
1788.736200 32143.000000 72.298416 32333.253906
1790.208300 32251.000000 73.700157 32339.828125
1791.679800 32433.000000 71.566605 32326.443359
1793.150000 32253.000000 70.986481 32258.667969
1794.619900 32420.000000 71.082863 32255.748047
1796.089600 32269.000000 72.220695 32212.738281
1797.557600 32104.000000 69.953262 32216.876953
1799.023900 32000.000000 68.745125 32175.019531
1800.490100 32158.000000 68.474808 32199.876953
1801.954600 32088.000000 69.282692 32181.138672
1803.418900 32217.000000 66.921188 32160.042969
1804.883100 31776.000000 66.503349 32105.968750
1806.345500 32211.000000 66.346764 32117.056641
1807.806400 32027.000000 67.282425 32087.080078
1809.266800 31926.000000 64.839340 32075.525391
1810.727400 31822.000000 64.611359 32035.123047
1812.186000 32035.000000 66.194687 32058.826172
1813.643300 32005.000000 68.613808 32038.312500
1815.100100 32062.000000 67.386848 32023.328125
1816.556800 31742.000000 66.954453 31977.941406
1818.010400 31855.000000 65.723618 32012.123047
1819.465300 31903.000000 65.259712 32004.169922
1820.918500 32127.000000 62.048218 31979.208984
1822.370100 31774.000000 61.801960 31929.347656
1823.821400 32004.000000 61.916298 31947.466797
1825.272600 31851.000000 62.291313 31925.316406
1826.722200 31871.000000 59.869312 31914.792969
1828.169900 31875.000000 59.748280 31859.558594
1829.617600 31762.000000 59.883831 31875.375000
1831.065200 31767.000000 60.109863 31854.859375
1832.511000 31721.000000 57.801674 31857.968750
1833.956500 31686.000000 57.317059 31829.138672
1835.400500 31835.000000 57.700203 31845.177734
1836.842900 32089.000000 58.966835 31807.089844
1838.285200 31799.000000 57.434223 31779.615234
1839.727100 31650.000000 57.996967 31736.738281
1841.167400 31737.000000 58.190540 31754.671875
1842.606100 31627.000000 58.679779 31727.681641
1844.044400 31697.000000 57.279408 31698.144531
1845.482800 31665.000000 59.212311 31656.201172
1846.919400 31585.000000 61.174274 31669.253906
1848.356000 31590.000000 62.782703 31643.833984
1849.790800 31717.000000 61.334869 31640.267578
1851.224000 31730.000000 61.393139 31606.009766
1852.656900 31512.000000 61.377983 31639.548828
1854.089700 31702.000000 62.517769 31631.367188
1855.520800 31806.000000 61.518425 31628.359375
1856.951800 31505.000000 62.264751 31623.740234
1858.381100 31644.000000 61.946522 31673.322266
1859.808700 31834.000000 62.005333 31676.052734
1861.236300 31945.000000 58.934246 31653.708984
1862.663500 31732.000000 57.826904 31629.597656
1864.089100 31552.000000 56.254314 31706.199219
1865.514600 31748.000000 55.131031 31712.619141
1866.938500 31781.000000 52.696053 31725.970703
1868.360700 31850.000000 54.646282 31698.257812
1869.784200 31810.000000 57.869740 31743.679688
1871.204500 31802.000000 60.713409 31731.925781
1872.624600 31525.000000 59.114056 31775.232422
1874.044700 32009.000000 57.113445 31751.416016
1875.463000 31875.000000 56.299568 31758.529297
1876.881200 31904.000000 57.299969 31750.425781
1878.297700 31866.000000 58.258995 31755.896484
1879.714100 31795.000000 60.028156 31723.587891
1881.128800 31764.000000 60.873619 31784.937500
1882.541900 32013.000000 60.598572 31762.777344
1883.956200 32045.000000 56.891472 31641.123047
1885.367400 32021.000000 51.454906 31418.667969
1886.778600 32025.000000 56.350838 31244.974609
1888.189500 32154.000000 78.553322 31268.535156
