Raman_Shift Original_Spectrum Predicted_Raman Predicted_Baseline
294.894650 44519.000000 572.538635 43425.898438
297.232540 44405.000000 638.587280 43109.925781
299.568300 44316.000000 673.365601 43126.671875
301.905240 44393.000000 638.284363 43379.812500
304.238400 44469.000000 658.129517 43639.652344
306.571040 44383.000000 696.726929 43545.414062
308.903260 44967.000000 718.053406 43550.121094
311.233340 45164.000000 740.110229 43629.308594
313.562930 44846.000000 778.493469 43570.628906
315.890440 44960.000000 833.864136 43555.613281
318.215790 44908.000000 889.917786 43587.484375
320.540680 45129.000000 983.232544 43616.097656
322.865110 45167.000000 1090.474365 43665.468750
325.187410 45213.000000 1179.204102 43653.968750
327.509250 45713.000000 1273.706055 43684.617188
329.828920 45999.000000 1404.254272 43739.996094
332.148160 46099.000000 1579.566162 43854.003906
334.465270 46305.000000 1763.700562 43924.851562
336.781950 46733.000000 1954.242554 43987.703125
339.096470 46709.000000 2161.622314 44065.199219
341.408870 47347.000000 2387.333740 44220.414062
343.722530 47610.000000 2665.940186 44367.777344
346.032350 48375.000000 2986.740234 44559.156250
348.341740 48805.000000 3358.285889 44758.910156
350.650670 49551.000000 3846.583496 44972.281250
352.957460 50090.000000 4348.219727 45151.039062
355.263760 50736.000000 4880.659180 45357.414062
357.568020 50943.000000 5328.693359 45535.210938
359.871800 51382.000000 5791.982910 45679.156250
362.173430 51468.000000 6146.804199 45767.800781
364.474640 52170.000000 6552.916504 45924.156250
366.773710 52039.000000 6833.984375 46066.179688
369.072360 51957.000000 7186.295898 46175.675781
371.368870 52298.000000 7415.502441 46264.605469
373.664920 52462.000000 7645.808594 46409.113281
375.958890 52809.000000 7641.614746 46538.218750
378.252380 53074.000000 7635.610840 46613.695312
380.543790 53096.000000 7559.177246 46637.312500
382.834750 53032.000000 7455.872070 46775.808594
385.123570 53056.000000 7170.555664 46828.699219
387.411960 53096.000000 6788.615723 46871.574219
389.698210 52973.000000 6378.440918 46838.222656
391.984070 52629.000000 5983.068848 46901.585938
394.267790 51916.000000 5521.982422 46861.351562
396.551060 51618.000000 5023.729004 46836.277344
398.832210 51102.000000 4556.365234 46775.273438
401.112950 50874.000000 4178.393066 46771.820312
403.391570 50668.000000 3808.648926 46683.140625
405.669770 50132.000000 3438.186768 46646.132812
407.945860 49867.000000 3081.861572 46600.789062
410.221470 49370.000000 2787.935547 46583.191406
412.495030 49121.000000 2521.061035 46493.007812
414.768100 48798.000000 2290.976562 46452.816406
417.039090 48470.000000 2062.832520 46422.273438
419.309630 47895.000000 1881.355103 46411.074219
421.579740 47903.000000 1708.460693 46322.585938
423.846100 47597.000000 1568.400269 46289.855469
426.113680 47501.000000 1449.141968 46269.406250
428.377470 47657.000000 1361.256836 46256.843750
430.642520 47134.000000 1277.926025 46187.726562
432.905460 47371.000000 1192.180176 46164.636719
435.166320 47209.000000 1103.159058 46150.738281
437.426700 47108.000000 1022.388794 46161.382812
439.685060 47105.000000 944.821899 46113.066406
441.942900 46947.000000 896.420776 46098.234375
444.198730 46939.000000 864.851685 46093.609375
446.454070 47058.000000 838.181763 46103.828125
448.708980 46805.000000 813.572021 46070.593750
450.961820 47133.000000 790.150452 46065.531250
453.212550 46791.000000 772.224670 46057.250000
455.462890 46724.000000 759.773560 46065.214844
457.711120 46838.000000 758.109680 46046.070312
459.958920 46900.000000 746.946777 46047.492188
462.204590 46798.000000 743.170288 46048.011719
464.449890 46835.000000 739.005737 46051.984375
466.694760 46932.000000 748.729980 46029.011719
468.937500 46574.000000 753.712524 46027.246094
471.178160 46692.000000 760.923157 46011.695312
473.418460 46728.000000 772.656311 45996.312500
475.656620 46641.000000 808.625427 45960.730469
477.894380 46894.000000 848.412720 45948.195312
480.131680 46696.000000 867.305847 45929.425781
482.366910 46790.000000 886.720825 45922.882812
484.600040 46951.000000 917.082703 45873.312500
486.832790 47084.000000 952.115234 45830.496094
489.063450 47381.000000 1006.922058 45783.980469
491.293670 47219.000000 1076.298706 45763.171875
493.523500 47155.000000 1172.063965 45715.601562
495.751190 47268.000000 1304.273560 45712.777344
497.976840 47869.000000 1460.500977 45724.914062
500.202090 48068.000000 1694.698242 45704.164062
502.426910 48618.000000 2027.863892 45709.363281
504.649660 49162.000000 2567.933594 45793.484375
506.870270 50197.000000 3467.748535 45940.875000
509.090550 51274.000000 4785.335938 46166.718750
511.310360 52984.000000 6501.751465 46320.164062
513.528140 54622.000000 8226.638672 46265.816406
515.743770 55020.000000 8948.882812 46136.421875
517.959110 54372.000000 8060.018555 46092.062500
520.173890 52332.000000 6222.430664 45993.500000
522.386660 50296.000000 4391.634277 45791.585938
524.597410 48683.000000 3072.923584 45548.988281
526.807740 47498.000000 2282.697510 45388.218750
529.017580 46850.000000 1798.639648 45190.574219
531.225400 46459.000000 1484.851807 45113.984375
533.431210 46037.000000 1272.913330 45060.648438
535.636470 45934.000000 1141.548828 45002.046875
537.841430 45734.000000 1053.081787 44892.574219
540.044310 45754.000000 976.066040 44790.320312
542.245120 45763.000000 920.520142 44730.488281
544.445500 45486.000000 872.318481 44699.117188
546.645450 45279.000000 836.521606 44617.277344
548.843380 45261.000000 815.171997 44580.964844
551.040830 45314.000000 782.758057 44546.839844
553.236330 45443.000000 769.506348 44548.460938
555.429690 45505.000000 772.300476 44507.562500
557.622680 45386.000000 769.765320 44493.628906
559.815250 45336.000000 765.079834 44493.597656
562.005800 45528.000000 766.304016 44517.593750
564.195920 45527.000000 782.136597 44516.867188
566.383910 46102.000000 800.939514 44560.593750
568.569950 46763.000000 814.028381 44573.417969
570.755550 46781.000000 824.666992 44578.351562
572.940730 46584.000000 837.635925 44489.613281
575.123900 45988.000000 847.545776 44461.207031
577.306640 45765.000000 854.165833 44392.554688
579.487300 45552.000000 867.536926 44355.851562
581.665950 45334.000000 891.848999 44287.140625
583.844120 45430.000000 920.834839 44258.050781
586.021970 45231.000000 934.195435 44216.625000
588.197750 45273.000000 954.987427 44192.109375
590.373170 45588.000000 998.943970 44129.183594
592.546450 45465.000000 1052.381958 44104.035156
594.719420 45140.000000 1105.032715 44069.480469
596.890260 45487.000000 1162.971924 44050.156250
599.059140 45525.000000 1238.714722 44001.179688
601.229190 45200.000000 1324.139038 43976.914062
603.395570 45689.000000 1372.870972 43932.882812
605.561580 45671.000000 1435.416260 43922.472656
607.727170 45899.000000 1519.998291 43879.617188
609.890750 46005.000000 1619.434692 43867.199219
612.053960 46175.000000 1750.572021 43821.902344
614.215030 46467.000000 1896.717529 43833.968750
616.375790 46638.000000 2101.416016 43803.070312
618.534480 46587.000000 2384.080811 43781.410156
620.692750 47133.000000 2708.026123 43766.171875
622.849000 47702.000000 3133.816406 43821.339844
625.004820 47852.000000 3688.449707 43846.117188
627.158750 48510.000000 4465.273926 43834.031250
629.310490 49098.000000 5171.947754 43879.113281
631.463560 50013.000000 6140.246582 43947.785156
633.612920 50971.000000 7315.761719 44138.718750
635.763490 52826.000000 9230.573242 44185.828125
637.910460 54681.000000 11131.955078 44367.886719
640.058650 57715.000000 14070.356445 44637.679688
642.203190 61458.000000 16991.417969 45054.394531
644.348880 66352.000000 21720.242188 45758.699219
646.491030 72557.000000 26683.505859 46484.187500
648.634400 78902.000000 33851.441406 46836.128906
650.774050 85826.000000 40148.078125 46928.507812
652.914980 91305.000000 45443.039062 46250.289062
655.052250 92754.000000 45563.695312 45956.570312
657.190730 88869.000000 40561.632812 45513.050781
659.325620 82213.000000 35122.667969 45267.421875
661.461730 75616.000000 29190.478516 44705.125000
663.594180 69701.000000 24784.355469 44890.000000
665.727910 65010.000000 20859.707031 45312.722656
667.857910 61822.000000 17945.726562 45178.945312
669.989200 58797.000000 15145.872070 45187.460938
672.118470 56951.000000 13115.490234 45449.121094
674.245670 54572.000000 11024.951172 45471.824219
676.372560 53168.000000 9559.539062 45325.218750
678.497380 52065.000000 7919.149902 45153.761719
680.621830 50977.000000 6624.311035 45219.757812
682.744320 49867.000000 5500.773438 45085.582031
684.866390 49133.000000 4774.019531 44815.664062
686.986450 48628.000000 4209.125977 44657.882812
689.106080 48389.000000 3778.936768 44649.609375
691.223750 47799.000000 3518.796143 44562.089844
693.341000 47648.000000 3364.696777 44395.843750
695.457820 47611.000000 3296.576904 44335.667969
697.571110 47671.000000 3298.315186 44416.527344
699.685610 47739.000000 3456.160645 44505.679688
701.798100 48247.000000 3713.607910 44535.750000
703.908570 49075.000000 4121.002930 44614.003906
706.018620 49292.000000 4604.857422 44692.878906
708.126770 49304.000000 5082.450195 44742.871094
710.234380 49719.000000 5263.350098 44634.640625
712.340150 49301.000000 5059.948242 44607.718750
714.445430 48900.000000 4519.498535 44547.906250
716.550350 48153.000000 3901.988281 44546.230469
718.653260 47565.000000 3234.592285 44437.496094
720.754270 46922.000000 2661.494629 44363.183594
722.854800 46314.000000 2197.247314 44255.023438
724.953370 45940.000000 1839.073486 44190.652344
727.051570 45453.000000 1558.148193 44057.339844
729.149350 45050.000000 1317.132690 43982.707031
731.243530 44996.000000 1148.468140 43933.980469
733.338990 44955.000000 1014.080872 43876.335938
735.432370 44815.000000 897.321777 43768.531250
737.523800 44699.000000 825.895874 43696.265625
739.614870 44598.000000 778.901917 43643.648438
741.705570 44113.000000 733.670898 43615.308594
743.792600 44067.000000 695.153076 43518.472656
745.880920 44066.000000 657.432434 43480.945312
747.967220 44112.000000 633.202454 43451.500000
750.051570 44063.000000 614.004883 43445.015625
752.135500 44092.000000 596.500671 43391.101562
754.219120 43993.000000 558.554138 43375.691406
756.300720 44006.000000 530.976440 43368.371094
758.380310 43865.000000 512.090210 43379.812500
760.459530 43837.000000 496.278015 43342.367188
762.538390 43447.000000 466.760406 43356.574219
764.615300 44117.000000 444.911041 43335.878906
766.690190 43904.000000 432.008392 43336.449219
768.764710 43730.000000 423.329895 43301.578125
770.838810 43752.000000 411.398682 43307.460938
772.909360 43742.000000 399.888733 43300.597656
774.981140 43505.000000 390.149719 43309.835938
777.050960 43742.000000 385.854645 43271.144531
779.120420 43737.000000 377.561737 43277.011719
781.187870 43809.000000 377.896057 43256.632812
783.253420 43613.000000 382.973877 43262.371094
785.318480 43388.000000 388.809845 43229.484375
787.383240 43716.000000 374.716858 43229.308594
789.445980 43539.000000 357.014374 43226.609375
791.506770 43290.000000 344.716522 43240.089844
793.567260 43723.000000 342.016449 43211.832031
795.627260 43630.000000 339.699524 43219.519531
797.685360 43682.000000 342.749237 43189.550781
799.741520 43474.000000 347.237366 43192.695312
801.797240 43621.000000 355.742615 43146.871094
803.852600 43615.000000 345.558014 43149.996094
805.906010 43012.000000 339.190002 43131.824219
807.959050 43591.000000 334.193420 43114.750000
810.010130 43164.000000 335.304749 43093.515625
812.059200 43487.000000 336.542664 43074.066406
814.107970 43630.000000 341.553802 43045.992188
816.156370 43456.000000 346.197357 43036.546875
818.202760 43595.000000 349.754211 42982.050781
820.247190 43246.000000 336.074280 42977.062500
822.292850 43213.000000 327.837585 42933.464844
824.335020 43436.000000 323.514771 42907.671875
826.376770 43319.000000 323.594055 42858.382812
828.418090 43093.000000 317.664246 42848.429688
830.457520 43078.000000 317.934723 42798.910156
832.496640 43270.000000 320.416992 42757.406250
834.533690 43105.000000 324.233856 42701.132812
836.568910 42891.000000 318.458557 42683.882812
838.603700 42952.000000 318.781067 42636.382812
840.638060 43025.000000 321.823792 42592.683594
842.670530 43075.000000 321.874512 42524.882812
844.702640 42750.000000 306.300415 42500.203125
846.732790 42869.000000 293.408264 42439.554688
848.762570 42979.000000 285.028442 42402.195312
850.790470 42628.000000 282.028076 42334.003906
852.816350 42737.000000 278.259827 42302.890625
854.843440 42622.000000 277.687775 42231.117188
856.867070 42961.000000 280.166687 42169.750000
858.890200 42685.000000 283.749390 42086.742188
860.913150 42632.000000 280.904938 42031.761719
862.934020 42335.000000 283.286804 41964.140625
864.954530 42420.000000 291.835449 41903.527344
866.973140 42319.000000 305.983582 41822.078125
868.991390 42079.000000 320.489746 41776.949219
871.007690 42561.000000 352.118500 41716.277344
873.023620 42337.000000 399.408722 41669.992188
875.037660 42118.000000 475.674652 41599.152344
877.051270 42521.000000 561.695007 41576.425781
879.062990 42665.000000 672.777466 41598.195312
881.074340 42646.000000 843.340515 41643.550781
883.083740 43108.000000 1102.016479 41624.804688
885.092770 43697.000000 1471.800171 41630.328125
887.099850 44108.000000 1821.007202 41576.980469
889.104980 44231.000000 1954.692749 41546.156250
891.111450 43486.000000 1771.972290 41427.453125
893.114260 42997.000000 1405.063843 41355.156250
895.118410 42691.000000 1045.635498 41258.402344
897.119020 42493.000000 777.204468 41199.750000
899.120790 42139.000000 601.997864 41042.660156
901.119080 41789.000000 485.580505 40942.082031
903.118650 41650.000000 420.402649 40840.636719
905.114620 41491.000000 381.587463 40758.199219
907.111880 41392.000000 351.276215 40632.160156
909.107180 40979.000000 320.871033 40548.332031
911.100520 41206.000000 301.693817 40466.671875
913.093630 40783.000000 291.545258 40426.472656
915.084660 40829.000000 285.758362 40320.019531
917.075380 40781.000000 273.928833 40254.246094
919.064210 40744.000000 267.619324 40181.976562
921.052730 40580.000000 267.577942 40151.371094
923.039310 40637.000000 267.262207 40060.695312
925.025450 40506.000000 259.891174 40006.699219
927.009770 40435.000000 256.354034 39938.187500
928.993650 40260.000000 260.385040 39933.925781
930.975590 40498.000000 267.744141 39865.808594
932.957280 40261.000000 271.571747 39821.792969
934.937010 40153.000000 277.949097 39760.332031
936.916380 40348.000000 288.247925 39740.234375
938.895390 40240.000000 303.238434 39671.777344
940.870970 40044.000000 315.190735 39629.144531
942.847660 40175.000000 335.340302 39592.285156
944.822510 39862.000000 365.842712 39627.519531
946.795470 39908.000000 407.601349 39604.417969
948.768010 40063.000000 459.664703 39602.210938
950.738710 40083.000000 521.097351 39620.171875
952.708980 40184.000000 611.934509 39678.878906
954.677310 40502.000000 747.308716 39731.355469
956.645390 40780.000000 950.559753 39783.972656
958.613160 41251.000000 1251.516602 39796.906250
960.578920 41688.000000 1730.218750 39929.753906
962.542720 42656.000000 2477.677246 40068.238281
964.506290 43827.000000 3621.684326 40241.671875
966.467960 45417.000000 5184.769043 40434.605469
968.429260 47207.000000 6857.874023 40502.328125
970.390140 47990.000000 7687.427246 40456.160156
972.347660 47492.000000 7144.452148 40423.824219
974.306270 45758.000000 5716.252930 40285.589844
976.263060 43952.000000 4120.682617 40103.312500
978.218020 42234.000000 2803.899658 39930.722656
980.172490 41228.000000 1936.528564 39743.300781
982.125120 40817.000000 1410.563721 39556.070312
984.077390 40537.000000 1094.970947 39494.847656
986.029360 40075.000000 890.709961 39385.484375
987.979370 39905.000000 726.157288 39275.070312
989.927490 39571.000000 614.213806 39214.839844
991.875310 39483.000000 540.727417 39188.292969
993.822750 39363.000000 485.797272 39136.246094
995.768370 39446.000000 443.619446 39054.121094
997.711980 39347.000000 416.958313 38960.519531
999.655270 38952.000000 402.612976 38936.222656
1001.596700 39111.000000 394.756317 38902.332031
1003.537700 39012.000000 378.550171 38880.847656
1005.478600 38765.000000 365.718292 38836.105469
1007.417400 39058.000000 361.561584 38826.453125
1009.354300 39142.000000 363.520721 38786.160156
1011.291000 38802.000000 357.245300 38737.769531
1013.227200 38782.000000 353.776550 38699.222656
1015.161600 39071.000000 355.567047 38714.121094
1017.094100 38859.000000 359.035828 38695.886719
1019.026200 38912.000000 358.037170 38651.269531
1020.958000 38999.000000 362.447357 38589.339844
1022.888000 38547.000000 372.761871 38599.218750
1024.816000 38796.000000 387.321777 38564.339844
1026.743800 38537.000000 395.749939 38545.636719
1028.671100 38731.000000 404.739685 38546.464844
1030.596600 38961.000000 417.578522 38573.937500
1032.521700 38716.000000 435.431976 38576.476562
1034.444900 38955.000000 453.207947 38557.578125
1036.366300 39085.000000 474.490906 38548.546875
1038.287400 39209.000000 502.763275 38558.687500
1040.208100 38971.000000 538.568054 38525.785156
1042.127000 38716.000000 574.008118 38520.984375
1044.043800 39029.000000 608.707458 38543.656250
1045.960400 39077.000000 656.193604 38598.355469
1047.876700 39022.000000 710.771301 38612.406250
1049.791000 39133.000000 780.673279 38625.144531
1051.705100 39346.000000 873.932129 38652.855469
1053.617300 39602.000000 1009.494446 38729.687500
1055.527600 39731.000000 1201.572510 38789.144531
1057.437500 40029.000000 1467.747925 38852.152344
1059.347300 40385.000000 1788.122681 38922.875000
1061.255000 40852.000000 2185.425293 39057.003906
1063.162500 41201.000000 2659.601807 39166.761719
1065.068000 41921.000000 3259.553223 39260.078125
1066.971700 42691.000000 3923.875488 39318.855469
1068.875000 43494.000000 4610.352539 39382.902344
1070.778100 44088.000000 5086.863281 39398.757812
1072.679200 44069.000000 5222.263184 39382.859375
1074.580000 43756.000000 5007.172852 39306.054688
1076.479000 43141.000000 4530.632324 39279.433594
1078.377600 42396.000000 3881.768066 39207.160156
1080.274400 41813.000000 3224.369385 39102.230469
1082.169200 41265.000000 2644.138428 38963.925781
1084.065300 40577.000000 2196.658691 38893.492188
1085.958000 40133.000000 1837.122314 38771.289062
1087.850300 39518.000000 1534.143921 38668.859375
1089.742400 39720.000000 1297.265503 38608.058594
1091.632600 39098.000000 1114.044800 38557.859375
1093.522500 38862.000000 973.208191 38518.488281
1095.410400 39046.000000 857.258606 38450.445312
1097.298100 38974.000000 777.724487 38405.304688
1099.183800 38810.000000 722.219604 38349.171875
1101.069300 38787.000000 681.377686 38287.425781
1102.952900 38641.000000 647.723145 38236.085938
1104.834600 38540.000000 633.145264 38218.703125
1106.717700 38828.000000 629.236694 38189.351562
1108.597200 38733.000000 628.756531 38149.429688
1110.477900 38604.000000 621.649780 38095.671875
1112.355300 38457.000000 617.000610 38065.304688
1114.232300 38440.000000 621.174744 38072.359375
1116.109100 38641.000000 638.246094 38079.464844
1117.984000 38750.000000 648.873352 38002.386719
1119.858500 38262.000000 655.532104 37998.175781
1121.731300 38603.000000 666.141479 38007.539062
1123.603600 38594.000000 680.580872 38010.851562
1125.474100 38747.000000 696.431396 37949.910156
1127.344400 38941.000000 722.332092 37893.914062
1129.212600 38549.000000 754.977051 37860.003906
1131.080700 38694.000000 801.585571 37843.546875
1132.946900 38690.000000 852.555664 37805.914062
1134.812700 38606.000000 891.535156 37824.585938
1136.676800 38650.000000 938.700012 37853.546875
1138.540400 38793.000000 994.419128 37878.613281
1140.402300 39278.000000 1058.473022 37844.218750
1142.263800 39158.000000 1139.781128 37831.574219
1144.123400 39554.000000 1244.224854 37846.230469
1145.982800 39296.000000 1392.586182 37890.796875
1147.841800 39461.000000 1607.418457 37920.457031
1149.697500 40259.000000 1836.959717 38010.097656
1151.554400 40243.000000 2141.214600 38110.136719
1153.407800 40596.000000 2521.622070 38207.300781
1155.262600 41235.000000 3041.203613 38251.429688
1157.115500 42170.000000 3620.539551 38326.695312
1158.966400 42543.000000 4232.776855 38382.175781
1160.817100 43414.000000 4730.128418 38446.261719
1162.666000 43703.000000 5085.609863 38413.601562
1164.514500 43593.000000 5084.713867 38334.320312
1166.361300 43164.000000 4907.918945 38315.484375
1168.207600 42826.000000 4547.068848 38303.234375
1170.052200 42331.000000 4265.440918 38259.351562
1171.896500 42048.000000 4060.168457 38192.316406
1173.740400 41951.000000 3948.945312 38177.714844
1175.580900 42137.000000 3897.441406 38143.988281
1177.422900 42416.000000 3974.462402 38019.191406
1179.262700 42573.000000 4168.405273 37945.644531
1181.100700 42755.000000 4616.742188 37877.937500
1182.938600 43401.000000 5229.028320 37881.757812
1184.774500 43960.000000 6235.287109 37866.839844
1186.610200 45219.000000 7236.514160 37973.851562
1188.444000 46295.000000 8562.593750 38258.945312
1190.277500 48123.000000 10021.742188 38675.019531
1192.110700 50055.000000 11895.665039 38995.933594
1193.942000 51903.000000 13539.533203 39258.214844
1195.771600 53268.000000 15057.419922 39298.871094
1197.600700 54185.000000 15712.279297 39303.789062
1199.428100 54026.000000 15540.791992 39078.058594
1201.255200 53504.000000 14750.611328 38981.613281
1203.082000 52348.000000 13380.689453 38923.339844
1204.907000 50537.000000 11796.250000 38906.695312
1206.730100 48915.000000 10240.298828 38730.707031
1208.552900 47874.000000 8961.224609 38751.097656
1210.373900 46925.000000 8145.876465 38729.132812
1212.194600 46377.000000 7705.459961 38586.695312
1214.015000 46451.000000 7769.230469 38498.125000
1215.833500 46684.000000 7969.157715 38634.359375
1217.650300 47496.000000 8703.784180 38814.007812
1219.466700 48774.000000 9745.884766 39166.171875
1221.281300 50447.000000 11523.809570 39649.285156
1223.095600 53046.000000 13631.331055 40232.824219
1224.909500 55622.000000 16379.882812 40674.980469
1226.721700 58073.000000 18598.988281 40928.085938
1228.532000 59656.000000 20133.121094 40887.250000
1230.342000 59962.000000 20164.738281 40790.718750
1232.151700 58196.000000 18256.886719 40626.054688
1233.959700 55637.000000 15752.575195 40449.441406
1235.765900 52932.000000 12777.572266 40086.000000
1237.571700 50062.000000 10290.320312 40079.199219
1239.377100 48079.000000 8384.160156 40079.371094
1241.180800 46606.000000 7041.788086 39978.246094
1242.982700 45512.000000 6123.823242 39937.921875
1244.784200 45113.000000 5553.507324 40044.769531
1246.585300 44758.000000 5315.552734 40105.933594
1248.384900 44385.000000 5293.110352 40047.960938
1250.182500 44741.000000 5693.206543 39907.777344
1251.979700 45387.000000 6162.022949 39967.152344
1253.776900 46405.000000 7033.848633 39995.238281
1255.572000 47409.000000 8057.916992 40041.218750
1257.365500 48669.000000 9663.454102 40078.839844
1259.160000 51128.000000 11466.047852 40136.941406
1260.951300 54330.000000 14468.247070 40379.710938
1262.742300 58531.000000 18099.902344 40854.738281
1264.533100 64312.000000 23925.003906 41498.078125
1266.322000 70966.000000 29774.468750 42334.425781
1268.109000 76665.000000 36847.507812 42239.011719
1269.895800 81656.000000 41268.058594 41772.992188
1271.682400 82994.000000 41504.601562 41135.144531
1273.466900 80673.000000 38600.984375 40947.796875
1275.251500 74924.000000 33010.203125 40553.066406
1277.033900 68392.000000 27678.728516 40639.597656
1278.814700 62599.000000 22098.703125 40433.226562
1280.595200 57777.000000 18029.431641 40663.777344
1282.375400 53545.000000 14561.205078 40918.296875
1284.153800 50573.000000 11983.625977 40729.906250
1285.931900 48733.000000 9624.311523 40734.835938
1287.708100 47224.000000 8066.894531 41050.894531
1289.482500 45995.000000 6548.294922 41159.886719
1291.256800 45295.000000 5608.375488 41160.835938
1293.030600 44662.000000 4706.032715 41196.601562
1294.802900 44389.000000 4032.825439 41387.003906
1296.574600 44277.000000 3514.218018 41378.816406
1298.344600 43803.000000 3188.982422 41294.558594
1300.114400 43548.000000 2946.543945 41257.960938
1301.882300 43624.000000 2770.709473 41326.714844
1303.648300 43550.000000 2679.198242 41374.156250
1305.415800 43695.000000 2653.614746 41332.316406
1307.179700 43872.000000 2677.064941 41303.968750
1308.943500 44123.000000 2773.666504 41370.718750
1310.707000 44145.000000 2945.157959 41451.031250
1312.468600 44178.000000 3183.126465 41475.582031
1314.230000 44717.000000 3532.596191 41480.976562
1315.989500 45087.000000 3851.777832 41588.742188
1317.748800 45541.000000 4360.543457 41749.500000
1319.506200 46253.000000 5013.580566 41976.316406
1321.263400 47810.000000 6178.872070 42150.445312
1323.018900 48855.000000 7560.112305 42409.203125
1324.774000 51031.000000 9378.928711 42869.058594
1326.527300 53291.000000 11424.682617 43295.078125
1328.278900 55875.000000 13986.661133 43680.351562
1330.031700 58144.000000 16284.604492 43954.023438
1331.781100 60279.000000 18287.931641 43946.328125
1333.531900 61217.000000 18817.550781 43854.890625
1335.279300 60229.000000 17580.582031 43552.929688
1337.027800 57818.000000 15560.176758 43354.046875
1338.773200 55004.000000 12970.369141 43147.378906
1340.518300 52442.000000 10577.143555 43099.656250
1342.263100 50621.000000 8529.075195 42848.863281
1344.006000 48809.000000 7002.898438 42655.621094
1345.748700 47830.000000 5833.098633 42584.460938
1347.489500 47035.000000 4950.791992 42468.691406
1349.230200 46496.000000 4251.560547 42368.550781
1350.969100 45762.000000 3690.623535 42389.347656
1352.707500 45918.000000 3330.402344 42364.664062
1354.445900 45455.000000 3091.269043 42274.761719
1356.180900 45471.000000 3028.377930 42140.062500
1357.917000 45263.000000 3052.704590 42137.164062
1359.649900 45402.000000 3228.545654 42124.273438
1361.384200 45741.000000 3515.253418 42105.910156
1363.115000 46313.000000 4050.740967 42114.277344
1364.847000 46510.000000 4644.873535 42255.894531
1366.577400 47443.000000 5610.819336 42495.015625
1368.305900 48489.000000 6778.916992 42818.507812
1370.034300 50101.000000 8508.072266 43185.500000
1371.760600 52695.000000 10539.720703 43622.625000
1373.486900 54851.000000 13054.150391 44130.738281
1375.211300 57529.000000 15213.117188 44461.164062
1376.935400 59354.000000 16694.238281 44456.289062
1378.657800 59640.000000 16804.246094 44365.531250
1380.380000 58425.000000 15285.864258 44281.796875
1382.100200 56041.000000 13132.865234 44234.039062
1383.820300 53562.000000 10506.262695 43894.976562
1385.540200 51225.000000 8266.301758 43727.535156
1387.256500 49458.000000 6478.307129 43657.539062
1388.974200 48347.000000 5050.961426 43471.085938
1390.690300 46980.000000 3934.395020 43339.718750
1392.404400 46370.000000 3126.288818 43307.359375
1394.118400 45803.000000 2554.776123 43294.550781
1395.830400 45369.000000 2173.316895 43191.148438
1397.542200 45084.000000 1908.267212 43081.156250
1399.252300 44930.000000 1710.333740 43055.984375
1400.962200 44588.000000 1573.654297 43015.406250
1402.671800 44653.000000 1476.332275 42927.242188
1404.379500 44424.000000 1416.340576 42879.007812
1406.085600 44461.000000 1375.558228 42872.984375
1407.791300 44256.000000 1333.432007 42869.933594
1409.495200 44222.000000 1321.708374 42800.972656
1411.199000 44355.000000 1306.228760 42781.738281
1412.902500 44193.000000 1293.656006 42772.535156
1414.604000 44388.000000 1289.105225 42766.531250
1416.304000 44477.000000 1316.122314 42705.000000
1418.003700 44065.000000 1344.245972 42719.906250
1419.701500 44291.000000 1350.662354 42699.601562
1421.399000 44171.000000 1359.158813 42702.914062
1423.096400 43999.000000 1386.643555 42657.406250
1424.792000 44075.000000 1420.807739 42678.132812
1426.485700 43904.000000 1460.781494 42711.164062
1428.179300 44058.000000 1518.254517 42759.882812
1429.871100 44231.000000 1599.741455 42755.539062
1431.562500 44561.000000 1711.950806 42783.410156
1433.253900 44577.000000 1801.802002 42805.777344
1434.943400 44537.000000 1914.455322 42855.644531
1436.631000 44955.000000 2069.677002 42828.457031
1438.318500 44985.000000 2306.725830 42819.503906
1440.005600 45296.000000 2594.111328 42833.156250
1441.691000 45399.000000 2998.545410 42949.472656
1443.374800 46282.000000 3520.227295 43082.171875
1445.058200 46841.000000 4229.197754 43198.488281
1446.741300 47897.000000 4988.736816 43371.957031
1448.422900 48956.000000 6016.096680 43652.210938
1450.102400 50271.000000 7215.459473 43953.417969
1451.781700 51975.000000 8922.781250 44168.617188
1453.460900 53733.000000 10682.025391 44469.992188
1455.138200 55579.000000 12794.210938 44894.109375
1456.813800 58181.000000 14670.409180 45207.417969
1458.489100 60056.000000 16760.519531 45354.007812
1460.164300 61542.000000 18220.228516 45415.843750
1461.837600 62765.000000 19131.910156 45383.429688
1463.509200 62676.000000 19025.437500 45369.929688
1465.180500 61855.000000 17912.857422 45104.945312
1466.851600 60014.000000 16349.242188 44949.210938
1468.520900 57800.000000 14294.115234 44829.617188
1470.189900 55813.000000 12151.424805 44689.335938
1471.857200 53701.000000 9965.125977 44412.937500
1473.522800 51683.000000 8231.615234 44163.179688
1475.188100 49946.000000 6807.006836 44005.476562
1476.853100 48578.000000 5676.247559 43748.683594
1478.516500 47721.000000 4676.846680 43541.746094
1480.178000 46978.000000 3881.107422 43470.496094
1481.839200 45971.000000 3302.399658 43393.378906
1483.500400 45824.000000 2891.647949 43241.843750
1485.159700 45269.000000 2601.500488 43091.582031
1486.818600 44872.000000 2334.184082 43028.894531
1488.476000 44523.000000 2139.210205 42944.929688
1490.131500 44654.000000 1998.644775 42813.367188
1491.788300 44211.000000 1891.832764 42760.929688
1493.441800 44077.000000 1818.534546 42754.625000
1495.095100 44202.000000 1764.321045 42728.660156
1496.748000 44232.000000 1751.456421 42665.078125
1498.399400 44410.000000 1741.875610 42670.859375
1500.050400 44123.000000 1707.458740 42688.953125
1501.699700 44129.000000 1694.914062 42712.398438
1503.347300 44293.000000 1702.576782 42667.933594
1504.996100 44308.000000 1717.312500 42682.496094
1506.641600 44094.000000 1752.920654 42715.398438
1508.287000 44280.000000 1811.208618 42770.285156
1509.932000 44321.000000 1897.505859 42765.472656
1511.575300 44371.000000 2007.540039 42794.347656
1513.218500 44947.000000 2127.133301 42832.105469
1514.859700 44945.000000 2292.358154 42902.777344
1516.500900 45263.000000 2506.920654 42909.574219
1518.140300 45855.000000 2807.615479 42936.812500
1519.777800 45947.000000 3134.764160 42993.894531
1521.416700 46534.000000 3599.641357 43132.433594
1523.052200 47439.000000 4174.028320 43269.187500
1524.689200 48142.000000 4990.034180 43327.468750
1526.322800 48585.000000 5840.958496 43464.531250
1527.956200 49851.000000 6962.040039 43744.527344
1529.589400 51319.000000 8263.728516 44100.769531
1531.220800 53057.000000 10108.778320 44345.191406
1532.851900 55208.000000 11951.983398 44681.941406
1534.481400 57548.000000 14210.760742 45129.468750
1536.110600 59679.000000 16134.861328 45471.828125
1537.738000 61933.000000 18313.130859 45667.156250
1539.365200 64032.000000 19945.410156 45759.726562
1540.990700 65273.000000 21307.615234 45723.542969
1542.616000 65564.000000 21661.691406 45750.859375
1544.239500 65188.000000 20949.566406 45520.476562
1545.862700 63749.000000 19663.257812 45385.105469
1547.484400 61744.000000 17615.849609 45290.691406
1549.105600 59074.000000 15445.385742 45181.015625
1550.725100 57067.000000 13029.086914 44922.406250
1552.344500 54572.000000 11026.558594 44732.175781
1553.962000 52417.000000 9216.716797 44639.347656
1555.579300 51238.000000 7734.923340 44380.378906
1557.195100 49720.000000 6350.768555 44149.746094
1558.810400 48947.000000 5250.840820 44079.781250
1560.424100 47744.000000 4421.362305 43975.550781
1562.037500 46857.000000 3765.371094 43789.457031
1563.649200 46558.000000 3184.636963 43627.230469
1565.260600 45707.000000 2688.555176 43557.507812
1566.870500 45405.000000 2316.592285 43476.160156
1568.479900 45202.000000 2039.291992 43322.203125
1570.089100 45131.000000 1815.799438 43223.914062
1571.695200 44583.000000 1638.202637 43206.375000
1573.302500 44782.000000 1505.664307 43151.742188
1574.906500 44481.000000 1382.379517 43037.179688
1576.511800 44090.000000 1258.010132 43009.382812
1578.115500 44546.000000 1163.760864 42975.007812
1579.717400 44073.000000 1083.332764 42966.066406
1581.319100 43751.000000 1019.905945 42887.222656
1582.919100 44242.000000 939.850586 42852.785156
1584.518700 43565.000000 876.472473 42850.765625
1586.116600 43623.000000 834.150574 42841.007812
1587.714500 43487.000000 788.443054 42780.121094
1589.310500 43491.000000 727.320068 42769.394531
1590.906300 43404.000000 684.051636 42762.933594
1592.501800 43278.000000 651.050537 42764.304688
1594.095700 43218.000000 622.749695 42724.500000
1595.687900 43129.000000 577.804565 42730.132812
1597.279700 43098.000000 544.294495 42719.421875
1598.869900 43123.000000 521.327271 42721.414062
1600.459700 43199.000000 497.991272 42680.476562
1602.048100 42949.000000 464.541260 42694.082031
1603.636000 42921.000000 439.969391 42679.207031
1605.223900 43042.000000 420.996429 42687.304688
1606.809800 42690.000000 407.064270 42665.679688
1608.394200 42814.000000 380.328033 42679.441406
1609.978300 42786.000000 354.847504 42678.753906
1611.560700 42949.000000 338.611664 42683.320312
1613.142900 43068.000000 325.704315 42652.777344
1614.724700 43034.000000 309.503174 42668.281250
1616.304900 43083.000000 298.896210 42663.476562
1617.883500 43135.000000 290.645508 42680.628906
1619.461800 43062.000000 284.445801 42656.679688
1621.038300 43187.000000 270.269104 42673.695312
1622.614700 43255.000000 258.218262 42665.031250
1624.190800 42987.000000 251.785355 42683.753906
1625.765300 43229.000000 246.725586 42646.644531
1627.337900 43219.000000 236.193207 42676.085938
1628.910400 42869.000000 230.351044 42667.621094
1630.482700 43127.000000 225.909912 42674.847656
1632.053200 43153.000000 219.282028 42653.066406
1633.622100 43149.000000 202.703201 42683.550781
1635.190600 42812.000000 189.944092 42682.847656
1636.759000 43243.000000 183.690506 42691.699219
1638.325700 43168.000000 180.351196 42665.476562
1639.890700 43219.000000 175.445694 42674.722656
1641.455400 43160.000000 173.354950 42664.351562
1643.019900 43033.000000 172.018265 42677.125000
1644.582800 42847.000000 171.961365 42645.906250
1646.143900 42804.000000 169.373276 42658.250000
1647.704700 42951.000000 171.440399 42640.144531
1649.265500 43076.000000 174.657623 42636.398438
1650.824500 42889.000000 177.921265 42603.121094
1652.381600 43010.000000 174.218292 42609.296875
1653.938700 42842.000000 173.513916 42600.390625
1655.495500 42812.000000 173.938034 42601.523438
1657.050700 42970.000000 175.443390 42569.425781
1658.604100 42693.000000 174.936371 42578.445312
1660.157200 42940.000000 179.105637 42545.156250
1661.710200 42954.000000 182.414673 42538.527344
1663.261500 42659.000000 185.715179 42498.281250
1664.811200 42726.000000 181.003281 42502.195312
1666.361900 42564.000000 178.450638 42470.515625
1667.909700 42679.000000 177.090363 42432.246094
1669.457200 42856.000000 175.475922 42382.867188
1671.004300 42517.000000 169.100327 42374.835938
1672.549900 42452.000000 165.055939 42336.859375
1674.093600 42139.000000 161.323059 42320.550781
1675.637300 42340.000000 159.573151 42262.085938
1677.180800 42345.000000 156.368408 42246.238281
1678.722400 42489.000000 157.696671 42193.718750
1680.263900 42412.000000 158.601898 42164.925781
1681.803700 42187.000000 159.567535 42101.457031
1683.341800 42362.000000 154.495758 42086.703125
1684.881200 42081.000000 150.818893 42055.753906
1686.417500 42049.000000 147.899887 42037.820312
1687.953400 42166.000000 145.497833 41983.187500
1689.489100 42165.000000 141.830627 41963.472656
1691.023200 42192.000000 142.890549 41910.882812
1692.557100 42064.000000 144.205856 41888.722656
1694.089200 41944.000000 143.845673 41826.703125
1695.619800 41894.000000 137.136948 41816.343750
1697.151500 41674.000000 132.145721 41780.140625
1698.680200 41870.000000 128.620865 41747.554688
1700.208500 41804.000000 125.828857 41701.597656
1701.736600 41600.000000 122.645851 41688.750000
1703.263100 41998.000000 121.836166 41641.949219
1704.789300 41738.000000 121.040970 41616.324219
1706.314000 41700.000000 117.832825 41546.847656
1707.838100 41921.000000 108.815689 41535.082031
1709.361000 41592.000000 101.712776 41503.578125
1710.883300 41547.000000 97.620438 41487.472656
1712.404100 41571.000000 95.681419 41428.082031
1713.923100 41680.000000 95.011551 41397.769531
1715.443500 41703.000000 95.286743 41347.308594
1716.960700 41256.000000 96.008972 41328.207031
1718.479100 41444.000000 94.543999 41262.503906
1719.994500 41510.000000 90.473801 41243.304688
1721.509600 41392.000000 87.949051 41206.875000
1723.024400 41028.000000 87.303490 41191.832031
1724.537600 41460.000000 85.899429 41131.402344
1726.050700 41393.000000 83.675583 41111.789062
1727.561900 41289.000000 83.102371 41061.761719
1729.073000 41265.000000 83.372978 41047.355469
1730.582400 41213.000000 82.207794 40974.769531
1732.091700 41517.000000 79.258743 40939.878906
1733.599200 41080.000000 78.818336 40877.203125
1735.106600 41150.000000 80.054604 40840.578125
1736.612100 40801.000000 79.901779 40774.609375
1738.117600 40762.000000 79.337639 40740.839844
1739.621300 40947.000000 79.126488 40702.304688
1741.125000 40521.000000 80.685249 40689.464844
1742.626800 40728.000000 79.631126 40634.316406
1744.128400 40628.000000 76.811378 40603.023438
1745.628500 40866.000000 75.344971 40544.328125
1747.128300 40833.000000 75.460373 40508.453125
1748.626300 40617.000000 75.248772 40445.046875
1750.124300 40494.000000 74.132401 40432.742188
1751.620500 40566.000000 73.801071 40407.878906
1753.116600 40450.000000 75.324959 40401.937500
1754.612400 40700.000000 75.273102 40350.324219
1756.105100 40681.000000 73.505882 40329.234375
1757.599100 40557.000000 72.387337 40265.214844
1759.091300 40544.000000 72.371475 40240.957031
1760.582000 40541.000000 71.980270 40174.570312
1762.072400 40533.000000 71.182785 40153.500000
1763.561000 40177.000000 71.824669 40107.953125
1765.049600 40160.000000 73.500504 40106.324219
1766.536500 40270.000000 73.851944 40067.722656
1768.023200 40218.000000 72.813721 40055.996094
1769.508100 40142.000000 71.703201 40011.707031
1770.992900 40051.000000 71.897270 40020.527344
1772.477500 40292.000000 71.546150 39985.468750
1773.959000 40199.000000 70.748436 39972.292969
1775.441700 40234.000000 70.785591 39922.941406
1776.922700 39906.000000 71.544998 39940.414062
1778.402100 40288.000000 71.708664 39896.273438
1779.881300 40131.000000 70.501709 39889.000000
1781.358900 39864.000000 70.206642 39847.425781
1782.836200 39875.000000 70.745384 39884.941406
1784.311900 40093.000000 71.139999 39862.058594
1785.787400 39985.000000 69.397026 39868.695312
1787.262600 39886.000000 69.626976 39822.906250
1788.736200 40210.000000 70.962379 39838.617188
1790.208300 39966.000000 71.899483 39806.937500
1791.679800 40034.000000 70.199722 39806.417969
1793.150000 40091.000000 69.015511 39765.605469
1794.619900 40001.000000 68.683243 39760.660156
1796.089600 40047.000000 68.337273 39711.894531
1797.557600 39721.000000 66.252640 39726.210938
1799.023900 39760.000000 65.355667 39689.335938
1800.490100 39926.000000 65.354721 39687.527344
1801.954600 39781.000000 66.201157 39640.164062
1803.418900 39701.000000 64.442474 39644.386719
1804.883100 39475.000000 64.150917 39607.445312
1806.345500 39900.000000 64.752678 39614.769531
1807.806400 39720.000000 65.890213 39574.128906
1809.266800 39479.000000 64.356598 39590.558594
1810.727400 39535.000000 64.200294 39559.359375
1812.186000 39671.000000 65.543594 39574.058594
1813.643300 39653.000000 67.508804 39531.074219
1815.100100 39756.000000 66.759819 39524.855469
1816.556800 39389.000000 66.560104 39488.953125
1818.010400 39454.000000 65.612488 39534.710938
1819.465300 39539.000000 64.991531 39518.917969
1820.918500 39686.000000 62.581421 39517.523438
1822.370100 39450.000000 62.097027 39469.753906
1823.821400 39618.000000 61.693707 39490.843750
1825.272600 39512.000000 61.351860 39463.507812
1826.722200 39622.000000 59.254101 39459.933594
1828.169900 39435.000000 58.904736 39413.796875
1829.617600 39476.000000 58.718719 39430.726562
1831.065200 39425.000000 58.188984 39406.875000
1832.511000 39332.000000 56.482231 39419.972656
1833.956500 39402.000000 56.645569 39380.132812
1835.400500 39380.000000 57.789742 39390.972656
1836.842900 39520.000000 59.231884 39354.230469
1838.285200 39356.000000 58.332764 39357.390625
1839.727100 39182.000000 58.851692 39325.859375
1841.167400 39508.000000 59.666252 39337.792969
1842.606100 39402.000000 60.712025 39299.195312
1844.044400 39217.000000 59.766212 39286.285156
1845.482800 39319.000000 61.278870 39257.382812
1846.919400 39235.000000 63.128460 39281.875000
1848.356000 39059.000000 63.761402 39263.609375
1849.790800 39412.000000 61.811298 39264.382812
1851.224000 39577.000000 61.938435 39213.078125
1852.656900 39100.000000 62.921257 39233.230469
1854.089700 39332.000000 63.880676 39222.988281
1855.520800 39295.000000 62.616638 39252.878906
1856.951800 39145.000000 62.529224 39250.425781
1858.381100 39297.000000 61.955841 39292.226562
1859.808700 39560.000000 61.471375 39285.847656
1861.236300 39600.000000 58.843769 39263.097656
1862.663500 39448.000000 57.649025 39227.535156
1864.089100 39193.000000 56.251457 39301.789062
1865.514600 39275.000000 55.283459 39321.945312
1866.938500 39382.000000 53.594860 39367.996094
1868.360700 39523.000000 54.914082 39342.992188
1869.784200 39460.000000 57.328041 39375.058594
1871.204500 39515.000000 59.155628 39368.121094
1872.624600 39311.000000 58.127647 39405.625000
1874.044700 39564.000000 56.360786 39390.890625
1875.463000 39539.000000 55.676178 39405.832031
1876.881200 39593.000000 56.297722 39405.058594
1878.297700 39512.000000 57.387135 39425.562500
1879.714100 39603.000000 59.058605 39408.953125
1881.128800 39562.000000 59.875782 39472.531250
1882.541900 39821.000000 58.776245 39445.000000
1883.956200 39740.000000 55.273651 39333.378906
1885.367400 39862.000000 51.291595 39156.988281
1886.778600 39802.000000 59.225410 39042.503906
1888.189500 39852.000000 83.675064 39137.707031
