Raman_Shift Original_Spectrum Predicted_Raman Predicted_Baseline
294.894650 54886.000000 242.675812 54272.003906
297.232540 55026.000000 259.243866 54219.093750
299.568300 54744.000000 283.754333 54231.179688
301.905240 54813.000000 291.851013 54264.867188
304.238400 54817.000000 323.155273 54272.160156
306.571040 54618.000000 354.163116 54276.773438
308.903260 55211.000000 367.993256 54273.097656
311.233340 55280.000000 392.101715 54260.542969
313.562930 54808.000000 427.671692 54223.382812
315.890440 54839.000000 467.447662 54198.976562
318.215790 54768.000000 503.832581 54198.949219
320.540680 54942.000000 562.645569 54202.234375
322.865110 54799.000000 633.577515 54220.843750
325.187410 54834.000000 702.719482 54233.750000
327.509250 55376.000000 773.369141 54250.847656
329.828920 55468.000000 866.359863 54286.875000
332.148160 55508.000000 986.351562 54329.101562
334.465270 55789.000000 1118.850586 54379.683594
336.781950 56041.000000 1259.927979 54428.890625
339.096470 56061.000000 1427.036499 54490.640625
341.408870 56438.000000 1622.688721 54564.843750
343.722530 56589.000000 1846.566406 54645.750000
346.032350 57327.000000 2099.426025 54729.875000
348.341740 57414.000000 2397.197754 54817.078125
350.650670 58332.000000 2760.765137 54915.035156
352.957460 58443.000000 3112.867920 55013.289062
355.263760 58918.000000 3427.335938 55103.339844
357.568020 59079.000000 3656.191895 55190.261719
359.871800 59264.000000 3830.905518 55274.203125
362.173430 59522.000000 3929.607422 55362.828125
364.474640 60017.000000 4012.346191 55456.367188
366.773710 59729.000000 4064.684326 55550.648438
369.072360 59627.000000 4128.664551 55647.144531
371.368870 59900.000000 4168.423828 55746.480469
373.664920 59966.000000 4217.885254 55856.101562
375.958890 60294.000000 4201.499023 55967.070312
378.252380 60350.000000 4176.787598 56079.050781
380.543790 60665.000000 4126.723145 56191.527344
382.834750 60711.000000 4060.274170 56311.085938
385.123570 60594.000000 3922.918701 56416.960938
387.411960 60625.000000 3716.761719 56512.101562
389.698210 60624.000000 3469.456299 56603.730469
391.984070 60466.000000 3219.041260 56680.796875
394.267790 59863.000000 2950.698730 56744.226562
396.551060 59736.000000 2673.439209 56800.589844
398.832210 59474.000000 2416.147949 56864.949219
401.112950 59434.000000 2206.921631 56925.140625
403.391570 59384.000000 2014.072021 56984.000000
405.669770 59399.000000 1823.381470 57045.800781
407.945860 59421.000000 1636.972534 57103.789062
410.221470 59043.000000 1473.909424 57155.468750
412.495030 58831.000000 1337.718872 57205.015625
414.768100 58767.000000 1209.929688 57247.984375
417.039090 58598.000000 1086.717773 57279.253906
419.309630 58463.000000 983.725708 57292.753906
421.579740 58270.000000 883.209106 57305.175781
423.846100 58263.000000 802.662476 57321.921875
426.113680 58269.000000 737.946594 57335.730469
428.377470 58326.000000 687.468994 57347.121094
430.642520 58154.000000 640.262085 57360.871094
432.905460 58259.000000 594.200195 57380.484375
435.166320 58144.000000 549.582886 57394.992188
437.426700 58324.000000 517.547241 57401.230469
439.685060 58041.000000 492.624847 57408.488281
441.942900 57909.000000 475.566650 57420.308594
444.198730 58226.000000 458.951233 57426.808594
446.454070 58342.000000 443.004486 57429.750000
448.708980 57895.000000 426.912750 57431.062500
450.961820 58462.000000 411.382324 57437.906250
453.212550 57976.000000 404.504333 57435.828125
455.462890 58220.000000 402.695679 57431.316406
457.711120 58116.000000 398.782349 57429.679688
459.958920 58008.000000 395.510803 57433.109375
462.204590 58144.000000 393.253143 57430.269531
464.449890 57963.000000 391.948181 57428.824219
466.694760 58258.000000 395.969940 57423.046875
468.937500 57833.000000 400.335846 57419.660156
471.178160 58148.000000 405.419373 57403.562500
473.418460 57803.000000 415.814392 57389.304688
475.656620 57855.000000 438.469574 57372.191406
477.894380 58072.000000 467.011658 57362.851562
480.131680 58058.000000 493.955505 57346.042969
482.366910 58012.000000 523.852966 57316.296875
484.600040 57997.000000 563.425171 57282.531250
486.832790 58188.000000 615.626099 57256.195312
489.063450 58419.000000 692.565308 57226.011719
491.293670 58463.000000 791.329224 57182.792969
493.523500 58324.000000 934.396851 57136.132812
495.751190 58666.000000 1114.473511 57090.621094
497.976840 58751.000000 1358.276367 57034.359375
500.202090 59188.000000 1667.884766 56965.886719
502.426910 59441.000000 2056.520996 56903.578125
504.649660 59639.000000 2556.379395 56840.468750
506.870270 60227.000000 3162.767578 56767.859375
509.090550 60473.000000 3821.483643 56707.730469
511.310360 61178.000000 4338.789062 56654.941406
513.528140 61463.000000 4482.464844 56604.292969
515.743770 60847.000000 4091.654297 56518.679688
517.959110 60057.000000 3402.501953 56413.886719
520.173890 59168.000000 2654.495361 56297.242188
522.386660 58324.000000 2033.789673 56183.339844
524.597410 57698.000000 1579.391602 56061.742188
526.807740 57164.000000 1267.953125 55942.039062
529.017580 56966.000000 1038.456421 55830.015625
531.225400 56834.000000 862.928589 55724.835938
533.431210 56549.000000 725.469971 55625.679688
535.636470 56393.000000 637.032288 55538.941406
537.841430 56096.000000 573.620056 55475.656250
540.044310 56291.000000 525.226074 55423.718750
542.245120 56405.000000 489.438721 55377.281250
544.445500 56506.000000 461.311371 55321.886719
546.645450 55889.000000 435.033264 55285.914062
548.843380 55741.000000 414.597107 55264.835938
551.040830 56082.000000 398.339844 55245.011719
553.236330 55940.000000 390.568146 55219.914062
555.429690 56031.000000 388.571228 55204.199219
557.622680 56003.000000 381.652405 55192.378906
559.815250 56179.000000 371.884216 55172.984375
562.005800 56075.000000 370.786560 55154.460938
564.195920 56032.000000 377.365753 55141.394531
566.383910 56078.000000 385.845795 55134.468750
568.569950 56485.000000 388.037231 55121.656250
570.755550 56511.000000 391.191223 55102.609375
572.940730 56531.000000 394.969177 55075.632812
575.123900 56426.000000 400.422424 55049.148438
577.306640 56239.000000 408.752747 55016.398438
579.487300 56090.000000 418.624023 54984.343750
581.665950 55711.000000 431.768311 54957.320312
583.844120 55902.000000 444.250061 54937.617188
586.021970 55684.000000 456.703552 54918.394531
588.197750 55489.000000 470.678894 54895.242188
590.373170 55849.000000 494.576263 54869.898438
592.546450 55849.000000 524.127014 54849.628906
594.719420 55436.000000 551.551758 54824.628906
596.890260 55838.000000 580.347046 54791.781250
599.059140 55495.000000 618.377563 54757.800781
601.229190 55384.000000 660.148560 54730.355469
603.395570 55571.000000 693.248474 54701.542969
605.561580 55553.000000 732.884827 54671.324219
607.727170 55925.000000 788.411316 54642.218750
609.890750 55722.000000 848.549011 54620.996094
612.053960 55707.000000 923.712708 54587.601562
614.215030 55918.000000 1005.738647 54546.953125
616.375790 56051.000000 1110.442139 54502.378906
618.534480 55953.000000 1232.187012 54464.312500
620.692750 56048.000000 1398.575684 54409.738281
622.849000 56414.000000 1590.925171 54334.242188
625.004820 56276.000000 1834.795532 54258.703125
627.158750 56733.000000 2143.614014 54195.031250
629.310490 56893.000000 2469.055176 54146.785156
631.463560 57413.000000 2902.077393 54085.972656
633.612920 57667.000000 3431.766357 54055.281250
635.763490 58536.000000 4236.007324 54028.226562
637.910460 59229.000000 5137.925293 53978.339844
640.058650 60661.000000 6437.446777 53935.375000
642.203190 62351.000000 7979.639648 53963.601562
644.348880 64630.000000 10154.671875 54055.921875
646.491030 67391.000000 12520.605469 54120.914062
648.634400 70320.000000 15509.380859 54276.546875
650.774050 73149.000000 18167.371094 54399.902344
652.914980 75687.000000 20383.423828 54384.937500
655.052250 76667.000000 20771.750000 54345.886719
657.190730 74860.000000 19102.714844 54314.238281
659.325620 71525.000000 16634.080078 54434.367188
661.461730 68902.000000 13793.789062 54314.882812
663.594180 65895.000000 11569.763672 54277.253906
665.727910 63687.000000 9653.775391 54271.281250
667.857910 62435.000000 8194.636719 54260.824219
669.989200 60755.000000 6821.144531 54269.097656
672.118470 60261.000000 5759.623535 54246.582031
674.245670 58796.000000 4830.174805 54182.554688
676.372560 58350.000000 4133.797363 54129.011719
678.497380 57935.000000 3519.753418 54100.527344
680.621830 57388.000000 3009.204834 54076.089844
682.744320 56715.000000 2600.183105 54028.480469
684.866390 56544.000000 2290.463379 53972.207031
686.986450 56328.000000 2071.264160 53934.070312
689.106080 56201.000000 1912.764038 53916.601562
691.223750 55854.000000 1816.688477 53892.328125
693.341000 55966.000000 1782.255859 53872.511719
695.457820 55952.000000 1815.325439 53871.078125
697.571110 55889.000000 1916.648438 53890.843750
699.685610 55815.000000 2109.681152 53902.906250
701.798100 56931.000000 2359.340332 53934.484375
703.908570 57223.000000 2663.763672 53971.492188
706.018620 57091.000000 2879.251953 53999.125000
708.126770 56690.000000 2911.048584 54004.132812
710.234380 56798.000000 2708.805420 53989.222656
712.340150 56383.000000 2376.557129 53970.929688
714.445430 56141.000000 1995.220947 53939.148438
716.550350 55684.000000 1659.128296 53905.476562
718.653260 55193.000000 1368.622925 53851.617188
720.754270 55058.000000 1139.283569 53802.085938
722.854800 54866.000000 959.791870 53755.628906
724.953370 54648.000000 828.933411 53721.527344
727.051570 54472.000000 725.785278 53693.484375
729.149350 54383.000000 627.151733 53674.097656
731.243530 54305.000000 558.381775 53655.695312
733.338990 54535.000000 501.543457 53637.789062
735.432370 54285.000000 447.077637 53620.410156
737.523800 54423.000000 413.547546 53604.023438
739.614870 54167.000000 386.680115 53578.761719
741.705570 53878.000000 364.182068 53556.363281
743.792600 53815.000000 341.387024 53542.058594
745.880920 53848.000000 320.368591 53536.070312
747.967220 53858.000000 305.567108 53521.441406
750.051570 53906.000000 296.999268 53511.203125
752.135500 53807.000000 289.694885 53501.492188
754.219120 54075.000000 275.297394 53497.500000
756.300720 53922.000000 257.610474 53487.929688
758.380310 53659.000000 243.041229 53471.148438
760.459530 53640.000000 227.560104 53459.382812
762.538390 53252.000000 211.359207 53456.085938
764.615300 53829.000000 196.815933 53441.792969
766.690190 53962.000000 186.034790 53424.648438
768.764710 53741.000000 178.774704 53405.976562
770.838810 53846.000000 175.560287 53395.335938
772.909360 53716.000000 171.279480 53379.390625
774.981140 53639.000000 167.079254 53367.007812
777.050960 53741.000000 162.841232 53351.085938
779.120420 53790.000000 158.210373 53331.066406
781.187870 53844.000000 155.849152 53302.468750
783.253420 53450.000000 155.810776 53282.039062
785.318480 53558.000000 154.045593 53260.101562
787.383240 53685.000000 147.628494 53242.222656
789.445980 53402.000000 142.031647 53221.781250
791.506770 53300.000000 138.341476 53206.261719
793.567260 53751.000000 136.294098 53191.289062
795.627260 53646.000000 135.919724 53172.519531
797.685360 53561.000000 137.418716 53141.906250
799.741520 53449.000000 139.761414 53115.746094
801.797240 53228.000000 140.893799 53088.367188
803.852600 53409.000000 136.551758 53064.796875
805.906010 52868.000000 132.931915 53036.136719
807.959050 53348.000000 130.532501 53008.011719
810.010130 53044.000000 131.345581 52981.394531
812.059200 53203.000000 133.843369 52955.523438
814.107970 53410.000000 136.788208 52925.960938
816.156370 53227.000000 140.015915 52892.972656
818.202760 53278.000000 141.428101 52854.328125
820.247190 53071.000000 137.828094 52826.757812
822.292850 52998.000000 135.667709 52788.789062
824.335020 53231.000000 133.984650 52750.609375
826.376770 53137.000000 134.131821 52705.015625
828.418090 52983.000000 132.853729 52663.070312
830.457520 52845.000000 131.794708 52615.652344
832.496640 52995.000000 132.093048 52576.527344
834.533690 52998.000000 133.288696 52526.789062
836.568910 52373.000000 132.774521 52482.167969
838.603700 52505.000000 133.385986 52431.957031
840.638060 52650.000000 134.975616 52381.578125
842.670530 52628.000000 137.763550 52326.289062
844.702640 52464.000000 137.886978 52278.046875
846.732790 52519.000000 136.751984 52223.570312
848.762570 52678.000000 136.891556 52168.824219
850.790470 52120.000000 138.850464 52104.003906
852.816350 52312.000000 138.857956 52052.281250
854.843440 52010.000000 138.294373 51990.605469
856.867070 52624.000000 138.144623 51933.875000
858.890200 52368.000000 141.199615 51866.421875
860.913150 52117.000000 143.140533 51793.605469
862.934020 51732.000000 147.418610 51721.375000
864.954530 51789.000000 155.429169 51654.679688
866.973140 51964.000000 169.455719 51583.320312
868.991390 51604.000000 184.810074 51513.578125
871.007690 52320.000000 210.999710 51444.167969
873.023620 51888.000000 248.390091 51372.574219
875.037660 51469.000000 311.759552 51303.078125
877.051270 51960.000000 399.783630 51236.640625
879.062990 51964.000000 528.741333 51172.593750
881.074340 52228.000000 724.562195 51100.070312
883.083740 52441.000000 997.444153 51027.136719
885.092770 52683.000000 1303.127319 50961.054688
887.099850 52752.000000 1513.029785 50884.335938
889.104980 52681.000000 1491.351440 50802.609375
891.111450 51989.000000 1263.374146 50705.015625
893.114260 51774.000000 964.671509 50618.058594
895.118410 51535.000000 703.534912 50514.867188
897.119020 51319.000000 509.283386 50416.257812
899.120790 51030.000000 381.270142 50310.109375
901.119080 50799.000000 296.554169 50209.460938
903.118650 50646.000000 248.118729 50101.093750
905.114620 50275.000000 219.024628 49997.355469
907.111880 50255.000000 198.552765 49888.738281
909.107180 49999.000000 178.557709 49785.070312
911.100520 50246.000000 163.845856 49683.781250
913.093630 49789.000000 154.016830 49590.832031
915.084660 49651.000000 149.187469 49493.867188
917.075380 49774.000000 144.659698 49398.402344
919.064210 49625.000000 142.505844 49302.074219
921.052730 49427.000000 142.160873 49212.613281
923.039310 49480.000000 143.226013 49122.023438
925.025450 49360.000000 140.742538 49031.265625
927.009770 49107.000000 139.481842 48940.132812
928.993650 49144.000000 140.476471 48855.691406
930.975590 49329.000000 143.262527 48775.812500
932.957280 48963.000000 143.524307 48697.578125
934.937010 49022.000000 145.209244 48618.476562
936.916380 49087.000000 147.301392 48544.875000
938.895390 49002.000000 151.390427 48477.242188
940.870970 48557.000000 154.246399 48417.089844
942.847660 48696.000000 159.851196 48352.207031
944.822510 48583.000000 168.626190 48288.617188
946.795470 48328.000000 185.113068 48233.394531
948.768010 48379.000000 204.178024 48190.234375
950.738710 48338.000000 228.486053 48151.007812
952.708980 48331.000000 261.298462 48099.496094
954.677310 48595.000000 316.915863 48046.046875
956.645390 48704.000000 397.891083 47996.531250
958.613160 48777.000000 526.626282 47958.734375
960.578920 48861.000000 725.111816 47937.894531
962.542720 49245.000000 1038.796021 47930.953125
964.506290 49783.000000 1523.669434 47916.265625
966.467960 50354.000000 2200.370605 47886.429688
968.429260 51086.000000 2895.047363 47833.906250
970.390140 51154.000000 3234.635986 47768.207031
972.347660 50993.000000 2948.282959 47719.484375
974.306270 50245.000000 2239.825684 47666.078125
976.263060 49406.000000 1525.855225 47652.878906
978.218020 48362.000000 1001.307922 47609.878906
980.172490 48334.000000 677.313232 47570.261719
982.125120 48039.000000 496.253357 47536.859375
984.077390 48349.000000 394.329071 47513.414062
986.029360 47672.000000 326.510376 47487.980469
987.979370 48011.000000 273.775085 47463.843750
989.927490 47792.000000 237.833588 47413.488281
991.875310 47681.000000 214.081940 47368.097656
993.822750 47607.000000 195.494537 47324.945312
995.768370 47595.000000 180.067459 47288.125000
997.711980 47507.000000 170.826370 47251.035156
999.655270 47216.000000 165.020676 47214.695312
1001.596700 47438.000000 160.504852 47181.429688
1003.537700 47367.000000 153.967865 47148.289062
1005.478600 47030.000000 147.865021 47118.191406
1007.417400 47289.000000 145.030075 47096.417969
1009.354300 47479.000000 143.197708 47070.191406
1011.291000 47134.000000 140.009995 47045.707031
1013.227200 46966.000000 138.082916 47026.089844
1015.161600 47309.000000 138.476654 47009.410156
1017.094100 46997.000000 139.686020 46987.105469
1019.026200 47088.000000 139.428833 46964.710938
1020.958000 47162.000000 140.469040 46946.230469
1022.888000 46835.000000 144.176468 46923.585938
1024.816000 47077.000000 148.795197 46914.542969
1026.743800 46727.000000 150.700119 46902.187500
1028.671100 46999.000000 155.506348 46892.816406
1030.596600 47256.000000 161.359772 46879.511719
1032.521700 47136.000000 169.134552 46866.871094
1034.444900 47289.000000 175.319885 46858.605469
1036.366300 47455.000000 183.520645 46846.125000
1038.287400 47810.000000 192.194778 46828.011719
1040.208100 47409.000000 204.823273 46810.343750
1042.127000 47007.000000 215.105347 46813.980469
1044.043800 47073.000000 225.805099 46809.687500
1045.960400 47200.000000 240.092560 46792.250000
1047.876700 47169.000000 260.777039 46775.929688
1049.791000 46975.000000 283.688171 46764.750000
1051.705100 47127.000000 315.692657 46755.738281
1053.617300 47264.000000 358.288605 46741.214844
1055.527600 47167.000000 420.307312 46729.332031
1057.437500 47318.000000 507.977386 46720.003906
1059.347300 47768.000000 630.375610 46716.566406
1061.255000 47975.000000 805.099609 46723.035156
1063.162500 47800.000000 1071.795288 46754.832031
1065.068000 48359.000000 1483.445190 46806.972656
1066.971700 48827.000000 2092.990967 46860.156250
1068.875000 49796.000000 2914.947510 46881.304688
1070.778100 50781.000000 3745.828857 46888.839844
1072.679200 51223.000000 4158.232422 46855.742188
1074.580000 50506.000000 3805.839844 46773.773438
1076.479000 49711.000000 3038.371582 46706.648438
1078.377600 48851.000000 2253.064697 46698.000000
1080.274400 48524.000000 1649.430298 46658.457031
1082.169200 48186.000000 1220.594604 46605.011719
1084.065300 47573.000000 932.265747 46567.945312
1085.958000 47176.000000 735.660461 46542.132812
1087.850300 46878.000000 590.887512 46516.785156
1089.742400 47140.000000 495.970886 46500.355469
1091.632600 46807.000000 429.430481 46476.367188
1093.522500 46815.000000 379.182312 46467.132812
1095.410400 46755.000000 340.916870 46448.105469
1097.298100 46816.000000 312.532501 46427.046875
1099.183800 46644.000000 291.990997 46402.199219
1101.069300 46848.000000 276.355103 46384.652344
1102.952900 46435.000000 263.590332 46373.324219
1104.834600 46608.000000 257.969025 46367.960938
1106.717700 46793.000000 255.818085 46347.078125
1108.597200 46627.000000 255.232422 46331.171875
1110.477900 46508.000000 254.483429 46314.152344
1112.355300 46431.000000 255.589081 46305.667969
1114.232300 46322.000000 257.866089 46295.792969
1116.109100 46639.000000 263.798157 46285.984375
1117.984000 46696.000000 267.804962 46264.957031
1119.858500 46300.000000 270.530579 46260.289062
1121.731300 46558.000000 273.522705 46260.730469
1123.603600 46569.000000 279.445496 46247.703125
1125.474100 46657.000000 284.070496 46220.902344
1127.344400 46781.000000 291.500305 46201.933594
1129.212600 46511.000000 300.465088 46181.242188
1131.080700 46574.000000 315.474274 46169.195312
1132.946900 46459.000000 334.154663 46157.250000
1134.812700 46506.000000 353.294159 46169.160156
1136.676800 46543.000000 375.303650 46190.945312
1138.540400 46609.000000 402.673462 46213.859375
1140.402300 47097.000000 438.311462 46210.523438
1142.263800 46752.000000 487.181549 46219.855469
1144.123400 47171.000000 545.227905 46248.582031
1145.982800 46976.000000 622.472778 46257.964844
1147.841800 46911.000000 723.802124 46274.101562
1149.697500 47583.000000 843.238647 46317.343750
1151.554400 47446.000000 996.521362 46356.839844
1153.407800 47671.000000 1192.820679 46400.726562
1155.262600 47906.000000 1472.726685 46448.078125
1157.115500 48642.000000 1833.272461 46510.796875
1158.966400 48822.000000 2238.241699 46563.132812
1160.817100 49406.000000 2635.964844 46614.429688
1162.666000 49832.000000 2908.806885 46609.222656
1164.514500 49842.000000 2952.740234 46586.160156
1166.361300 49457.000000 2814.518311 46590.992188
1168.207600 49587.000000 2532.452881 46630.093750
1170.052200 48899.000000 2259.608398 46640.507812
1171.896500 48755.000000 2040.704346 46611.269531
1173.740400 48762.000000 1896.897095 46634.503906
1175.580900 48693.000000 1803.503540 46652.402344
1177.422900 48833.000000 1778.448975 46638.402344
1179.262700 48914.000000 1842.918213 46653.566406
1181.100700 48647.000000 2008.411499 46659.140625
1182.938600 48975.000000 2255.411133 46691.433594
1184.774500 49324.000000 2611.970459 46726.171875
1186.610200 50053.000000 3043.497559 46759.296875
1188.444000 50219.000000 3618.218262 46846.398438
1190.277500 51418.000000 4334.971680 46977.675781
1192.110700 52463.000000 5250.424805 47051.847656
1193.942000 53272.000000 6156.221680 47124.671875
1195.771600 54057.000000 6941.637695 47131.609375
1197.600700 54539.000000 7276.146973 47188.660156
1199.428100 54286.000000 7132.490723 47188.613281
1201.255200 53967.000000 6602.833496 47200.640625
1203.082000 53149.000000 5864.726074 47184.316406
1204.907000 52138.000000 5049.209473 47170.613281
1206.730100 51365.000000 4346.904297 47088.050781
1208.552900 51187.000000 3816.265137 47047.128906
1210.373900 50706.000000 3531.920654 47018.761719
1212.194600 50633.000000 3424.075684 46992.632812
1214.015000 50677.000000 3505.940186 46975.503906
1215.833500 50757.000000 3707.026855 47008.593750
1217.650300 51152.000000 4098.507812 47084.531250
1219.466700 52206.000000 4696.334961 47238.175781
1221.281300 52855.000000 5565.442383 47391.531250
1223.095600 54242.000000 6632.216309 47565.199219
1224.909500 55563.000000 7808.945312 47691.351562
1226.721700 56541.000000 8762.458984 47794.855469
1228.532000 57058.000000 9296.858398 47843.437500
1230.342000 57086.000000 9196.366211 47936.894531
1232.151700 56290.000000 8461.313477 47973.398438
1233.959700 55072.000000 7322.231445 48023.281250
1235.765900 53999.000000 6010.188477 47927.656250
1237.571700 52495.000000 4809.021973 47869.531250
1239.377100 51746.000000 3885.471436 47840.031250
1241.180800 51202.000000 3224.531006 47816.621094
1242.982700 50405.000000 2783.773438 47845.839844
1244.784200 50446.000000 2503.834473 47909.148438
1246.585300 50290.000000 2393.965820 47907.332031
1248.384900 50001.000000 2390.322510 47916.281250
1250.182500 50138.000000 2537.464355 47925.691406
1251.979700 50506.000000 2737.108398 47967.792969
1253.776900 51293.000000 3089.458008 47958.882812
1255.572000 51863.000000 3567.918701 47977.335938
1257.365500 52200.000000 4312.138184 48010.628906
1259.160000 53459.000000 5304.508789 48060.578125
1260.951300 55182.000000 6770.378906 48190.582031
1262.742300 56960.000000 8646.541992 48372.164062
1264.533100 59644.000000 11126.626953 48562.050781
1266.322000 62548.000000 13645.044922 48789.234375
1268.109000 64569.000000 16305.348633 48879.222656
1269.895800 67040.000000 18083.789062 48814.210938
1271.682400 67735.000000 18429.580078 48716.820312
1273.466900 66629.000000 17261.191406 48733.355469
1275.251500 64003.000000 14868.192383 48718.214844
1277.033900 61064.000000 12358.020508 48886.148438
1278.814700 58611.000000 9795.458008 48856.101562
1280.595200 56582.000000 7800.335938 48922.289062
1282.375400 54621.000000 6143.264648 48933.113281
1284.153800 53246.000000 4907.670898 48852.062500
1285.931900 52727.000000 3930.162109 48902.718750
1287.708100 52191.000000 3216.658447 49015.691406
1289.482500 51590.000000 2680.364746 49030.753906
1291.256800 51602.000000 2293.001221 49062.976562
1293.030600 51014.000000 2009.274414 49091.949219
1294.802900 51143.000000 1784.769897 49140.476562
1296.574600 51015.000000 1620.992920 49149.820312
1298.344600 50841.000000 1497.595703 49174.378906
1300.114400 50659.000000 1418.634277 49230.320312
1301.882300 50857.000000 1360.158691 49291.488281
1303.648300 50776.000000 1330.289795 49349.398438
1305.415800 51091.000000 1322.259155 49420.398438
1307.179700 51160.000000 1339.898682 49502.980469
1308.943500 51483.000000 1379.542236 49584.050781
1310.707000 51404.000000 1448.605347 49661.328125
1312.468600 51487.000000 1540.001953 49731.613281
1314.230000 51957.000000 1668.201172 49809.640625
1315.989500 51947.000000 1827.869873 49899.074219
1317.748800 52384.000000 2077.789307 49988.531250
1319.506200 52860.000000 2423.046387 50085.441406
1321.263400 53634.000000 2935.577393 50188.585938
1323.018900 53878.000000 3602.860596 50320.792969
1324.774000 55063.000000 4455.601562 50482.644531
1326.527300 56276.000000 5469.126465 50642.312500
1328.278900 57702.000000 6617.805664 50778.105469
1330.031700 58815.000000 7655.401367 50945.539062
1331.781100 59719.000000 8387.115234 51028.539062
1333.531900 59777.000000 8394.080078 51110.621094
1335.279300 59199.000000 7725.274902 51153.863281
1337.027800 58048.000000 6719.472656 51198.101562
1338.773200 56899.000000 5605.741211 51233.402344
1340.518300 55742.000000 4580.557129 51246.007812
1342.263100 55514.000000 3726.904785 51260.585938
1344.006000 54467.000000 3042.176758 51270.328125
1345.748700 54116.000000 2542.838867 51308.492188
1347.489500 53683.000000 2163.643799 51344.804688
1349.230200 53481.000000 1870.979736 51389.398438
1350.969100 53182.000000 1638.974976 51444.414062
1352.707500 53508.000000 1486.677612 51497.437500
1354.445900 53248.000000 1376.774780 51541.699219
1356.180900 53318.000000 1334.647461 51584.187500
1357.917000 53230.000000 1333.507446 51631.542969
1359.649900 53392.000000 1380.220825 51672.664062
1361.384200 53352.000000 1472.300659 51711.851562
1363.115000 53735.000000 1635.174805 51746.445312
1364.847000 53776.000000 1869.152954 51791.074219
1366.577400 54240.000000 2221.797119 51830.511719
1368.305900 54762.000000 2745.659668 51886.039062
1370.034300 55630.000000 3537.173340 51965.035156
1371.760600 57129.000000 4633.061035 52061.414062
1373.486900 58349.000000 5951.134277 52157.562500
1375.211300 59516.000000 7119.256836 52236.730469
1376.935400 60167.000000 7818.024902 52287.441406
1378.657800 60333.000000 7730.802246 52296.281250
1380.380000 59568.000000 6926.032227 52264.093750
1382.100200 58002.000000 5788.817383 52236.187500
1383.820300 56962.000000 4568.325684 52211.988281
1385.540200 55903.000000 3483.486328 52145.554688
1387.256500 55113.000000 2666.507568 52086.445312
1388.974200 54605.000000 2049.021973 52035.703125
1390.690300 53644.000000 1631.502686 52004.769531
1392.404400 53655.000000 1338.537720 51976.261719
1394.118400 53338.000000 1132.098877 51944.800781
1395.830400 53142.000000 982.195312 51915.890625
1397.542200 53253.000000 874.821777 51894.539062
1399.252300 53042.000000 797.245422 51876.929688
1400.962200 52690.000000 745.516968 51857.132812
1402.671800 52842.000000 708.996582 51837.921875
1404.379500 52701.000000 691.793579 51819.042969
1406.085600 52707.000000 670.235107 51801.343750
1407.791300 52586.000000 647.134338 51785.375000
1409.495200 52666.000000 635.879272 51762.792969
1411.199000 52757.000000 629.471313 51746.441406
1412.902500 52574.000000 625.578064 51726.109375
1414.604000 52748.000000 624.060181 51702.695312
1416.304000 53007.000000 632.221313 51676.382812
1418.003700 52350.000000 641.847778 51646.539062
1419.701500 52648.000000 637.373596 51614.312500
1421.399000 52260.000000 632.166565 51593.730469
1423.096400 52271.000000 638.546570 51573.320312
1424.792000 52335.000000 654.392456 51564.320312
1426.485700 52277.000000 677.882080 51561.113281
1428.179300 52109.000000 707.755981 51560.121094
1429.871100 52421.000000 746.593628 51552.437500
1431.562500 52606.000000 787.410278 51549.472656
1433.253900 52772.000000 835.192078 51547.468750
1434.943400 52695.000000 890.847839 51535.707031
1436.631000 52851.000000 966.405640 51507.527344
1438.318500 52687.000000 1068.002197 51488.554688
1440.005600 52688.000000 1200.820068 51471.531250
1441.691000 52716.000000 1376.758057 51456.289062
1443.374800 53095.000000 1606.864990 51445.109375
1445.058200 53422.000000 1910.603882 51452.906250
1446.741300 54156.000000 2273.306885 51472.515625
1448.422900 54501.000000 2741.567139 51496.031250
1450.102400 55093.000000 3330.776611 51517.925781
1451.781700 55860.000000 4078.485840 51552.941406
1453.460900 56694.000000 4933.665527 51593.824219
1455.138200 57238.000000 5910.030762 51635.210938
1456.813800 58844.000000 6823.581055 51694.437500
1458.489100 59476.000000 7716.212402 51769.394531
1460.164300 60253.000000 8345.570312 51856.136719
1461.837600 60659.000000 8702.825195 51888.710938
1463.509200 60474.000000 8610.987305 51909.265625
1465.180500 59925.000000 8156.293945 51895.375000
1466.851600 59351.000000 7454.928223 51872.265625
1468.520900 58128.000000 6599.493164 51863.132812
1470.189900 57675.000000 5689.665527 51826.914062
1471.857200 56773.000000 4784.880859 51777.000000
1473.522800 55724.000000 3985.552734 51683.804688
1475.188100 54959.000000 3325.895020 51624.878906
1476.853100 54053.000000 2781.771973 51564.128906
1478.516500 53913.000000 2326.270020 51505.007812
1480.178000 53693.000000 1962.702148 51465.011719
1481.839200 53109.000000 1685.261475 51437.695312
1483.500400 53083.000000 1462.624634 51404.015625
1485.159700 52693.000000 1311.921875 51375.859375
1486.818600 52638.000000 1181.985718 51351.289062
1488.476000 52311.000000 1088.265991 51328.636719
1490.131500 52363.000000 1014.056519 51304.515625
1491.788300 52233.000000 956.278687 51290.140625
1493.441800 52148.000000 914.514954 51282.843750
1495.095100 52227.000000 887.170044 51279.003906
1496.748000 52244.000000 876.580078 51274.406250
1498.399400 52559.000000 875.841492 51270.503906
1500.050400 52106.000000 860.801453 51271.714844
1501.699700 52229.000000 855.030090 51274.738281
1503.347300 52511.000000 861.180786 51279.859375
1504.996100 52377.000000 874.222656 51287.160156
1506.641600 52341.000000 897.089844 51294.242188
1508.287000 52490.000000 926.831055 51299.773438
1509.932000 52497.000000 970.569153 51306.000000
1511.575300 52183.000000 1024.848267 51309.312500
1513.218500 53010.000000 1095.485107 51310.179688
1514.859700 52768.000000 1184.227783 51312.976562
1516.500900 52771.000000 1293.394775 51306.300781
1518.140300 53198.000000 1429.926025 51305.554688
1519.777800 53299.000000 1594.171631 51307.937500
1521.416700 53428.000000 1809.633789 51300.792969
1523.052200 53869.000000 2080.487061 51293.304688
1524.689200 54373.000000 2434.871094 51293.593750
1526.322800 54209.000000 2847.547119 51287.691406
1527.956200 54985.000000 3382.070312 51293.164062
1529.589400 55392.000000 4041.001221 51331.691406
1531.220800 56337.000000 4860.642578 51382.691406
1532.851900 57663.000000 5755.216309 51445.304688
1534.481400 58693.000000 6780.803711 51529.292969
1536.110600 59464.000000 7732.360840 51618.378906
1537.738000 60473.000000 8677.986328 51688.695312
1539.365200 61592.000000 9427.454102 51807.492188
1540.990700 61987.000000 9994.416992 51871.953125
1542.616000 62122.000000 10127.949219 51909.265625
1544.239500 61873.000000 9845.967773 51932.140625
1545.862700 61383.000000 9260.893555 51945.714844
1547.484400 60509.000000 8421.893555 51953.554688
1549.105600 59306.000000 7463.383789 51943.664062
1550.725100 58405.000000 6425.233398 51879.664062
1552.344500 57114.000000 5503.593750 51778.648438
1553.962000 56089.000000 4703.687988 51730.394531
1555.579300 55664.000000 4037.196777 51671.875000
1557.195100 55107.000000 3432.688232 51639.031250
1558.810400 54740.000000 2911.519287 51627.304688
1560.424100 54282.000000 2485.364746 51621.441406
1562.037500 53559.000000 2133.971191 51596.894531
1563.649200 53590.000000 1848.509155 51574.355469
1565.260600 53019.000000 1610.531372 51551.894531
1566.870500 53051.000000 1424.734131 51529.246094
1568.479900 52680.000000 1259.461670 51500.953125
1570.089100 52869.000000 1118.100830 51485.277344
1571.695200 52329.000000 1000.308411 51473.050781
1573.302500 52876.000000 906.372559 51451.250000
1574.906500 52338.000000 822.589722 51439.687500
1576.511800 52332.000000 750.121704 51429.671875
1578.115500 52761.000000 687.428040 51427.121094
1579.717400 52468.000000 634.958252 51432.914062
1581.319100 52254.000000 593.298218 51433.164062
1582.919100 52590.000000 547.284546 51440.171875
1584.518700 52050.000000 508.145905 51449.804688
1586.116600 52249.000000 480.634369 51458.656250
1587.714500 52057.000000 456.374084 51466.773438
1589.310500 52144.000000 425.605042 51481.164062
1590.906300 51977.000000 397.590088 51496.812500
1592.501800 51989.000000 373.707672 51515.781250
1594.095700 51956.000000 352.490723 51529.042969
1595.687900 51826.000000 326.774963 51551.210938
1597.279700 51825.000000 307.621857 51572.335938
1598.869900 52014.000000 289.562500 51593.148438
1600.459700 52306.000000 271.536285 51606.699219
1602.048100 51845.000000 255.650024 51624.156250
1603.636000 51810.000000 242.204590 51636.437500
1605.223900 52145.000000 230.486526 51651.929688
1606.809800 51689.000000 220.914459 51667.031250
1608.394200 51736.000000 209.098602 51689.265625
1609.978300 51948.000000 195.881989 51708.351562
1611.560700 51723.000000 185.101486 51726.765625
1613.142900 52245.000000 176.128082 51739.695312
1614.724700 52309.000000 167.555573 51752.605469
1616.304900 52062.000000 162.607330 51761.023438
1617.883500 52091.000000 158.763641 51778.382812
1619.461800 52186.000000 154.777390 51793.671875
1621.038300 52365.000000 148.720703 51810.144531
1622.614700 52368.000000 143.419586 51815.980469
1624.190800 52113.000000 139.402023 51825.859375
1625.765300 52158.000000 134.739410 51830.839844
1627.337900 52423.000000 127.366837 51843.589844
1628.910400 52038.000000 120.923523 51851.937500
1630.482700 52352.000000 115.369675 51859.796875
1632.053200 52396.000000 109.153336 51863.171875
1633.622100 52306.000000 100.726791 51871.531250
1635.190600 52096.000000 92.177963 51879.820312
1636.759000 52309.000000 85.794258 51889.605469
1638.325700 52506.000000 81.675415 51896.773438
1639.890700 52367.000000 80.074043 51907.058594
1641.455400 52464.000000 78.979507 51909.757812
1643.019900 52094.000000 77.899101 51916.097656
1644.582800 52227.000000 76.537956 51919.585938
1646.143900 52116.000000 74.709976 51923.554688
1647.704700 52355.000000 74.510620 51916.304688
1649.265500 52271.000000 74.736450 51907.378906
1650.824500 52069.000000 74.551323 51895.675781
1652.381600 52320.000000 73.566414 51888.886719
1653.938700 52198.000000 73.925919 51873.667969
1655.495500 52175.000000 74.389793 51851.867188
1657.050700 52172.000000 73.473282 51824.273438
1658.604100 52038.000000 71.717926 51802.886719
1660.157200 52299.000000 70.427437 51772.859375
1661.710200 52132.000000 69.562149 51739.863281
1663.261500 51876.000000 69.128616 51697.550781
1664.811200 51971.000000 68.314201 51661.894531
1666.361900 51672.000000 67.932739 51627.742188
1667.909700 51750.000000 67.234489 51588.332031
1669.457200 52107.000000 65.512749 51549.921875
1671.004300 51414.000000 64.078506 51507.609375
1672.549900 51412.000000 62.406109 51461.042969
1674.093600 51302.000000 61.312355 51414.613281
1675.637300 51536.000000 60.681740 51364.421875
1677.180800 51450.000000 59.899727 51316.457031
1678.722400 51518.000000 59.501686 51265.742188
1680.263900 51452.000000 59.464783 51216.187500
1681.803700 51380.000000 59.759895 51165.265625
1683.341800 51371.000000 60.583397 51116.570312
1684.881200 51227.000000 62.709236 51062.171875
1686.417500 51324.000000 64.339813 51012.914062
1687.953400 51192.000000 64.910789 50960.871094
1689.489100 51244.000000 63.956249 50912.015625
1691.023200 51188.000000 63.232635 50859.933594
1692.557100 51117.000000 62.626686 50815.597656
1694.089200 50916.000000 61.363579 50765.117188
1695.619800 50795.000000 59.833580 50715.183594
1697.151500 50798.000000 59.124199 50661.742188
1698.680200 50797.000000 58.631733 50608.406250
1700.208500 50549.000000 57.984306 50554.828125
1701.736600 50562.000000 56.974903 50507.273438
1703.263100 50820.000000 55.841682 50459.714844
1704.789300 50508.000000 54.343433 50412.925781
1706.314000 50550.000000 51.006050 50364.019531
1707.838100 50668.000000 46.350540 50324.437500
1709.361000 50263.000000 43.675896 50280.996094
1710.883300 50291.000000 42.836262 50232.457031
1712.404100 50302.000000 43.197021 50178.578125
1713.923100 50470.000000 44.658455 50130.542969
1715.443500 50391.000000 45.959831 50085.167969
1716.960700 49913.000000 46.978340 50042.812500
1718.479100 50396.000000 46.606529 49994.816406
1719.994500 50177.000000 45.588737 49949.003906
1721.509600 50028.000000 44.941978 49900.765625
1723.024400 49775.000000 44.696304 49855.878906
1724.537600 49929.000000 44.670395 49800.941406
1726.050700 50034.000000 45.178886 49749.078125
1727.561900 49825.000000 45.774178 49696.628906
1729.073000 50116.000000 46.473598 49651.480469
1730.582400 49738.000000 47.156509 49602.378906
1732.091700 50013.000000 47.571831 49558.863281
1733.599200 49457.000000 49.948502 49513.324219
1735.106600 49768.000000 54.300598 49466.066406
1736.612100 49333.000000 60.311058 49411.320312
1738.117600 49427.000000 67.688644 49355.984375
1739.621300 49478.000000 76.157555 49300.148438
1741.125000 49195.000000 86.142715 49249.652344
1742.626800 49220.000000 102.069565 49196.332031
1744.128400 49294.000000 123.221840 49144.445312
1745.628500 49524.000000 161.327850 49095.910156
1747.128300 49420.000000 222.412796 49061.531250
1748.626300 49547.000000 330.685486 49032.550781
1750.124300 49532.000000 511.178070 49010.339844
1751.620500 49697.000000 800.470215 48984.148438
1753.116600 50808.000000 1149.365234 48953.031250
1754.612400 50347.000000 1367.644897 48909.093750
1756.105100 50259.000000 1286.809448 48870.234375
1757.599100 49922.000000 987.452637 48831.925781
1759.091300 49589.000000 678.224548 48806.191406
1760.582000 49336.000000 452.819489 48760.855469
1762.072400 49257.000000 307.910828 48727.726562
1763.561000 48858.000000 221.528152 48694.757812
1765.049600 48605.000000 170.158173 48655.687500
1766.536500 48835.000000 136.596542 48607.312500
1768.023200 48618.000000 111.402199 48566.597656
1769.508100 48401.000000 95.111397 48528.699219
1770.992900 48433.000000 85.275841 48489.230469
1772.477500 48595.000000 77.418808 48448.542969
1773.959000 48599.000000 70.293396 48410.320312
1775.441700 48525.000000 65.598511 48377.023438
1776.922700 48207.000000 62.466896 48351.621094
1778.402100 48552.000000 59.647083 48323.070312
1779.881300 48470.000000 56.343376 48298.542969
1781.358900 48132.000000 54.534882 48269.691406
1782.836200 49086.000000 53.179222 48249.148438
1784.311900 48620.000000 52.031334 48213.593750
1785.787400 48382.000000 49.577766 48194.535156
1787.262600 48208.000000 47.085529 48161.707031
1788.736200 48340.000000 44.654312 48128.429688
1790.208300 48300.000000 41.724232 48092.183594
1791.679800 48361.000000 38.208721 48065.281250
1793.150000 48217.000000 35.800587 48036.667969
1794.619900 48201.000000 34.406185 48010.523438
1796.089600 48270.000000 33.367481 47988.667969
1797.557600 47972.000000 32.211472 47970.625000
1799.023900 47873.000000 31.034672 47950.910156
1800.490100 47944.000000 29.963446 47924.765625
1801.954600 47936.000000 29.001867 47894.804688
1803.418900 47999.000000 27.840725 47872.789062
1804.883100 47682.000000 27.448456 47848.398438
1806.345500 48109.000000 27.551016 47833.894531
1807.806400 47776.000000 27.721130 47807.375000
1809.266800 47708.000000 27.385788 47795.257812
1810.727400 47548.000000 27.405157 47771.531250
1812.186000 47842.000000 27.884861 47748.320312
1813.643300 47792.000000 28.041485 47723.476562
1815.100100 47818.000000 27.977200 47712.449219
1816.556800 47807.000000 28.284664 47705.660156
1818.010400 47585.000000 28.121944 47694.230469
1819.465300 47712.000000 27.321741 47674.109375
1820.918500 47967.000000 26.201544 47655.195312
1822.370100 47687.000000 26.015915 47634.359375
1823.821400 47846.000000 25.994501 47632.417969
1825.272600 47684.000000 25.503134 47619.812500
1826.722200 47695.000000 24.718941 47608.843750
1828.169900 47612.000000 24.354315 47594.703125
1829.617600 47621.000000 24.349590 47583.937500
1831.065200 47694.000000 24.090038 47576.515625
1832.511000 47512.000000 23.519625 47566.656250
1833.956500 47439.000000 22.843254 47554.156250
1835.400500 47609.000000 22.584875 47540.144531
1836.842900 47872.000000 22.844055 47523.523438
1838.285200 47498.000000 23.158024 47516.828125
1839.727100 47194.000000 23.272152 47516.410156
1841.167400 47527.000000 23.297916 47510.339844
1842.606100 47524.000000 22.982880 47489.500000
1844.044400 47379.000000 22.811438 47472.285156
1845.482800 47349.000000 23.536690 47467.828125
1846.919400 47350.000000 24.233246 47462.621094
1848.356000 47182.000000 24.071280 47450.601562
1849.790800 47474.000000 23.727629 47445.593750
1851.224000 47535.000000 23.797169 47442.406250
1852.656900 47155.000000 24.026768 47441.265625
1854.089700 47495.000000 24.202625 47448.585938
1855.520800 47492.000000 24.027897 47451.316406
1856.951800 47201.000000 23.964323 47459.632812
1858.381100 47445.000000 23.632010 47476.902344
1859.808700 47653.000000 22.823431 47477.683594
1861.236300 47785.000000 22.079716 47475.070312
1862.663500 47586.000000 22.312845 47491.753906
1864.089100 47214.000000 22.287224 47521.273438
1865.514600 47399.000000 21.865377 47539.476562
1866.938500 47613.000000 21.350485 47538.343750
1868.360700 47589.000000 21.338879 47541.585938
1869.784200 47642.000000 21.783813 47554.519531
1871.204500 47493.000000 21.666174 47562.968750
1872.624600 47366.000000 21.327847 47574.027344
1874.044700 47764.000000 20.670490 47586.382812
1875.463000 47678.000000 20.291576 47581.382812
1876.881200 47752.000000 20.277508 47591.457031
1878.297700 47836.000000 20.849796 47596.054688
1879.714100 47762.000000 21.105862 47585.304688
1881.128800 47760.000000 20.887102 47587.328125
1882.541900 47951.000000 20.147417 47585.128906
1883.956200 47942.000000 19.658400 47557.628906
1885.367400 47823.000000 18.353552 47509.910156
1886.778600 47648.000000 20.029266 47497.042969
1888.189500 48091.000000 23.834803 47560.511719
