Raman_Shift Original_Spectrum Predicted_Raman Predicted_Baseline
294.894650 55938.000000 37.001514 55499.539062
297.232540 55966.000000 41.186707 55427.890625
299.568300 56093.000000 45.571503 55489.968750
301.905240 55821.000000 40.829178 55599.175781
304.238400 55895.000000 40.828773 55673.480469
306.571040 55574.000000 37.812828 55712.261719
308.903260 56130.000000 34.486588 55719.515625
311.233340 56229.000000 32.272015 55700.609375
313.562930 55816.000000 33.097439 55667.527344
315.890440 55985.000000 33.790504 55652.792969
318.215790 55595.000000 38.432129 55668.226562
320.540680 55578.000000 45.144466 55683.871094
322.865110 55662.000000 50.168869 55731.753906
325.187410 55508.000000 51.122459 55767.839844
327.509250 55937.000000 49.222023 55811.847656
329.828920 56090.000000 47.417007 55875.656250
332.148160 55925.000000 47.004795 55937.792969
334.465270 56105.000000 47.719124 55999.144531
336.781950 56149.000000 50.159420 56067.386719
339.096470 55976.000000 52.596233 56139.046875
341.408870 56228.000000 54.301086 56216.664062
343.722530 56377.000000 53.082069 56294.757812
346.032350 56565.000000 51.299488 56385.207031
348.341740 56653.000000 51.784050 56473.093750
350.650670 57186.000000 53.015251 56584.734375
352.957460 57166.000000 56.193611 56696.257812
355.263760 57294.000000 58.195423 56807.207031
357.568020 57151.000000 57.562328 56910.796875
359.871800 57489.000000 55.198151 57022.140625
362.173430 57465.000000 53.019615 57131.097656
364.474640 57849.000000 51.584278 57242.968750
366.773710 57658.000000 51.918011 57351.464844
369.072360 57639.000000 53.711815 57473.390625
371.368870 57843.000000 52.285686 57588.406250
373.664920 57820.000000 49.338509 57704.964844
375.958890 58075.000000 45.868710 57814.519531
378.252380 58332.000000 43.975342 57932.953125
380.543790 58416.000000 42.806286 58040.992188
382.834750 58602.000000 43.089245 58145.015625
385.123570 58570.000000 45.206547 58233.035156
387.411960 58944.000000 49.448727 58324.800781
389.698210 59093.000000 55.146839 58401.429688
391.984070 59180.000000 62.121624 58473.714844
394.267790 59113.000000 67.471298 58531.007812
396.551060 59225.000000 71.495720 58598.718750
398.832210 59092.000000 71.813499 58656.718750
401.112950 59195.000000 70.685699 58714.125000
403.391570 59623.000000 69.908943 58759.859375
405.669770 59323.000000 71.233253 58817.363281
407.945860 59716.000000 74.316673 58849.445312
410.221470 59622.000000 80.543556 58887.050781
412.495030 59653.000000 87.614716 58919.480469
414.768100 59362.000000 94.842072 58962.882812
417.039090 59421.000000 98.739166 58990.792969
419.309630 59382.000000 102.298409 59021.261719
421.579740 59450.000000 105.269852 59056.445312
423.846100 59336.000000 109.024719 59095.609375
426.113680 59535.000000 114.519455 59113.687500
428.377470 59522.000000 122.790932 59141.546875
430.642520 59284.000000 131.243790 59168.539062
432.905460 59774.000000 138.918930 59200.542969
435.166320 59753.000000 143.407455 59225.386719
437.426700 59789.000000 149.837463 59247.535156
439.685060 59596.000000 157.703690 59267.285156
441.942900 59654.000000 165.707916 59298.968750
444.198730 59596.000000 168.552460 59312.773438
446.454070 59868.000000 173.140396 59330.617188
448.708980 59547.000000 179.127228 59347.835938
450.961820 59935.000000 184.850922 59363.820312
453.212550 59796.000000 190.356552 59366.976562
455.462890 59585.000000 201.273483 59372.085938
457.711120 59879.000000 213.160492 59370.593750
459.958920 59713.000000 226.890961 59380.082031
462.204590 59977.000000 238.443848 59369.835938
464.449890 59877.000000 254.452316 59362.871094
466.694760 59826.000000 274.967102 59355.613281
468.937500 59581.000000 298.698853 59355.890625
471.178160 59822.000000 316.988464 59333.847656
473.418460 59834.000000 339.358398 59317.785156
475.656620 59720.000000 372.132324 59301.816406
477.894380 59947.000000 410.269531 59293.492188
480.131680 59734.000000 446.392487 59274.585938
482.366910 59967.000000 491.744629 59246.355469
484.600040 59926.000000 547.528992 59218.507812
486.832790 59936.000000 622.436523 59196.835938
489.063450 60448.000000 722.005615 59169.289062
491.293670 60085.000000 842.801758 59140.933594
493.523500 60244.000000 1011.510437 59098.218750
495.751190 60442.000000 1236.196045 59063.640625
497.976840 60758.000000 1525.579590 59016.316406
500.202090 61079.000000 1869.263062 58960.792969
502.426910 61425.000000 2307.169434 58892.589844
504.649660 61817.000000 2864.651855 58831.457031
506.870270 62480.000000 3494.722168 58759.449219
509.090550 62640.000000 4134.200195 58701.214844
511.310360 63300.000000 4610.966797 58632.542969
513.528140 63526.000000 4862.699707 58575.570312
515.743770 63325.000000 4741.550293 58490.832031
517.959110 62724.000000 4324.354492 58398.152344
520.173890 62163.000000 3681.457520 58281.339844
522.386660 61227.000000 2995.555176 58169.300781
524.597410 60541.000000 2394.934814 58048.472656
526.807740 59747.000000 1954.745483 57927.996094
529.017580 59542.000000 1598.678711 57800.320312
531.225400 59139.000000 1322.967651 57668.578125
533.431210 58726.000000 1087.840088 57532.093750
535.636470 58491.000000 940.324829 57404.546875
537.841430 57956.000000 832.913269 57304.007812
540.044310 58278.000000 762.625122 57214.058594
542.245120 58362.000000 721.846924 57135.457031
544.445500 58590.000000 706.144043 57047.648438
546.645450 57975.000000 709.267029 56984.292969
548.843380 57695.000000 722.816528 56939.171875
551.040830 58032.000000 730.458130 56900.500000
553.236330 58049.000000 763.361267 56864.578125
555.429690 58198.000000 823.658020 56846.531250
557.622680 58354.000000 902.280151 56831.539062
559.815250 58559.000000 1034.573486 56801.578125
562.005800 58663.000000 1219.192993 56770.851562
564.195920 58403.000000 1502.819092 56747.488281
566.383910 59382.000000 1899.332642 56744.046875
568.569950 60009.000000 2442.605957 56751.250000
570.755550 60595.000000 3015.274658 56758.320312
572.940730 60743.000000 3249.388428 56728.164062
575.123900 60127.000000 2937.475830 56693.921875
577.306640 59580.000000 2300.358643 56644.328125
579.487300 59041.000000 1775.068604 56606.601562
581.665950 58627.000000 1408.525391 56563.195312
583.844120 58552.000000 1176.402466 56522.886719
586.021970 58088.000000 1029.811523 56481.972656
588.197750 58128.000000 955.532898 56448.312500
590.373170 58081.000000 926.402527 56412.128906
592.546450 57961.000000 909.897461 56388.257812
594.719420 57433.000000 899.411804 56366.324219
596.890260 57836.000000 911.421265 56332.527344
599.059140 57398.000000 940.291809 56310.960938
601.229190 57342.000000 982.266479 56292.417969
603.395570 57581.000000 1010.850220 56269.820312
605.561580 57385.000000 1046.444458 56244.851562
607.727170 57970.000000 1103.033325 56214.718750
609.890750 57722.000000 1168.073975 56200.476562
612.053960 57868.000000 1249.799072 56167.031250
614.215030 57837.000000 1340.102051 56126.109375
616.375790 57989.000000 1459.363770 56076.851562
618.534480 57988.000000 1617.045654 56034.101562
620.692750 58233.000000 1831.270752 55979.421875
622.849000 58693.000000 2089.637207 55894.652344
625.004820 58419.000000 2415.048828 55801.820312
627.158750 58857.000000 2846.988037 55716.500000
629.310490 59480.000000 3287.783691 55660.156250
631.463560 59981.000000 3891.018799 55594.996094
633.612920 60291.000000 4613.272461 55562.210938
635.763490 61544.000000 5714.012695 55519.984375
637.910460 62702.000000 6898.181152 55486.976562
640.058650 64459.000000 8621.600586 55511.199219
642.203190 66818.000000 10539.068359 55615.031250
644.348880 69515.000000 13316.914062 55844.750000
646.491030 73142.000000 16307.771484 56034.433594
648.634400 76644.000000 20262.064453 56273.128906
650.774050 80569.000000 23694.771484 56462.667969
652.914980 84023.000000 26702.964844 56387.679688
655.052250 85026.000000 27295.822266 56311.945312
657.190730 83046.000000 25163.943359 56221.796875
659.325620 79090.000000 22118.519531 56309.375000
661.461730 75491.000000 18604.300781 56096.851562
663.594180 72073.000000 15875.857422 56116.089844
665.727910 69089.000000 13433.573242 56167.375000
667.857910 67339.000000 11573.041016 56159.515625
669.989200 65322.000000 9704.529297 56128.335938
672.118470 64042.000000 8273.490234 56114.734375
674.245670 62694.000000 7006.989746 56041.132812
676.372560 61774.000000 6087.534180 55922.230469
678.497380 61098.000000 5208.210449 55825.968750
680.621830 60373.000000 4453.880371 55814.250000
682.744320 59620.000000 3833.484863 55755.921875
684.866390 59214.000000 3360.617188 55691.093750
686.986450 58777.000000 2983.310059 55651.617188
689.106080 58478.000000 2704.087402 55638.398438
691.223750 58111.000000 2515.230713 55598.132812
693.341000 57978.000000 2389.900879 55564.085938
695.457820 58099.000000 2314.608154 55551.292969
697.571110 57941.000000 2286.368896 55562.902344
699.685610 57803.000000 2334.437012 55556.093750
701.798100 58007.000000 2424.454590 55546.062500
703.908570 58660.000000 2617.395996 55549.703125
706.018620 58608.000000 2842.860596 55561.984375
708.126770 58435.000000 3074.879639 55554.773438
710.234380 58843.000000 3191.236816 55522.105469
712.340150 58478.000000 3114.184326 55502.410156
714.445430 58595.000000 2863.451660 55467.035156
716.550350 57980.000000 2549.760986 55427.593750
718.653260 57479.000000 2189.220215 55370.980469
720.754270 57315.000000 1863.575562 55320.445312
722.854800 56926.000000 1574.437256 55267.007812
724.953370 56745.000000 1351.871826 55211.132812
727.051570 56424.000000 1168.788940 55150.097656
729.149350 56043.000000 1004.396484 55102.363281
731.243530 56130.000000 884.147827 55057.859375
733.338990 56190.000000 787.677856 55017.214844
735.432370 56163.000000 698.266296 54967.421875
737.523800 56012.000000 645.700562 54917.277344
739.614870 55834.000000 604.934143 54868.632812
741.705570 55431.000000 569.337524 54835.460938
743.792600 55481.000000 534.350708 54806.835938
745.880920 55428.000000 506.670105 54787.867188
747.967220 55538.000000 487.881287 54761.785156
750.051570 55188.000000 476.002686 54751.453125
752.135500 55272.000000 461.304749 54743.535156
754.219120 55393.000000 433.431580 54741.296875
756.300720 55494.000000 406.424866 54724.816406
758.380310 55202.000000 385.577698 54706.828125
760.459530 55094.000000 364.358154 54685.535156
762.538390 54870.000000 339.695038 54683.429688
764.615300 55373.000000 317.821625 54668.906250
766.690190 55423.000000 301.953247 54653.933594
768.764710 55193.000000 287.823212 54635.343750
770.838810 55277.000000 282.717102 54628.398438
772.909360 55096.000000 274.864380 54613.687500
774.981140 55087.000000 267.450500 54602.855469
777.050960 55199.000000 260.901733 54584.136719
779.120420 55224.000000 256.083527 54564.519531
781.187870 55011.000000 254.736908 54534.093750
783.253420 54954.000000 258.123474 54512.234375
785.318480 54774.000000 258.667114 54489.601562
787.383240 54968.000000 251.194168 54470.164062
789.445980 54829.000000 239.775726 54443.832031
791.506770 54652.000000 231.470413 54423.445312
793.567260 54991.000000 225.923630 54400.285156
795.627260 54897.000000 222.852753 54383.710938
797.685360 54978.000000 221.824677 54351.835938
799.741520 54708.000000 224.916916 54328.906250
801.797240 54829.000000 227.403763 54290.871094
803.852600 54740.000000 222.770950 54260.050781
805.906010 54171.000000 217.893875 54227.207031
807.959050 54793.000000 214.929108 54191.886719
810.010130 54253.000000 213.991653 54163.656250
812.059200 54318.000000 216.152588 54128.859375
814.107970 54864.000000 220.436401 54082.281250
816.156370 54505.000000 227.502350 54041.371094
818.202760 54589.000000 232.698563 53991.800781
820.247190 54324.000000 228.349335 53954.570312
822.292850 54236.000000 224.679276 53905.089844
824.335020 54414.000000 222.493134 53862.058594
826.376770 54200.000000 221.641556 53816.300781
828.418090 54402.000000 221.622360 53772.179688
830.457520 54202.000000 222.136078 53717.464844
832.496640 54278.000000 225.161911 53663.398438
834.533690 54119.000000 226.551956 53599.964844
836.568910 53662.000000 223.533249 53549.359375
838.603700 53867.000000 222.933640 53485.652344
840.638060 53913.000000 224.771576 53428.386719
842.670530 53720.000000 226.142120 53373.718750
844.702640 53572.000000 223.114502 53325.777344
846.732790 53801.000000 217.514801 53266.902344
848.762570 53721.000000 216.428024 53209.027344
850.790470 53291.000000 218.129120 53146.656250
852.816350 53619.000000 218.839432 53095.183594
854.843440 53273.000000 218.726318 53036.789062
856.867070 53709.000000 220.818436 52975.171875
858.890200 53376.000000 226.078705 52909.093750
860.913150 53424.000000 232.440430 52840.054688
862.934020 53134.000000 244.044952 52767.265625
864.954530 53119.000000 259.837982 52698.531250
866.973140 53104.000000 278.236816 52623.214844
868.991390 52802.000000 296.981354 52551.101562
871.007690 53333.000000 328.641052 52465.984375
873.023620 53186.000000 373.439301 52390.625000
875.037660 52878.000000 446.769684 52306.273438
877.051270 53166.000000 534.659668 52227.585938
879.062990 53307.000000 641.932800 52142.394531
881.074340 53237.000000 776.169495 52059.269531
883.083740 53337.000000 929.982056 51967.503906
885.092770 53419.000000 1086.572998 51883.796875
887.099850 53471.000000 1194.104492 51790.703125
889.104980 53472.000000 1208.485596 51701.750000
891.111450 52817.000000 1129.868042 51601.480469
893.114260 52705.000000 992.601440 51507.007812
895.118410 52754.000000 849.927612 51391.273438
897.119020 52757.000000 724.563904 51287.031250
899.120790 52302.000000 617.662659 51168.597656
901.119080 52073.000000 522.238342 51054.234375
903.118650 51871.000000 455.107513 50931.132812
905.114620 51616.000000 402.499054 50814.593750
907.111880 51409.000000 355.573425 50692.128906
909.107180 51094.000000 314.534363 50581.468750
911.100520 51364.000000 285.366364 50474.234375
913.093630 50847.000000 267.405029 50370.414062
915.084660 50707.000000 258.444641 50260.558594
917.075380 50848.000000 254.078613 50154.937500
919.064210 50644.000000 253.325272 50054.058594
921.052730 50300.000000 255.592697 49963.289062
923.039310 50508.000000 260.148285 49866.742188
925.025450 50318.000000 261.949951 49767.781250
927.009770 50146.000000 264.354126 49669.035156
928.993650 50036.000000 269.071045 49583.164062
930.975590 50282.000000 278.636536 49500.976562
932.957280 49812.000000 284.384644 49418.226562
934.937010 49917.000000 289.602631 49332.605469
936.916380 50007.000000 295.742310 49257.113281
938.895390 49840.000000 308.111023 49181.742188
940.870970 49621.000000 321.643585 49119.324219
942.847660 49653.000000 343.012604 49050.210938
944.822510 49736.000000 371.351715 48985.472656
946.795470 49433.000000 413.273438 48925.667969
948.768010 49417.000000 464.511047 48884.921875
950.738710 49511.000000 531.791626 48845.625000
952.708980 49519.000000 627.214966 48799.312500
954.677310 49812.000000 773.257690 48770.695312
956.645390 49988.000000 976.050781 48746.480469
958.613160 50492.000000 1251.760132 48724.417969
960.578920 50793.000000 1609.831177 48735.160156
962.542720 51272.000000 2062.414307 48729.859375
964.506290 51618.000000 2659.345215 48732.425781
966.467960 52261.000000 3336.270020 48758.773438
968.429260 53029.000000 3969.432861 48738.187500
970.390140 53179.000000 4300.087891 48690.488281
972.347660 52956.000000 4218.979492 48651.136719
974.306270 52559.000000 3801.558594 48571.890625
976.263060 51897.000000 3226.547363 48520.242188
978.218020 50666.000000 2584.371094 48424.636719
980.172490 50334.000000 2000.226562 48332.253906
982.125120 49770.000000 1523.251709 48218.410156
984.077390 49793.000000 1190.676392 48166.503906
986.029360 49148.000000 956.839661 48110.328125
987.979370 49082.000000 779.372437 48065.000000
989.927490 48957.000000 652.088196 48018.718750
991.875310 48558.000000 555.417114 47979.632812
993.822750 48481.000000 478.901459 47943.238281
995.768370 48361.000000 420.823151 47902.097656
997.711980 48390.000000 379.218536 47858.703125
999.655270 48070.000000 347.967407 47810.496094
1001.596700 48365.000000 322.717468 47770.734375
1003.537700 48085.000000 300.585938 47737.796875
1005.478600 47774.000000 285.004364 47704.703125
1007.417400 48202.000000 275.813782 47676.269531
1009.354300 48225.000000 267.821808 47639.957031
1011.291000 47848.000000 256.709625 47615.968750
1013.227200 47850.000000 246.466965 47602.285156
1015.161600 47906.000000 239.156372 47585.292969
1017.094100 47771.000000 234.449997 47560.203125
1019.026200 47971.000000 226.780365 47530.761719
1020.958000 47812.000000 223.178009 47496.699219
1022.888000 47527.000000 224.023880 47480.523438
1024.816000 47639.000000 223.545334 47479.105469
1026.743800 47353.000000 218.928757 47475.691406
1028.671100 47903.000000 217.534424 47476.277344
1030.596600 47794.000000 218.973267 47462.554688
1032.521700 47793.000000 223.867233 47456.035156
1034.444900 48020.000000 226.598557 47442.035156
1036.366300 47985.000000 232.520599 47423.003906
1038.287400 48045.000000 241.404007 47404.800781
1040.208100 47950.000000 253.212433 47388.828125
1042.127000 47586.000000 260.190765 47388.402344
1044.043800 47820.000000 269.391418 47403.734375
1045.960400 47966.000000 282.551575 47404.417969
1047.876700 47798.000000 302.489410 47400.167969
1049.791000 47854.000000 323.357269 47398.359375
1051.705100 47863.000000 349.909088 47409.156250
1053.617300 48110.000000 386.530151 47427.421875
1055.527600 47897.000000 439.321381 47433.445312
1057.437500 48180.000000 516.082336 47421.378906
1059.347300 48529.000000 618.795349 47422.804688
1061.255000 48538.000000 771.390442 47451.855469
1063.162500 48578.000000 1017.865051 47505.625000
1065.068000 49007.000000 1435.712036 47572.812500
1066.971700 49922.000000 2117.620361 47649.554688
1068.875000 50851.000000 3127.780762 47690.226562
1070.778100 52198.000000 4214.341797 47700.726562
1072.679200 52588.000000 4753.776367 47664.074219
1074.580000 51831.000000 4262.009766 47559.695312
1076.479000 50685.000000 3219.650146 47467.363281
1078.377600 49701.000000 2226.604004 47443.382812
1080.274400 49172.000000 1544.092529 47383.773438
1082.169200 48856.000000 1114.892456 47307.625000
1084.065300 48124.000000 852.984741 47266.378906
1085.958000 47722.000000 686.907959 47230.292969
1087.850300 47531.000000 557.129639 47203.878906
1089.742400 47764.000000 475.901215 47184.898438
1091.632600 47628.000000 422.458252 47158.648438
1093.522500 47552.000000 380.661469 47139.484375
1095.410400 47437.000000 349.507263 47103.937500
1097.298100 47513.000000 327.258240 47079.402344
1099.183800 47336.000000 312.080048 47063.703125
1101.069300 47545.000000 298.985046 47048.902344
1102.952900 47231.000000 286.706604 47029.097656
1104.834600 47317.000000 284.290405 47018.839844
1106.717700 47423.000000 286.195831 46999.906250
1108.597200 47421.000000 288.244080 46982.734375
1110.477900 47061.000000 287.941162 46961.492188
1112.355300 47194.000000 288.871765 46944.589844
1114.232300 47080.000000 293.199982 46935.714844
1116.109100 47270.000000 301.045776 46937.570312
1117.984000 47304.000000 306.499512 46914.175781
1119.858500 46845.000000 310.435242 46910.570312
1121.731300 47310.000000 315.722076 46926.621094
1123.603600 47289.000000 323.096802 46925.972656
1125.474100 47373.000000 329.364258 46896.324219
1127.344400 47648.000000 338.013153 46861.031250
1129.212600 47127.000000 349.047577 46844.066406
1131.080700 47201.000000 367.292908 46825.078125
1132.946900 47146.000000 390.088409 46811.921875
1134.812700 47249.000000 415.227936 46832.125000
1136.676800 47308.000000 446.065857 46862.367188
1138.540400 47270.000000 478.897064 46888.496094
1140.402300 47668.000000 519.104797 46887.757812
1142.263800 47633.000000 570.165405 46891.265625
1144.123400 47824.000000 630.453552 46913.285156
1145.982800 47634.000000 713.215210 46921.839844
1147.841800 47580.000000 821.810242 46954.468750
1149.697500 48225.000000 946.234253 47017.371094
1151.554400 48238.000000 1102.471191 47071.339844
1153.407800 48555.000000 1296.859131 47120.921875
1155.262600 48869.000000 1568.785156 47166.656250
1157.115500 49368.000000 1890.282837 47225.468750
1158.966400 49463.000000 2213.496338 47279.089844
1160.817100 49928.000000 2481.872070 47317.164062
1162.666000 50175.000000 2611.252930 47297.140625
1164.514500 49973.000000 2556.892822 47261.449219
1166.361300 49864.000000 2393.548340 47296.367188
1168.207600 49875.000000 2155.297119 47337.789062
1170.052200 49287.000000 1978.940430 47337.609375
1171.896500 49179.000000 1883.071533 47322.292969
1173.740400 49407.000000 1871.084717 47368.312500
1175.580900 49401.000000 1916.996460 47397.488281
1177.422900 49671.000000 2023.686279 47358.808594
1179.262700 49827.000000 2223.816895 47364.667969
1181.100700 49869.000000 2537.349121 47394.089844
1182.938600 50335.000000 2963.168457 47454.351562
1184.774500 50986.000000 3542.401855 47501.742188
1186.610200 51843.000000 4184.928711 47539.062500
1188.444000 52311.000000 4976.410156 47678.152344
1190.277500 53595.000000 5859.669434 47875.882812
1192.110700 54820.000000 6913.466309 47979.894531
1193.942000 55738.000000 7885.057617 48045.035156
1195.771600 56657.000000 8774.977539 48056.648438
1197.600700 56962.000000 9204.965820 48155.429688
1199.428100 57191.000000 9180.799805 48142.238281
1201.255200 56738.000000 8729.919922 48136.441406
1203.082000 56116.000000 7965.758789 48105.593750
1204.907000 54966.000000 7002.870117 48075.156250
1206.730100 54114.000000 6060.254883 47953.039062
1208.552900 53397.000000 5273.434082 47889.187500
1210.373900 52700.000000 4767.087402 47860.964844
1212.194600 52318.000000 4483.042969 47788.273438
1214.015000 52461.000000 4434.479004 47716.761719
1215.833500 52323.000000 4522.635742 47739.187500
1217.650300 52942.000000 4872.583984 47794.039062
1219.466700 53690.000000 5474.368164 47958.593750
1221.281300 54492.000000 6426.675293 48158.160156
1223.095600 56233.000000 7686.301758 48410.617188
1224.909500 57879.000000 9240.800781 48597.199219
1226.721700 59466.000000 10627.174805 48761.027344
1228.532000 60192.000000 11655.375977 48829.667969
1230.342000 60816.000000 11878.159180 48906.324219
1232.151700 59666.000000 11085.806641 48912.621094
1233.959700 58390.000000 9666.718750 48925.648438
1235.765900 56733.000000 7953.610352 48770.691406
1237.571700 55048.000000 6390.959473 48704.902344
1239.377100 53705.000000 5162.818359 48660.886719
1241.180800 52967.000000 4275.224121 48594.515625
1242.982700 52253.000000 3677.199707 48584.949219
1244.784200 51859.000000 3298.167969 48626.011719
1246.585300 51706.000000 3157.287598 48652.644531
1248.384900 51422.000000 3156.681396 48654.222656
1250.182500 51727.000000 3353.973389 48641.675781
1251.979700 52109.000000 3601.543701 48693.425781
1253.776900 53008.000000 4058.968750 48702.851562
1255.572000 53535.000000 4655.062012 48743.113281
1257.365500 54150.000000 5611.704590 48773.667969
1259.160000 55756.000000 6854.656250 48810.519531
1260.951300 58033.000000 8738.960938 48964.183594
1262.742300 60000.000000 11073.777344 49240.023438
1264.533100 63543.000000 14355.439453 49526.332031
1266.322000 67453.000000 17713.976562 49853.429688
1268.109000 70414.000000 21519.082031 49960.640625
1269.895800 73846.000000 24054.222656 49825.324219
1271.682400 74831.000000 24791.509766 49596.082031
1273.466900 73978.000000 23619.708984 49592.871094
1275.251500 70785.000000 20784.710938 49483.410156
1277.033900 67194.000000 17655.953125 49661.195312
1278.814700 63788.000000 14162.004883 49615.671875
1280.595200 61011.000000 11405.000000 49749.445312
1282.375400 58056.000000 8969.296875 49801.085938
1284.153800 55919.000000 7147.977539 49665.796875
1285.931900 54870.000000 5659.166016 49670.710938
1287.708100 54059.000000 4602.137695 49795.359375
1289.482500 53159.000000 3807.113770 49781.093750
1291.256800 52918.000000 3244.651611 49745.671875
1293.030600 52421.000000 2806.020996 49743.632812
1294.802900 52360.000000 2463.020752 49800.289062
1296.574600 52491.000000 2214.940918 49789.433594
1298.344600 51941.000000 2030.744507 49779.449219
1300.114400 51724.000000 1915.534790 49826.933594
1301.882300 52050.000000 1831.217773 49910.210938
1303.648300 52016.000000 1791.248657 49962.843750
1305.415800 52222.000000 1780.581421 49980.527344
1307.179700 52342.000000 1802.052368 50043.859375
1308.943500 52569.000000 1862.978882 50127.343750
1310.707000 52483.000000 1966.399170 50203.281250
1312.468600 52533.000000 2103.249268 50259.757812
1314.230000 53186.000000 2288.627441 50333.781250
1315.989500 53372.000000 2504.291504 50440.691406
1317.748800 53634.000000 2838.560547 50550.863281
1319.506200 54340.000000 3285.161377 50679.617188
1321.263400 55186.000000 3948.794189 50831.074219
1323.018900 55817.000000 4773.738770 51043.101562
1324.774000 57124.000000 5801.258789 51294.195312
1326.527300 58530.000000 6957.533691 51528.523438
1328.278900 60105.000000 8271.474609 51686.320312
1330.031700 61257.000000 9501.175781 51898.414062
1331.781100 62357.000000 10537.737305 51998.832031
1333.531900 62971.000000 10837.681641 52122.816406
1335.279300 62539.000000 10313.307617 52185.375000
1337.027800 61407.000000 9236.137695 52213.703125
1338.773200 59984.000000 7889.647461 52232.500000
1340.518300 58320.000000 6569.250977 52228.238281
1342.263100 57656.000000 5394.510742 52178.890625
1344.006000 56447.000000 4442.723633 52099.675781
1345.748700 55880.000000 3716.146484 52088.328125
1347.489500 55314.000000 3135.809326 52062.257812
1349.230200 54913.000000 2669.243164 52061.535156
1350.969100 54405.000000 2286.696045 52089.554688
1352.707500 54672.000000 2026.245483 52096.898438
1354.445900 54518.000000 1834.713135 52109.023438
1356.180900 54366.000000 1741.080322 52140.691406
1357.917000 54286.000000 1700.262451 52177.304688
1359.649900 54313.000000 1721.006470 52202.941406
1361.384200 54210.000000 1785.018188 52221.480469
1363.115000 54633.000000 1924.217041 52243.472656
1364.847000 54617.000000 2117.958008 52295.207031
1366.577400 55413.000000 2439.291748 52350.433594
1368.305900 55641.000000 2915.060303 52422.574219
1370.034300 56421.000000 3647.568848 52526.097656
1371.760600 57894.000000 4722.614258 52667.851562
1373.486900 59017.000000 6133.668457 52796.394531
1375.211300 60973.000000 7658.887695 52941.000000
1376.935400 62283.000000 9037.457031 53003.886719
1378.657800 62955.000000 9619.407227 53038.117188
1380.380000 62354.000000 8959.896484 53058.289062
1382.100200 60588.000000 7512.676758 53070.128906
1383.820300 58810.000000 5813.911621 52943.710938
1385.540200 57679.000000 4355.894531 52805.132812
1387.256500 56395.000000 3293.622314 52732.363281
1388.974200 55818.000000 2510.882080 52633.773438
1390.690300 54805.000000 1994.072266 52598.117188
1392.404400 54869.000000 1631.383545 52566.632812
1394.118400 54372.000000 1381.860229 52541.226562
1395.830400 54022.000000 1205.292725 52518.046875
1397.542200 54096.000000 1076.854736 52496.644531
1399.252300 54063.000000 982.632507 52476.066406
1400.962200 53519.000000 925.989075 52457.410156
1402.671800 53777.000000 887.876831 52434.656250
1404.379500 53545.000000 872.031860 52424.992188
1406.085600 53559.000000 852.457886 52413.558594
1407.791300 53393.000000 830.825867 52403.363281
1409.495200 53514.000000 824.328491 52379.582031
1411.199000 53802.000000 822.205872 52359.105469
1412.902500 53495.000000 819.451355 52334.636719
1414.604000 53728.000000 820.524231 52306.242188
1416.304000 53748.000000 834.180664 52264.871094
1418.003700 53352.000000 849.946899 52230.906250
1419.701500 53469.000000 852.065063 52187.980469
1421.399000 53241.000000 853.436401 52162.386719
1423.096400 53216.000000 865.296692 52133.625000
1424.792000 53126.000000 887.886902 52119.042969
1426.485700 53095.000000 919.023804 52109.820312
1428.179300 53177.000000 961.043823 52105.828125
1429.871100 53403.000000 1018.463013 52090.972656
1431.562500 53583.000000 1086.173218 52085.617188
1433.253900 53576.000000 1158.721924 52082.832031
1434.943400 53628.000000 1242.263916 52068.562500
1436.631000 53861.000000 1355.002930 52028.214844
1438.318500 53662.000000 1511.315796 52005.375000
1440.005600 53868.000000 1709.929077 51985.667969
1441.691000 53854.000000 1970.611328 51971.824219
1443.374800 54539.000000 2300.765381 51967.406250
1445.058200 55063.000000 2730.370605 51983.542969
1446.741300 55663.000000 3216.246582 52010.171875
1448.422900 56203.000000 3840.158203 52050.820312
1450.102400 57063.000000 4595.288086 52091.621094
1451.781700 57992.000000 5547.349609 52163.343750
1453.460900 58888.000000 6590.403809 52294.128906
1455.138200 59682.000000 7783.895508 52427.500000
1456.813800 61377.000000 8878.708984 52544.613281
1458.489100 62457.000000 9984.008789 52624.585938
1460.164300 63276.000000 10774.230469 52751.296875
1461.837600 64106.000000 11300.312500 52821.121094
1463.509200 63789.000000 11266.223633 52887.437500
1465.180500 63375.000000 10750.087891 52856.742188
1466.851600 62423.000000 9914.585938 52811.636719
1468.520900 61089.000000 8853.587891 52774.808594
1470.189900 60461.000000 7712.648438 52714.890625
1471.857200 59239.000000 6534.383301 52612.308594
1473.522800 57818.000000 5498.110352 52456.460938
1475.188100 56852.000000 4642.531738 52362.652344
1476.853100 55933.000000 3935.022217 52239.429688
1478.516500 55627.000000 3310.888672 52156.812500
1480.178000 55208.000000 2786.240967 52100.683594
1481.839200 54327.000000 2385.394043 52046.917969
1483.500400 54308.000000 2065.604980 51974.515625
1485.159700 53843.000000 1834.024048 51927.804688
1486.818600 53611.000000 1626.199707 51897.949219
1488.476000 53102.000000 1473.435547 51870.714844
1490.131500 53285.000000 1353.941040 51832.957031
1491.788300 53000.000000 1259.588867 51816.375000
1493.441800 53129.000000 1190.181030 51807.300781
1495.095100 52994.000000 1146.077271 51804.722656
1496.748000 53067.000000 1120.359253 51804.582031
1498.399400 53176.000000 1100.271118 51814.750000
1500.050400 53020.000000 1062.717896 51824.433594
1501.699700 53114.000000 1040.026855 51836.429688
1503.347300 53259.000000 1035.585205 51842.660156
1504.996100 53156.000000 1038.339233 51859.429688
1506.641600 52860.000000 1051.057861 51877.371094
1508.287000 53095.000000 1071.560425 51896.031250
1509.932000 53188.000000 1105.467285 51909.386719
1511.575300 52881.000000 1151.719482 51925.292969
1513.218500 53642.000000 1212.391602 51934.667969
1514.859700 53532.000000 1291.111450 51938.902344
1516.500900 53607.000000 1400.459473 51927.445312
1518.140300 54062.000000 1544.847656 51923.425781
1519.777800 54091.000000 1718.937866 51919.109375
1521.416700 54203.000000 1945.151367 51904.410156
1523.052200 54777.000000 2234.160645 51883.273438
1524.689200 55195.000000 2628.845215 51874.492188
1526.322800 54975.000000 3090.017090 51866.562500
1527.956200 56040.000000 3694.041748 51900.746094
1529.589400 56508.000000 4455.360352 51973.335938
1531.220800 57635.000000 5441.431641 52068.488281
1532.851900 59029.000000 6548.835449 52229.261719
1534.481400 60455.000000 7873.563965 52411.507812
1536.110600 61723.000000 9138.797852 52563.628906
1537.738000 62993.000000 10496.995117 52651.250000
1539.365200 64566.000000 11642.367188 52807.992188
1540.990700 65389.000000 12655.959961 52898.730469
1542.616000 65811.000000 13081.321289 52988.773438
1544.239500 65818.000000 12909.745117 53015.394531
1545.862700 65071.000000 12257.995117 53043.031250
1547.484400 64125.000000 11183.008789 53041.339844
1549.105600 62434.000000 9911.886719 53027.523438
1550.725100 61283.000000 8482.849609 52932.062500
1552.344500 59612.000000 7192.877930 52796.601562
1553.962000 58368.000000 6057.138672 52716.066406
1555.579300 57446.000000 5106.097168 52589.027344
1557.195100 56753.000000 4245.839355 52510.605469
1558.810400 56218.000000 3528.827393 52457.828125
1560.424100 55184.000000 2962.569336 52387.160156
1562.037500 54773.000000 2514.371582 52291.945312
1563.649200 54497.000000 2147.935547 52230.535156
1565.260600 53879.000000 1840.052734 52197.765625
1566.870500 53805.000000 1602.242065 52158.507812
1568.479900 53616.000000 1403.251221 52114.152344
1570.089100 53681.000000 1235.797852 52083.570312
1571.695200 52950.000000 1098.159424 52072.726562
1573.302500 53290.000000 992.850281 52053.156250
1574.906500 52821.000000 903.305542 52036.742188
1576.511800 53036.000000 820.696106 52021.167969
1578.115500 53406.000000 749.184937 52003.359375
1579.717400 53171.000000 689.249023 52000.421875
1581.319100 52962.000000 642.611938 51999.621094
1582.919100 53371.000000 592.704651 52005.007812
1584.518700 52747.000000 551.342346 52015.371094
1586.116600 52903.000000 520.832581 52022.683594
1587.714500 52771.000000 490.231049 52031.183594
1589.310500 52815.000000 456.669525 52050.265625
1590.906300 52692.000000 430.568909 52074.734375
1592.501800 52856.000000 408.554779 52100.625000
1594.095700 52706.000000 388.832092 52124.738281
1595.687900 52559.000000 363.153351 52155.445312
1597.279700 52632.000000 342.659760 52181.808594
1598.869900 52698.000000 325.059418 52212.617188
1600.459700 52763.000000 308.917694 52237.804688
1602.048100 52618.000000 290.620819 52275.816406
1603.636000 52434.000000 275.963043 52305.535156
1605.223900 52906.000000 265.421967 52326.976562
1606.809800 52507.000000 256.325500 52340.835938
1608.394200 52451.000000 242.456787 52365.765625
1609.978300 52649.000000 227.253586 52387.226562
1611.560700 52586.000000 215.979156 52411.343750
1613.142900 53009.000000 208.095245 52423.421875
1614.724700 53207.000000 199.218292 52438.207031
1616.304900 52747.000000 192.604370 52457.937500
1617.883500 52799.000000 186.935165 52483.953125
1619.461800 52754.000000 181.510986 52494.496094
1621.038300 52988.000000 174.269928 52512.062500
1622.614700 53256.000000 168.647369 52524.281250
1624.190800 52889.000000 164.753510 52542.832031
1625.765300 52974.000000 159.601456 52549.464844
1627.337900 53244.000000 151.517044 52568.566406
1628.910400 52697.000000 145.505524 52583.695312
1630.482700 53091.000000 140.388000 52592.769531
1632.053200 53201.000000 135.211456 52587.367188
1633.622100 53138.000000 126.741028 52600.191406
1635.190600 52842.000000 119.001450 52612.292969
1636.759000 53277.000000 113.500626 52619.789062
1638.325700 53444.000000 109.913254 52613.148438
1639.890700 53291.000000 108.526428 52622.042969
1641.455400 53126.000000 107.749496 52627.835938
1643.019900 52975.000000 105.864746 52634.816406
1644.582800 52889.000000 103.015160 52631.691406
1646.143900 52940.000000 98.852951 52630.097656
1647.704700 53203.000000 96.634239 52619.328125
1649.265500 53096.000000 95.891678 52614.609375
1650.824500 52979.000000 94.664993 52601.535156
1652.381600 53111.000000 92.709236 52587.363281
1653.938700 53096.000000 92.612839 52564.285156
1655.495500 52784.000000 92.466362 52547.640625
1657.050700 52857.000000 89.979492 52515.347656
1658.604100 52715.000000 86.855583 52488.023438
1660.157200 52998.000000 85.250542 52451.562500
1661.710200 53059.000000 84.099991 52415.515625
1663.261500 52364.000000 83.358459 52374.648438
1664.811200 52711.000000 81.843643 52339.871094
1666.361900 52459.000000 81.128777 52293.707031
1667.909700 52761.000000 80.868599 52242.101562
1669.457200 52707.000000 79.890282 52188.890625
1671.004300 52271.000000 78.274033 52139.011719
1672.549900 52135.000000 77.135597 52090.019531
1674.093600 51980.000000 76.831047 52041.031250
1675.637300 52173.000000 76.905937 51981.921875
1677.180800 52167.000000 76.603897 51926.082031
1678.722400 52351.000000 77.334763 51868.023438
1680.263900 52144.000000 78.195419 51819.054688
1681.803700 51863.000000 78.716232 51761.367188
1683.341800 52113.000000 78.515099 51706.652344
1684.881200 51867.000000 80.768738 51648.089844
1686.417500 51868.000000 83.260208 51594.148438
1687.953400 51706.000000 84.092178 51536.691406
1689.489100 51814.000000 82.430084 51485.070312
1691.023200 51588.000000 82.140121 51428.218750
1692.557100 51566.000000 82.075165 51378.488281
1694.089200 51463.000000 80.664803 51318.531250
1695.619800 51335.000000 77.333084 51258.707031
1697.151500 51325.000000 75.450531 51203.480469
1698.680200 51358.000000 74.515724 51149.269531
1700.208500 51240.000000 73.483009 51097.515625
1701.736600 50773.000000 71.679886 51051.000000
1703.263100 51468.000000 70.190468 50993.636719
1704.789300 50999.000000 68.370285 50934.222656
1706.314000 51320.000000 64.282555 50869.023438
1707.838100 51186.000000 57.379204 50821.906250
1709.361000 50792.000000 52.393421 50770.628906
1710.883300 50850.000000 49.630703 50720.484375
1712.404100 50804.000000 49.245026 50662.089844
1713.923100 50969.000000 50.575283 50611.828125
1715.443500 50677.000000 52.029743 50565.386719
1716.960700 50292.000000 53.197914 50512.644531
1718.479100 50623.000000 52.600220 50446.496094
1719.994500 50521.000000 50.373363 50387.253906
1721.509600 50365.000000 48.697948 50340.914062
1723.024400 50092.000000 47.339428 50295.535156
1724.537600 50412.000000 46.278648 50229.777344
1726.050700 50481.000000 45.456387 50167.835938
1727.561900 50426.000000 45.411770 50102.648438
1729.073000 50331.000000 45.256042 50053.503906
1730.582400 50064.000000 44.203403 49994.445312
1732.091700 50439.000000 42.337303 49944.089844
1733.599200 49904.000000 42.073780 49886.253906
1735.106600 50060.000000 42.607933 49842.359375
1736.612100 49774.000000 42.794308 49785.136719
1738.117600 49727.000000 43.015873 49730.726562
1739.621300 49761.000000 43.644424 49682.914062
1741.125000 49639.000000 44.180550 49639.914062
1742.626800 49338.000000 43.373890 49588.359375
1744.128400 49490.000000 42.107140 49532.933594
1745.628500 49727.000000 41.585938 49476.593750
1747.128300 49623.000000 41.851727 49422.695312
1748.626300 49421.000000 41.386696 49373.386719
1750.124300 49388.000000 40.712151 49332.484375
1751.620500 49448.000000 40.495525 49288.250000
1753.116600 49192.000000 40.878403 49242.617188
1754.612400 49389.000000 40.277569 49190.941406
1756.105100 49484.000000 39.114819 49146.320312
1757.599100 49368.000000 38.542686 49100.074219
1759.091300 49237.000000 38.193520 49061.839844
1760.582000 49205.000000 37.525959 49013.750000
1762.072400 49349.000000 36.839352 48984.542969
1763.561000 48909.000000 36.943619 48957.847656
1765.049600 48644.000000 37.548466 48930.019531
1766.536500 49052.000000 37.273415 48884.449219
1768.023200 49016.000000 36.818474 48836.367188
1769.508100 49013.000000 36.802597 48802.238281
1770.992900 48667.000000 37.197639 48775.597656
1772.477500 48862.000000 36.970325 48740.476562
1773.959000 48805.000000 36.171326 48706.632812
1775.441700 48698.000000 35.543755 48675.265625
1776.922700 48486.000000 35.574646 48643.566406
1778.402100 48910.000000 35.137352 48611.921875
1779.881300 48623.000000 34.286407 48580.257812
1781.358900 48546.000000 33.506351 48557.398438
1782.836200 48445.000000 32.930641 48532.015625
1784.311900 48675.000000 32.715374 48496.230469
1785.787400 48796.000000 31.799749 48469.554688
1787.262600 48415.000000 31.901413 48442.402344
1788.736200 48530.000000 31.865391 48425.886719
1790.208300 48437.000000 31.665340 48389.449219
1791.679800 48655.000000 30.740763 48357.886719
1793.150000 48392.000000 30.475733 48324.792969
1794.619900 48529.000000 30.537277 48305.332031
1796.089600 48406.000000 30.478186 48282.234375
1797.557600 48206.000000 29.579269 48264.355469
1799.023900 48162.000000 29.037430 48236.058594
1800.490100 48339.000000 28.755970 48205.347656
1801.954600 48107.000000 29.158737 48169.546875
1803.418900 48188.000000 28.772717 48153.246094
1804.883100 47731.000000 29.147085 48127.156250
1806.345500 48382.000000 29.333607 48101.414062
1807.806400 47905.000000 29.582972 48067.835938
1809.266800 48029.000000 29.100834 48051.527344
1810.727400 47796.000000 29.421040 48032.335938
1812.186000 48045.000000 29.922384 48013.664062
1813.643300 47944.000000 29.908209 47988.542969
1815.100100 48149.000000 29.199436 47960.523438
1816.556800 47862.000000 28.943020 47931.195312
1818.010400 47915.000000 28.375391 47917.839844
1819.465300 47944.000000 27.914410 47895.687500
1820.918500 48179.000000 26.971272 47868.210938
1822.370100 47753.000000 26.962061 47840.382812
1823.821400 48095.000000 27.205067 47825.957031
1825.272600 47930.000000 27.391987 47803.175781
1826.722200 47841.000000 27.075705 47782.300781
1828.169900 47741.000000 27.361603 47768.414062
1829.617600 47800.000000 27.947290 47755.910156
1831.065200 47762.000000 27.822626 47747.441406
1832.511000 47650.000000 27.057861 47737.667969
1833.956500 47736.000000 26.470963 47722.652344
1835.400500 47821.000000 26.349268 47701.570312
1836.842900 48011.000000 26.507639 47673.589844
1838.285200 47722.000000 26.261868 47650.980469
1839.727100 47480.000000 26.384998 47644.105469
1841.167400 47752.000000 26.446905 47638.460938
1842.606100 47613.000000 26.685970 47621.828125
1844.044400 47417.000000 26.659601 47609.300781
1845.482800 47407.000000 27.569141 47606.433594
1846.919400 47571.000000 28.608557 47601.027344
1848.356000 47457.000000 28.887177 47598.781250
1849.790800 47587.000000 28.703201 47589.292969
1851.224000 47814.000000 29.175495 47579.394531
1852.656900 47334.000000 29.534113 47575.550781
1854.089700 47697.000000 29.536453 47580.421875
1855.520800 47697.000000 29.003799 47582.261719
1856.951800 47403.000000 29.081577 47599.324219
1858.381100 47587.000000 28.461308 47617.472656
1859.808700 47835.000000 27.210215 47611.164062
1861.236300 47907.000000 25.670734 47592.492188
1862.663500 47631.000000 25.444042 47597.972656
1864.089100 47303.000000 25.239502 47633.710938
1865.514600 47669.000000 24.780245 47666.304688
1866.938500 47720.000000 24.097569 47671.949219
1868.360700 47868.000000 24.437386 47681.296875
1869.784200 47790.000000 25.283295 47680.371094
1871.204500 47776.000000 25.439764 47675.136719
1872.624600 47594.000000 24.832878 47685.750000
1874.044700 47857.000000 24.107952 47698.875000
1875.463000 47841.000000 23.866323 47686.652344
1876.881200 47854.000000 24.168205 47689.488281
1878.297700 47700.000000 24.914228 47695.859375
1879.714100 47762.000000 25.319181 47700.140625
1881.128800 47765.000000 25.244585 47713.582031
1882.541900 48111.000000 24.336193 47716.089844
1883.956200 48051.000000 23.303041 47682.460938
1885.367400 48088.000000 21.479328 47600.972656
1886.778600 47999.000000 23.309353 47554.976562
1888.189500 48324.000000 28.636093 47627.863281
