Raman_Shift Original_Spectrum Predicted_Raman Predicted_Baseline
294.894650 56154.000000 27.666843 55549.031250
297.232540 55989.000000 30.987436 55505.832031
299.568300 55993.000000 34.630356 55547.824219
301.905240 56074.000000 31.063435 55617.484375
304.238400 55949.000000 30.451595 55664.996094
306.571040 55550.000000 27.716757 55690.996094
308.903260 56019.000000 24.974323 55706.371094
311.233340 56228.000000 23.302114 55694.304688
313.562930 55725.000000 24.404493 55665.562500
315.890440 55826.000000 25.139574 55651.457031
318.215790 55520.000000 28.819071 55665.890625
320.540680 55650.000000 33.556133 55685.773438
322.865110 55534.000000 37.254555 55724.355469
325.187410 55438.000000 37.889477 55759.187500
327.509250 55652.000000 36.794075 55802.304688
329.828920 55908.000000 35.776752 55858.359375
332.148160 56036.000000 36.227081 55914.632812
334.465270 56064.000000 37.259136 55974.828125
336.781950 56220.000000 38.751289 56036.292969
339.096470 55963.000000 39.677650 56098.789062
341.408870 56203.000000 40.079086 56167.945312
343.722530 56271.000000 38.509285 56237.703125
346.032350 56514.000000 37.076069 56316.929688
348.341740 56431.000000 37.329720 56401.707031
350.650670 57053.000000 38.014275 56505.656250
352.957460 56648.000000 39.503551 56613.703125
355.263760 57211.000000 39.641327 56722.812500
357.568020 57008.000000 39.107468 56832.101562
359.871800 57281.000000 37.877678 56943.929688
362.173430 57370.000000 36.165764 57053.796875
364.474640 57710.000000 34.520481 57162.437500
366.773710 57645.000000 34.324520 57271.222656
369.072360 57428.000000 35.258568 57394.515625
371.368870 57617.000000 34.699287 57512.843750
373.664920 57690.000000 33.467079 57626.937500
375.958890 57931.000000 32.435814 57736.238281
378.252380 58255.000000 32.332985 57848.847656
380.543790 58314.000000 32.392654 57952.953125
382.834750 58416.000000 33.178844 58050.988281
385.123570 58613.000000 34.604397 58136.117188
387.411960 58654.000000 37.220917 58224.890625
389.698210 59111.000000 40.010311 58298.710938
391.984070 58817.000000 43.432449 58365.968750
394.267790 58831.000000 45.201096 58423.621094
396.551060 58877.000000 46.008968 58489.828125
398.832210 58992.000000 44.900318 58544.824219
401.112950 59109.000000 43.923950 58603.015625
403.391570 59334.000000 43.322994 58652.187500
405.669770 59267.000000 43.859455 58705.046875
407.945860 59494.000000 44.084694 58745.007812
410.221470 59216.000000 45.323952 58787.679688
412.495030 59522.000000 47.020706 58825.234375
414.768100 59436.000000 49.047848 58868.320312
417.039090 59221.000000 50.332523 58901.214844
419.309630 59237.000000 51.998444 58935.648438
421.579740 59215.000000 53.808765 58973.058594
423.846100 59247.000000 55.592815 59013.707031
426.113680 59344.000000 58.772247 59041.175781
428.377470 59497.000000 63.822918 59068.296875
430.642520 59208.000000 70.268806 59094.679688
432.905460 59566.000000 77.008347 59130.070312
435.166320 59532.000000 83.092369 59156.687500
437.426700 59511.000000 88.762901 59179.140625
439.685060 59505.000000 93.216286 59202.394531
441.942900 59451.000000 96.598541 59235.488281
444.198730 59765.000000 98.515244 59257.027344
446.454070 59639.000000 101.489243 59277.007812
448.708980 59554.000000 104.441513 59292.257812
450.961820 59790.000000 107.893639 59313.125000
453.212550 59677.000000 111.372032 59317.800781
455.462890 59714.000000 116.586929 59317.992188
457.711120 59740.000000 121.998672 59319.085938
459.958920 59469.000000 127.299965 59328.769531
462.204590 59746.000000 134.920059 59327.757812
464.449890 59610.000000 146.283447 59324.320312
466.694760 59892.000000 160.838715 59317.625000
468.937500 59473.000000 176.408768 59311.929688
471.178160 59795.000000 189.126328 59290.437500
473.418460 59833.000000 204.792679 59273.730469
475.656620 59486.000000 227.185623 59259.695312
477.894380 59840.000000 253.263596 59248.003906
480.131680 59618.000000 277.335541 59227.820312
482.366910 59537.000000 305.295349 59203.328125
484.600040 59595.000000 339.018951 59178.750000
486.832790 59800.000000 379.156799 59156.816406
489.063450 60329.000000 430.328217 59121.234375
491.293670 60015.000000 494.462006 59075.976562
493.523500 59689.000000 586.944397 59022.980469
495.751190 59988.000000 712.397705 58986.015625
497.976840 60353.000000 870.646790 58944.765625
500.202090 60177.000000 1080.145752 58894.769531
502.426910 60253.000000 1370.388428 58843.042969
504.649660 60616.000000 1784.087646 58782.976562
506.870270 61456.000000 2372.136475 58711.007812
509.090550 61409.000000 3113.372070 58651.710938
511.310360 62687.000000 3959.604736 58616.480469
513.528140 63514.000000 4766.190918 58596.199219
515.743770 63656.000000 5082.672852 58534.835938
517.959110 63027.000000 4632.530762 58448.007812
520.173890 62057.000000 3665.750732 58337.148438
522.386660 60794.000000 2673.127441 58244.441406
524.597410 59810.000000 1911.948486 58149.570312
526.807740 59100.000000 1409.599121 58044.765625
529.017580 59032.000000 1069.026733 57940.242188
531.225400 58750.000000 844.959167 57847.734375
533.431210 58335.000000 689.762573 57744.488281
535.636470 58368.000000 596.337646 57646.210938
537.841430 57966.000000 532.201477 57565.937500
540.044310 58297.000000 484.920837 57493.066406
542.245120 58346.000000 452.811676 57425.167969
544.445500 58112.000000 435.199799 57350.515625
546.645450 57757.000000 423.304382 57295.687500
548.843380 57761.000000 424.852203 57261.804688
551.040830 58078.000000 426.141693 57231.390625
553.236330 58061.000000 439.089111 57195.042969
555.429690 58047.000000 464.830170 57173.445312
557.622680 58083.000000 504.667480 57161.125000
559.815250 58226.000000 578.057495 57140.683594
562.005800 58243.000000 691.072693 57119.660156
564.195920 58365.000000 924.465210 57111.703125
566.383910 58771.000000 1325.347900 57105.960938
568.569950 59506.000000 1807.331299 57092.023438
570.755550 59774.000000 2087.879395 57074.156250
572.940730 59539.000000 1885.981079 57036.992188
575.123900 59053.000000 1429.511719 56995.867188
577.306640 58714.000000 1030.039917 56948.347656
579.487300 58044.000000 797.034302 56908.109375
581.665950 57952.000000 674.071960 56871.304688
583.844120 58069.000000 606.155151 56843.074219
586.021970 57821.000000 579.645569 56804.222656
588.197750 57745.000000 574.628601 56771.234375
590.373170 57745.000000 584.660278 56745.554688
592.546450 57642.000000 595.472351 56726.855469
594.719420 57336.000000 604.461670 56704.710938
596.890260 57771.000000 621.364014 56676.300781
599.059140 57171.000000 649.580627 56659.554688
601.229190 57275.000000 689.742371 56648.523438
603.395570 57403.000000 718.495728 56632.929688
605.561580 57363.000000 757.070068 56611.683594
607.727170 57623.000000 804.784180 56591.058594
609.890750 57561.000000 860.356262 56577.472656
612.053960 57474.000000 931.760925 56552.433594
614.215030 57623.000000 1013.219849 56518.726562
616.375790 57794.000000 1115.222412 56482.921875
618.534480 57764.000000 1237.500610 56451.742188
620.692750 57956.000000 1402.836670 56404.460938
622.849000 58314.000000 1597.013916 56337.019531
625.004820 57989.000000 1836.404907 56264.960938
627.158750 58585.000000 2144.658936 56200.230469
629.310490 58786.000000 2472.257324 56150.546875
631.463560 59332.000000 2903.984863 56084.503906
633.612920 59459.000000 3434.040527 56041.820312
635.763490 60478.000000 4243.288086 56008.781250
637.910460 61080.000000 5148.171875 55957.359375
640.058650 62453.000000 6456.059570 55896.484375
642.203190 64401.000000 8022.367188 55909.265625
644.348880 66707.000000 10287.205078 55994.742188
646.491030 69687.000000 12814.520508 56045.410156
648.634400 72769.000000 16077.951172 56218.042969
650.774050 75955.000000 19005.492188 56380.375000
652.914980 78868.000000 21471.958984 56420.003906
655.052250 79667.000000 21999.476562 56382.703125
657.190730 78143.000000 20379.910156 56315.191406
659.325620 74875.000000 17868.605469 56414.542969
661.461730 71848.000000 14869.270508 56272.789062
663.594180 68785.000000 12452.858398 56228.531250
665.727910 66329.000000 10330.445312 56216.574219
667.857910 64586.000000 8710.043945 56189.722656
669.989200 63073.000000 7202.045898 56167.707031
672.118470 62251.000000 6046.172363 56131.804688
674.245670 60776.000000 5037.386230 56065.730469
676.372560 60331.000000 4292.280762 56007.515625
678.497380 59680.000000 3655.081543 55972.476562
680.621830 59457.000000 3133.591309 55951.289062
682.744320 58847.000000 2712.770752 55906.644531
684.866390 58517.000000 2390.424072 55856.867188
686.986450 58192.000000 2148.705811 55825.867188
689.106080 57957.000000 1969.455811 55815.265625
691.223750 57727.000000 1847.742188 55789.746094
693.341000 57818.000000 1775.103271 55774.531250
695.457820 57680.000000 1745.832275 55769.167969
697.571110 57683.000000 1748.760132 55775.558594
699.685610 57456.000000 1810.820312 55774.171875
701.798100 58003.000000 1923.356445 55783.210938
703.908570 58300.000000 2118.464355 55797.546875
706.018620 58448.000000 2357.779785 55809.125000
708.126770 58283.000000 2603.620361 55804.703125
710.234380 58576.000000 2744.389404 55787.250000
712.340150 58584.000000 2684.328613 55774.656250
714.445430 58475.000000 2452.276855 55750.734375
716.550350 58014.000000 2150.531494 55713.480469
718.653260 57477.000000 1810.093018 55666.597656
720.754270 57238.000000 1504.437622 55627.132812
722.854800 56919.000000 1248.131592 55582.355469
724.953370 56543.000000 1058.337524 55540.226562
727.051570 56548.000000 905.839844 55493.773438
729.149350 56254.000000 769.134094 55457.679688
731.243530 56189.000000 671.651001 55418.796875
733.338990 56359.000000 595.931519 55376.449219
735.432370 56278.000000 526.520935 55331.257812
737.523800 56223.000000 485.269867 55287.542969
739.614870 56053.000000 453.571045 55240.808594
741.705570 55722.000000 426.402100 55205.058594
743.792600 55789.000000 399.046082 55181.851562
745.880920 55582.000000 377.662903 55165.738281
747.967220 55764.000000 361.241608 55142.652344
750.051570 55445.000000 351.082703 55130.496094
752.135500 55468.000000 340.455994 55125.007812
754.219120 55599.000000 321.223999 55126.214844
756.300720 55721.000000 301.071167 55115.449219
758.380310 55433.000000 285.214020 55099.007812
760.459530 55457.000000 268.488983 55080.277344
762.538390 55050.000000 249.971069 55076.691406
764.615300 55532.000000 231.930786 55063.621094
766.690190 55443.000000 218.663452 55046.703125
768.764710 55450.000000 208.171051 55027.261719
770.838810 55435.000000 204.711853 55017.789062
772.909360 55239.000000 199.222488 55003.546875
774.981140 55196.000000 194.030457 54991.742188
777.050960 55474.000000 189.757446 54973.964844
779.120420 55586.000000 187.822418 54952.335938
781.187870 55230.000000 188.727325 54923.972656
783.253420 55160.000000 192.004227 54906.074219
785.318480 55295.000000 192.274200 54889.058594
787.383240 55249.000000 185.660538 54871.707031
789.445980 55138.000000 177.076416 54846.167969
791.506770 54859.000000 170.724213 54828.019531
793.567260 55360.000000 166.525406 54806.746094
795.627260 55199.000000 164.611618 54788.445312
797.685360 55087.000000 164.699814 54759.019531
799.741520 55071.000000 166.693680 54737.375000
801.797240 55187.000000 168.168442 54707.847656
803.852600 55186.000000 164.639008 54676.250000
805.906010 54588.000000 161.377609 54636.199219
807.959050 55069.000000 159.614914 54598.195312
810.010130 54686.000000 160.298264 54563.816406
812.059200 54794.000000 163.050949 54529.500000
814.107970 55033.000000 166.725235 54487.453125
816.156370 54911.000000 171.896942 54441.726562
818.202760 54854.000000 175.803055 54391.031250
820.247190 54535.000000 172.689774 54354.109375
822.292850 54571.000000 169.367828 54311.199219
824.335020 54631.000000 167.013519 54269.460938
826.376770 54744.000000 165.912018 54220.054688
828.418090 54607.000000 163.659027 54173.472656
830.457520 54419.000000 161.883179 54116.703125
832.496640 54624.000000 162.384369 54067.468750
834.533690 54476.000000 163.460861 54007.875000
836.568910 53950.000000 163.053726 53953.425781
838.603700 54010.000000 164.435013 53891.101562
840.638060 54223.000000 167.504456 53832.093750
842.670530 53976.000000 170.999512 53773.761719
844.702640 53931.000000 171.071838 53723.179688
846.732790 54057.000000 168.621521 53667.339844
848.762570 54118.000000 169.152390 53608.562500
850.790470 53731.000000 172.745148 53544.183594
852.816350 53882.000000 175.025864 53491.054688
854.843440 53523.000000 174.779312 53430.644531
856.867070 54023.000000 175.725739 53371.839844
858.890200 53716.000000 180.281860 53300.339844
860.913150 53737.000000 185.143311 53225.964844
862.934020 53351.000000 194.734970 53148.023438
864.954530 53573.000000 209.063309 53074.394531
866.973140 53359.000000 227.881866 53002.753906
868.991390 53158.000000 249.282913 52933.503906
871.007690 53892.000000 286.418091 52857.164062
873.023620 53542.000000 339.668335 52785.839844
875.037660 53277.000000 427.904785 52711.007812
877.051270 53697.000000 544.573792 52645.019531
879.062990 53573.000000 697.859619 52577.371094
881.074340 53786.000000 901.847168 52500.664062
883.083740 53841.000000 1131.202515 52413.417969
885.092770 54081.000000 1338.686401 52331.605469
887.099850 54082.000000 1434.661377 52242.281250
889.104980 53949.000000 1358.835693 52145.421875
891.111450 53123.000000 1162.222412 52033.156250
893.114260 53059.000000 929.211304 51924.531250
895.118410 52916.000000 724.595093 51800.632812
897.119020 52906.000000 568.882935 51689.203125
899.120790 52462.000000 455.483398 51576.730469
901.119080 52358.000000 370.110413 51468.335938
903.118650 52058.000000 315.640656 51348.703125
905.114620 51808.000000 277.103210 51235.593750
907.111880 51623.000000 246.549530 51113.433594
909.107180 51292.000000 218.510345 50997.753906
911.100520 51479.000000 197.092773 50879.648438
913.093630 51057.000000 183.257385 50769.503906
915.084660 50961.000000 176.040009 50657.335938
917.075380 51008.000000 172.375153 50548.574219
919.064210 50864.000000 171.320206 50439.550781
921.052730 50521.000000 171.333374 50340.257812
923.039310 50552.000000 172.664017 50233.257812
925.025450 50521.000000 170.233032 50127.726562
927.009770 50269.000000 169.283051 50023.906250
928.993650 50344.000000 171.117645 49926.023438
930.975590 50398.000000 175.439911 49833.523438
932.957280 50146.000000 177.744690 49746.613281
934.937010 50243.000000 180.385864 49661.621094
936.916380 49909.000000 183.212418 49585.625000
938.895390 49996.000000 188.132828 49510.335938
940.870970 49626.000000 191.261734 49438.648438
942.847660 49775.000000 197.375153 49370.304688
944.822510 49541.000000 207.072021 49302.023438
946.795470 49412.000000 225.212555 49238.691406
948.768010 49434.000000 245.642899 49184.574219
950.738710 49510.000000 272.618530 49140.152344
952.708980 49291.000000 308.084290 49088.132812
954.677310 49729.000000 365.227905 49033.933594
956.645390 49661.000000 444.630463 48975.003906
958.613160 49820.000000 563.774475 48916.441406
960.578920 50027.000000 739.614014 48875.457031
962.542720 50179.000000 1012.321655 48852.230469
964.506290 50646.000000 1450.873535 48841.179688
966.467960 51134.000000 2102.194824 48826.058594
968.429260 51943.000000 2885.940186 48797.382812
970.390140 52455.000000 3515.318848 48749.785156
972.347660 52562.000000 3634.219482 48693.808594
974.306270 52138.000000 3133.373291 48606.929688
976.263060 51006.000000 2336.111816 48569.468750
978.218020 50046.000000 1599.754150 48502.414062
980.172490 49458.000000 1098.749268 48448.203125
982.125120 49416.000000 791.100952 48392.347656
984.077390 49340.000000 607.356567 48351.925781
986.029360 48795.000000 489.847900 48326.972656
987.979370 48866.000000 401.050690 48304.097656
989.927490 48725.000000 343.352844 48260.011719
991.875310 48715.000000 303.972290 48212.246094
993.822750 48614.000000 271.507446 48168.675781
995.768370 48534.000000 246.500488 48133.828125
997.711980 48414.000000 229.619797 48095.320312
999.655270 48156.000000 218.598831 48052.800781
1001.596700 48452.000000 209.989502 48016.023438
1003.537700 48179.000000 200.272522 47981.453125
1005.478600 48003.000000 192.097137 47952.980469
1007.417400 48211.000000 187.161469 47926.468750
1009.354300 48311.000000 184.259750 47891.339844
1011.291000 48073.000000 179.502899 47867.164062
1013.227200 47824.000000 176.142014 47849.562500
1015.161600 48042.000000 174.961456 47833.562500
1017.094100 47789.000000 175.149139 47805.687500
1019.026200 48060.000000 174.713562 47780.429688
1020.958000 47963.000000 177.060028 47757.652344
1022.888000 47646.000000 181.799362 47741.210938
1024.816000 47830.000000 186.667435 47732.230469
1026.743800 47638.000000 188.324265 47716.519531
1028.671100 47891.000000 190.870773 47703.914062
1030.596600 47881.000000 194.461182 47690.425781
1032.521700 47915.000000 199.876495 47677.824219
1034.444900 47945.000000 202.402817 47662.937500
1036.366300 48016.000000 207.280914 47640.183594
1038.287400 48385.000000 214.315018 47622.093750
1040.208100 47923.000000 224.572968 47605.613281
1042.127000 47850.000000 234.554199 47610.035156
1044.043800 48024.000000 244.305206 47604.390625
1045.960400 48104.000000 257.219666 47591.441406
1047.876700 47963.000000 276.018738 47584.718750
1049.791000 47810.000000 296.310913 47589.843750
1051.705100 48002.000000 326.300964 47594.453125
1053.617300 48214.000000 367.069275 47590.617188
1055.527600 47957.000000 426.561127 47588.296875
1057.437500 48152.000000 512.614197 47590.453125
1059.347300 48577.000000 634.140015 47598.886719
1061.255000 48720.000000 809.221069 47608.316406
1063.162500 48799.000000 1066.998535 47635.660156
1065.068000 49179.000000 1455.312622 47676.816406
1066.971700 49735.000000 2015.015991 47721.718750
1068.875000 50387.000000 2736.166992 47735.210938
1070.778100 51204.000000 3424.894531 47736.750000
1072.679200 51573.000000 3728.837158 47692.214844
1074.580000 50994.000000 3448.828857 47590.414062
1076.479000 50377.000000 2797.000488 47533.777344
1078.377600 49565.000000 2084.619141 47533.210938
1080.274400 49209.000000 1529.452026 47492.964844
1082.169200 48787.000000 1133.498657 47428.378906
1084.065300 48146.000000 867.012085 47389.894531
1085.958000 48044.000000 689.924072 47364.734375
1087.850300 47621.000000 560.302979 47335.445312
1089.742400 47980.000000 476.893494 47319.207031
1091.632600 47713.000000 418.088623 47295.949219
1093.522500 47517.000000 371.979675 47283.351562
1095.410400 47523.000000 337.550354 47265.804688
1097.298100 47659.000000 313.369293 47240.300781
1099.183800 47437.000000 296.460876 47208.910156
1101.069300 47650.000000 283.689880 47183.773438
1102.952900 47280.000000 272.838501 47169.144531
1104.834600 47257.000000 268.566040 47160.152344
1106.717700 47540.000000 267.962128 47141.074219
1108.597200 47448.000000 267.866272 47124.160156
1110.477900 47226.000000 267.750916 47104.777344
1112.355300 47365.000000 268.705627 47093.050781
1114.232300 47133.000000 271.547028 47078.136719
1116.109100 47512.000000 278.103394 47067.773438
1117.984000 47384.000000 283.044495 47046.074219
1119.858500 47051.000000 286.606445 47048.175781
1121.731300 47386.000000 290.143860 47044.679688
1123.603600 47439.000000 296.010010 47023.683594
1125.474100 47598.000000 303.362061 46989.308594
1127.344400 47700.000000 312.980469 46964.488281
1129.212600 47169.000000 323.807281 46950.105469
1131.080700 47461.000000 340.919617 46941.886719
1132.946900 47401.000000 362.477722 46928.820312
1134.812700 47409.000000 387.029236 46942.765625
1136.676800 47375.000000 414.598236 46963.878906
1138.540400 47316.000000 444.780334 46984.539062
1140.402300 47942.000000 479.933167 46985.718750
1142.263800 47626.000000 526.825073 46995.605469
1144.123400 47877.000000 583.699402 47028.957031
1145.982800 47774.000000 659.333618 47040.468750
1147.841800 47794.000000 753.422424 47065.355469
1149.697500 48470.000000 867.914856 47103.464844
1151.554400 48449.000000 1012.424500 47128.214844
1153.407800 48390.000000 1184.537231 47160.695312
1155.262600 48769.000000 1410.594971 47203.937500
1157.115500 49265.000000 1672.255127 47268.023438
1158.966400 49208.000000 1932.663086 47323.027344
1160.817100 49686.000000 2165.384033 47370.816406
1162.666000 50036.000000 2305.468994 47370.613281
1164.514500 50044.000000 2304.355713 47350.691406
1166.361300 49732.000000 2208.661133 47374.179688
1168.207600 49906.000000 2030.397095 47413.976562
1170.052200 49399.000000 1885.568970 47425.515625
1171.896500 49238.000000 1798.364258 47418.882812
1173.740400 49396.000000 1775.075928 47457.546875
1175.580900 49451.000000 1789.222656 47491.312500
1177.422900 49770.000000 1846.565796 47474.535156
1179.262700 49818.000000 1988.175537 47470.398438
1181.100700 49843.000000 2224.978516 47478.691406
1182.938600 50031.000000 2546.180176 47512.000000
1184.774500 50454.000000 2981.534912 47556.128906
1186.610200 51079.000000 3482.559326 47607.468750
1188.444000 51530.000000 4114.334473 47718.363281
1190.277500 52724.000000 4850.530273 47862.402344
1192.110700 53851.000000 5741.277832 47928.261719
1193.942000 54607.000000 6596.728027 47972.097656
1195.771600 55267.000000 7381.915527 47974.925781
1197.600700 55733.000000 7803.064941 48057.726562
1199.428100 55697.000000 7844.023438 48059.570312
1201.255200 55660.000000 7498.366211 48074.242188
1203.082000 55201.000000 6858.235352 48071.421875
1204.907000 53851.000000 6022.323730 48054.820312
1206.730100 53257.000000 5193.140625 47937.089844
1208.552900 52614.000000 4492.717285 47886.183594
1210.373900 52214.000000 4031.473877 47868.332031
1212.194600 51723.000000 3755.890625 47819.921875
1214.015000 51701.000000 3681.714844 47783.027344
1215.833500 51621.000000 3735.414795 47815.109375
1217.650300 52060.000000 3998.479980 47873.316406
1219.466700 52631.000000 4495.329102 48007.375000
1221.281300 53397.000000 5298.417969 48162.085938
1223.095600 54783.000000 6374.350098 48362.597656
1224.909500 56455.000000 7683.948242 48512.113281
1226.721700 57608.000000 8944.564453 48663.500000
1228.532000 58481.000000 9969.707031 48741.832031
1230.342000 58980.000000 10336.470703 48844.523438
1232.151700 58329.000000 9795.835938 48885.335938
1233.959700 57392.000000 8646.396484 48929.511719
1235.765900 56084.000000 7205.518066 48832.429688
1237.571700 54388.000000 5812.089355 48783.941406
1239.377100 53439.000000 4644.904297 48738.488281
1241.180800 52304.000000 3774.368652 48679.578125
1242.982700 51802.000000 3191.457275 48682.679688
1244.784200 51483.000000 2825.067383 48714.230469
1246.585300 51260.000000 2668.205566 48713.468750
1248.384900 51006.000000 2628.752441 48722.992188
1250.182500 51228.000000 2741.154785 48714.214844
1251.979700 51791.000000 2906.398438 48742.281250
1253.776900 52107.000000 3230.318359 48730.957031
1255.572000 52698.000000 3669.114746 48751.828125
1257.365500 52872.000000 4364.527344 48784.722656
1259.160000 54388.000000 5280.178711 48821.523438
1260.951300 55948.000000 6649.150879 48947.675781
1262.742300 57423.000000 8437.164062 49152.550781
1264.533100 60211.000000 10942.125000 49384.648438
1266.322000 63544.000000 13616.421875 49631.398438
1268.109000 65947.000000 16723.449219 49763.218750
1269.895800 68919.000000 19080.808594 49770.664062
1271.682400 70246.000000 20223.738281 49659.371094
1273.466900 70043.000000 19599.412109 49694.316406
1275.251500 67650.000000 17442.062500 49616.132812
1277.033900 64411.000000 14869.587891 49772.218750
1278.814700 61700.000000 11965.208984 49724.128906
1280.595200 59313.000000 9603.544922 49819.519531
1282.375400 56783.000000 7570.284180 49836.496094
1284.153800 55243.000000 6049.035645 49724.527344
1285.931900 54339.000000 4838.336914 49750.273438
1287.708100 53677.000000 3955.321777 49856.851562
1289.482500 52818.000000 3282.059082 49850.777344
1291.256800 52684.000000 2798.273682 49853.457031
1293.030600 52180.000000 2431.778076 49881.175781
1294.802900 52253.000000 2146.142334 49938.046875
1296.574600 52295.000000 1937.313110 49933.746094
1298.344600 51851.000000 1780.971680 49935.917969
1300.114400 51815.000000 1688.315796 49990.203125
1301.882300 51919.000000 1618.253540 50059.800781
1303.648300 51846.000000 1584.719727 50111.046875
1305.415800 52123.000000 1579.172363 50163.375000
1307.179700 52132.000000 1602.416260 50233.605469
1308.943500 52585.000000 1648.135742 50308.242188
1310.707000 52582.000000 1728.634399 50380.671875
1312.468600 52679.000000 1838.656494 50451.230469
1314.230000 52969.000000 1988.599243 50528.976562
1315.989500 53020.000000 2175.979248 50618.625000
1317.748800 53447.000000 2459.774414 50723.328125
1319.506200 54125.000000 2845.852783 50836.546875
1321.263400 54688.000000 3391.505127 50956.031250
1323.018900 55089.000000 4058.721924 51103.472656
1324.774000 56376.000000 4875.686035 51284.187500
1326.527300 57428.000000 5780.809570 51449.367188
1328.278900 58626.000000 6770.187500 51587.328125
1330.031700 59613.000000 7687.208496 51771.054688
1331.781100 60524.000000 8423.780273 51885.109375
1333.531900 60793.000000 8627.861328 51984.406250
1335.279300 60458.000000 8274.311523 52059.441406
1337.027800 59849.000000 7521.124023 52124.140625
1338.773200 58829.000000 6571.993652 52187.777344
1340.518300 57619.000000 5600.787109 52225.757812
1342.263100 57013.000000 4704.184570 52224.960938
1344.006000 56148.000000 3934.701660 52190.238281
1345.748700 55740.000000 3322.386230 52217.605469
1347.489500 55231.000000 2817.135254 52244.421875
1349.230200 54726.000000 2407.614014 52289.742188
1350.969100 54356.000000 2076.522217 52344.976562
1352.707500 54496.000000 1840.426147 52392.847656
1354.445900 54316.000000 1667.438843 52434.464844
1356.180900 54413.000000 1572.992432 52478.613281
1357.917000 54204.000000 1524.366943 52526.757812
1359.649900 54281.000000 1529.225464 52566.882812
1361.384200 54163.000000 1572.055298 52601.039062
1363.115000 54639.000000 1689.088867 52633.921875
1364.847000 54728.000000 1862.897827 52684.445312
1366.577400 55127.000000 2145.746094 52728.101562
1368.305900 55610.000000 2570.307129 52779.222656
1370.034300 56138.000000 3218.965088 52847.730469
1371.760600 57638.000000 4152.525879 52943.554688
1373.486900 58447.000000 5352.601074 53039.664062
1375.211300 59993.000000 6632.775879 53122.285156
1376.935400 61042.000000 7753.256836 53180.558594
1378.657800 61665.000000 8216.663086 53202.085938
1380.380000 61119.000000 7706.575195 53202.886719
1382.100200 59915.000000 6529.876465 53183.492188
1383.820300 58274.000000 5124.110840 53144.675781
1385.540200 57183.000000 3862.318848 53081.769531
1387.256500 56019.000000 2916.658691 53020.152344
1388.974200 55561.000000 2220.627197 52960.972656
1390.690300 54811.000000 1763.087524 52927.125000
1392.404400 54726.000000 1445.486084 52902.261719
1394.118400 54391.000000 1225.510742 52880.425781
1395.830400 54225.000000 1066.622559 52854.878906
1397.542200 54004.000000 949.451294 52834.023438
1399.252300 53888.000000 863.637390 52812.843750
1400.962200 53731.000000 807.066528 52788.757812
1402.671800 53626.000000 767.412292 52770.773438
1404.379500 53661.000000 749.072937 52754.531250
1406.085600 53772.000000 725.321655 52734.531250
1407.791300 53625.000000 700.751892 52712.593750
1409.495200 53590.000000 688.739380 52685.648438
1411.199000 53712.000000 680.957886 52664.718750
1412.902500 53630.000000 675.840637 52637.406250
1414.604000 53774.000000 673.984985 52608.964844
1416.304000 53783.000000 682.171631 52573.457031
1418.003700 53365.000000 692.129150 52539.335938
1419.701500 53485.000000 689.798462 52502.281250
1421.399000 53293.000000 686.990845 52474.511719
1423.096400 53182.000000 695.472229 52447.062500
1424.792000 53178.000000 713.303101 52428.847656
1426.485700 53142.000000 737.436768 52416.023438
1428.179300 53176.000000 768.182495 52405.476562
1429.871100 53490.000000 809.622742 52385.328125
1431.562500 53486.000000 856.435547 52371.320312
1433.253900 53423.000000 906.223633 52358.851562
1434.943400 53522.000000 964.270203 52339.734375
1436.631000 53855.000000 1041.959229 52305.753906
1438.318500 53719.000000 1149.518555 52276.640625
1440.005600 53626.000000 1291.501465 52249.324219
1441.691000 53612.000000 1474.323120 52223.664062
1443.374800 54025.000000 1710.661133 52201.164062
1445.058200 54416.000000 2021.151978 52204.328125
1446.741300 54952.000000 2389.091553 52218.769531
1448.422900 55391.000000 2858.315430 52240.343750
1450.102400 56018.000000 3442.144531 52265.859375
1451.781700 56834.000000 4180.312012 52303.136719
1453.460900 57560.000000 5026.413086 52349.250000
1455.138200 57992.000000 5999.335449 52398.410156
1456.813800 59581.000000 6931.098633 52463.468750
1458.489100 60572.000000 7885.147461 52542.460938
1460.164300 61156.000000 8662.662109 52654.402344
1461.837600 62059.000000 9256.223633 52702.339844
1463.509200 62094.000000 9396.503906 52722.472656
1465.180500 61830.000000 9098.203125 52725.503906
1466.851600 60989.000000 8457.341797 52721.980469
1468.520900 59988.000000 7560.203125 52705.507812
1470.189900 59175.000000 6556.688477 52662.097656
1471.857200 58146.000000 5517.146484 52580.710938
1473.522800 56983.000000 4584.713867 52449.710938
1475.188100 56253.000000 3815.366455 52380.625000
1476.853100 55342.000000 3186.000488 52316.457031
1478.516500 54936.000000 2655.959473 52261.664062
1480.178000 54617.000000 2230.237793 52224.351562
1481.839200 53975.000000 1905.206787 52189.980469
1483.500400 54163.000000 1647.929077 52148.578125
1485.159700 53619.000000 1467.283081 52119.589844
1486.818600 53437.000000 1312.026123 52097.378906
1488.476000 52972.000000 1196.885376 52069.195312
1490.131500 53432.000000 1107.835449 52034.156250
1491.788300 53085.000000 1040.447510 52014.453125
1493.441800 53040.000000 991.181824 52008.636719
1495.095100 53022.000000 957.987427 52005.707031
1496.748000 53115.000000 939.912781 52007.273438
1498.399400 53108.000000 931.725403 52012.136719
1500.050400 52806.000000 905.189148 52020.574219
1501.699700 53142.000000 888.302063 52034.109375
1503.347300 53279.000000 885.712280 52044.843750
1504.996100 53193.000000 892.595703 52057.621094
1506.641600 52932.000000 905.990234 52072.375000
1508.287000 53209.000000 926.822571 52085.984375
1509.932000 53138.000000 960.220703 52097.097656
1511.575300 53025.000000 1005.567871 52101.761719
1513.218500 53686.000000 1066.949463 52101.167969
1514.859700 53515.000000 1144.187866 52106.031250
1516.500900 53461.000000 1245.701904 52095.308594
1518.140300 53935.000000 1370.590088 52086.742188
1519.777800 54059.000000 1517.768677 52084.031250
1521.416700 54103.000000 1704.316772 52070.035156
1523.052200 54551.000000 1941.488281 52048.929688
1524.689200 54566.000000 2260.666504 52036.859375
1526.322800 54774.000000 2640.888672 52025.796875
1527.956200 55593.000000 3134.903809 52038.375000
1529.589400 55921.000000 3736.240723 52071.175781
1531.220800 56784.000000 4486.249023 52116.910156
1532.851900 57976.000000 5331.203125 52180.617188
1534.481400 59142.000000 6335.097656 52275.406250
1536.110600 59759.000000 7358.613281 52369.871094
1537.738000 60917.000000 8482.154297 52439.031250
1539.365200 62252.000000 9484.806641 52573.312500
1540.990700 63027.000000 10407.674805 52668.277344
1542.616000 63581.000000 10917.814453 52733.183594
1544.239500 63923.000000 10983.080078 52779.542969
1545.862700 63693.000000 10587.934570 52821.015625
1547.484400 62825.000000 9783.352539 52839.183594
1549.105600 61229.000000 8751.326172 52858.582031
1550.725100 60256.000000 7571.705566 52783.007812
1552.344500 58988.000000 6492.105957 52676.750000
1553.962000 57794.000000 5537.060547 52622.773438
1555.579300 57210.000000 4741.114258 52534.074219
1557.195100 56492.000000 4022.929199 52491.601562
1558.810400 56087.000000 3408.375000 52463.679688
1560.424100 55311.000000 2900.462402 52436.570312
1562.037500 54775.000000 2483.177979 52398.015625
1563.649200 54500.000000 2132.110596 52371.292969
1565.260600 53969.000000 1840.131592 52350.187500
1566.870500 53921.000000 1612.540283 52325.921875
1568.479900 53722.000000 1415.834106 52297.246094
1570.089100 53831.000000 1247.656982 52282.171875
1571.695200 53259.000000 1109.577393 52274.882812
1573.302500 53535.000000 1002.881470 52256.617188
1574.906500 53213.000000 909.957397 52239.171875
1576.511800 53173.000000 829.801941 52226.671875
1578.115500 53497.000000 758.574097 52216.808594
1579.717400 53184.000000 698.879578 52220.125000
1581.319100 53109.000000 651.999939 52219.125000
1582.919100 53565.000000 602.359863 52227.050781
1584.518700 52776.000000 559.913757 52240.750000
1586.116600 53082.000000 530.739868 52255.242188
1587.714500 52904.000000 504.906891 52269.570312
1589.310500 52921.000000 470.952484 52292.078125
1590.906300 52853.000000 441.226410 52315.976562
1592.501800 52963.000000 414.542084 52340.460938
1594.095700 52821.000000 392.084778 52358.355469
1595.687900 52820.000000 365.557373 52383.679688
1597.279700 52813.000000 345.873840 52411.476562
1598.869900 52881.000000 327.622406 52440.148438
1600.459700 53146.000000 309.676575 52460.289062
1602.048100 52734.000000 291.954102 52484.792969
1603.636000 52696.000000 276.460449 52504.472656
1605.223900 52939.000000 262.294220 52526.109375
1606.809800 52512.000000 250.099579 52547.320312
1608.394200 52515.000000 235.767258 52575.203125
1609.978300 52768.000000 221.862579 52598.527344
1611.560700 52762.000000 209.720337 52621.890625
1613.142900 53124.000000 199.443771 52639.031250
1614.724700 53213.000000 190.403290 52657.304688
1616.304900 53051.000000 183.594910 52669.304688
1617.883500 52933.000000 178.316879 52689.089844
1619.461800 53094.000000 173.303131 52707.472656
1621.038300 53210.000000 166.597672 52729.527344
1622.614700 53292.000000 160.624390 52742.117188
1624.190800 53099.000000 155.845306 52758.062500
1625.765300 53219.000000 150.698639 52765.984375
1627.337900 53369.000000 143.100571 52779.656250
1628.910400 52956.000000 137.292068 52791.441406
1630.482700 53260.000000 132.356873 52804.347656
1632.053200 53413.000000 126.434326 52808.507812
1633.622100 53343.000000 117.761093 52818.578125
1635.190600 53019.000000 110.119812 52824.664062
1636.759000 53593.000000 104.031982 52834.488281
1638.325700 53470.000000 100.063820 52837.488281
1639.890700 53388.000000 98.632278 52843.550781
1641.455400 53438.000000 97.105217 52845.101562
1643.019900 53218.000000 95.366776 52850.539062
1644.582800 53063.000000 93.391678 52852.773438
1646.143900 53068.000000 90.180405 52857.960938
1647.704700 53156.000000 88.668381 52853.257812
1649.265500 53158.000000 88.067032 52844.804688
1650.824500 53154.000000 87.492172 52827.851562
1652.381600 53178.000000 86.474823 52812.128906
1653.938700 53139.000000 87.237076 52787.746094
1655.495500 53052.000000 87.733009 52763.562500
1657.050700 53049.000000 86.520912 52732.468750
1658.604100 53039.000000 83.645103 52706.203125
1660.157200 53208.000000 81.271301 52668.839844
1661.710200 53077.000000 79.493019 52629.460938
1663.261500 52718.000000 78.153252 52584.089844
1664.811200 52961.000000 76.487305 52544.050781
1666.361900 52653.000000 75.631828 52497.371094
1667.909700 52764.000000 74.830093 52452.660156
1669.457200 52692.000000 73.261246 52403.710938
1671.004300 52502.000000 71.660782 52354.054688
1672.549900 52391.000000 71.028748 52297.910156
1674.093600 52366.000000 70.974411 52244.207031
1675.637300 52335.000000 71.103157 52182.812500
1677.180800 52252.000000 70.689285 52126.484375
1678.722400 52445.000000 70.595139 52066.007812
1680.263900 52332.000000 70.971588 52009.003906
1681.803700 52068.000000 71.067268 51950.648438
1683.341800 52468.000000 70.481735 51902.308594
1684.881200 52001.000000 71.668312 51849.257812
1686.417500 51952.000000 72.758911 51794.929688
1687.953400 51884.000000 72.776596 51731.054688
1689.489100 51947.000000 71.467751 51672.785156
1691.023200 52035.000000 70.438675 51614.207031
1692.557100 51744.000000 69.503662 51562.539062
1694.089200 51757.000000 67.724113 51503.820312
1695.619800 51624.000000 64.939476 51447.000000
1697.151500 51280.000000 64.222656 51385.914062
1698.680200 51409.000000 64.195900 51318.476562
1700.208500 51354.000000 64.060570 51251.925781
1701.736600 51216.000000 63.245941 51191.046875
1703.263100 51507.000000 62.075035 51135.960938
1704.789300 51030.000000 59.984184 51078.980469
1706.314000 51407.000000 55.829296 51019.054688
1707.838100 51342.000000 49.913223 50962.101562
1709.361000 50975.000000 46.094189 50906.250000
1710.883300 51203.000000 44.249367 50855.757812
1712.404100 51178.000000 43.866085 50799.152344
1713.923100 50892.000000 44.643990 50743.855469
1715.443500 51085.000000 45.158379 50685.371094
1716.960700 50644.000000 45.420944 50629.027344
1718.479100 50815.000000 44.612495 50566.050781
1719.994500 50798.000000 42.419182 50505.546875
1721.509600 50435.000000 40.899513 50450.996094
1723.024400 50373.000000 40.169216 50393.714844
1724.537600 50484.000000 39.928337 50328.570312
1726.050700 50440.000000 39.985336 50267.605469
1727.561900 50549.000000 40.290985 50209.093750
1729.073000 50489.000000 40.360840 50159.300781
1730.582400 50221.000000 39.503254 50100.703125
1732.091700 50540.000000 37.825371 50048.679688
1733.599200 50219.000000 37.287685 49992.683594
1735.106600 50179.000000 37.565666 49940.781250
1736.612100 49833.000000 38.103977 49886.289062
1738.117600 49921.000000 38.911827 49834.289062
1739.621300 49866.000000 39.736153 49785.996094
1741.125000 49486.000000 40.369125 49736.398438
1742.626800 49701.000000 39.916023 49681.992188
1744.128400 49464.000000 38.882069 49623.312500
1745.628500 49797.000000 37.908131 49570.023438
1747.128300 49582.000000 37.444462 49515.687500
1748.626300 49532.000000 36.950851 49462.015625
1750.124300 49441.000000 36.531761 49414.941406
1751.620500 49467.000000 36.278831 49371.570312
1753.116600 49234.000000 36.473022 49323.945312
1754.612400 49535.000000 36.145222 49273.785156
1756.105100 49452.000000 35.519398 49223.382812
1757.599100 49402.000000 35.031788 49175.277344
1759.091300 49300.000000 34.481636 49133.203125
1760.582000 49178.000000 33.681892 49085.660156
1762.072400 49379.000000 33.016106 49050.800781
1763.561000 48924.000000 32.776096 49016.671875
1765.049600 48650.000000 33.217915 48981.289062
1766.536500 49148.000000 33.484272 48942.683594
1768.023200 48875.000000 33.495567 48901.214844
1769.508100 48654.000000 32.965229 48874.488281
1770.992900 48664.000000 32.637779 48842.207031
1772.477500 49013.000000 31.995884 48803.917969
1773.959000 49014.000000 31.021698 48770.156250
1775.441700 48784.000000 30.286545 48752.433594
1776.922700 48573.000000 29.894922 48736.628906
1778.402100 48817.000000 29.186687 48710.105469
1779.881300 48606.000000 28.316107 48675.417969
1781.358900 48659.000000 27.820362 48646.468750
1782.836200 48629.000000 27.638641 48616.199219
1784.311900 48807.000000 27.411350 48588.527344
1785.787400 48703.000000 26.508230 48566.359375
1787.262600 48496.000000 26.043762 48544.140625
1788.736200 48580.000000 25.743191 48519.687500
1790.208300 48572.000000 25.579765 48484.363281
1791.679800 48790.000000 25.231874 48455.425781
1793.150000 48527.000000 25.066662 48427.652344
1794.619900 48561.000000 25.161495 48407.140625
1796.089600 48655.000000 25.152369 48382.429688
1797.557600 48317.000000 24.543446 48361.707031
1799.023900 48214.000000 23.947453 48339.523438
1800.490100 48376.000000 23.443794 48313.519531
1801.954600 48250.000000 23.204004 48277.074219
1803.418900 48434.000000 22.801561 48256.046875
1804.883100 48010.000000 22.794237 48231.296875
1806.345500 48336.000000 22.957123 48210.683594
1807.806400 48162.000000 23.096523 48178.078125
1809.266800 48009.000000 22.921108 48157.960938
1810.727400 47905.000000 23.447159 48143.269531
1812.186000 47976.000000 24.069172 48127.007812
1813.643300 47926.000000 23.998375 48102.277344
1815.100100 48259.000000 23.536335 48075.546875
1816.556800 47870.000000 23.319790 48051.738281
1818.010400 47825.000000 22.754520 48043.406250
1819.465300 48102.000000 22.069220 48020.703125
1820.918500 48353.000000 21.154062 47990.015625
1822.370100 47928.000000 21.159225 47953.367188
1823.821400 48328.000000 21.405180 47941.660156
1825.272600 47865.000000 21.500462 47923.855469
1826.722200 47866.000000 21.026546 47919.093750
1828.169900 47777.000000 21.077652 47902.613281
1829.617600 48485.000000 21.391737 47881.769531
1831.065200 47935.000000 21.689688 47857.457031
1832.511000 47760.000000 21.688839 47847.886719
1833.956500 47731.000000 21.198185 47833.175781
1835.400500 47837.000000 21.033169 47810.929688
1836.842900 48045.000000 21.546446 47792.324219
1838.285200 47778.000000 22.138325 47777.613281
1839.727100 47378.000000 22.546852 47773.953125
1841.167400 47799.000000 22.841663 47770.640625
1842.606100 47664.000000 22.905729 47749.980469
1844.044400 47533.000000 23.000732 47727.066406
1845.482800 47534.000000 23.820791 47712.398438
1846.919400 47631.000000 24.691059 47701.660156
1848.356000 47474.000000 24.733593 47694.742188
1849.790800 47594.000000 24.790733 47685.949219
1851.224000 47820.000000 25.285770 47682.738281
1852.656900 47356.000000 25.524612 47679.527344
1854.089700 47711.000000 25.440716 47681.414062
1855.520800 47852.000000 24.981312 47681.695312
1856.951800 47433.000000 24.772837 47694.210938
1858.381100 47699.000000 24.163364 47713.296875
1859.808700 47885.000000 22.936974 47714.773438
1861.236300 47952.000000 21.807943 47703.570312
1862.663500 47880.000000 21.781609 47708.410156
1864.089100 47466.000000 21.784267 47732.656250
1865.514600 47659.000000 21.400362 47759.324219
1866.938500 47713.000000 20.953196 47763.742188
1868.360700 47868.000000 21.236263 47772.039062
1869.784200 47838.000000 21.891581 47771.800781
1871.204500 47674.000000 22.058201 47772.894531
1872.624600 47631.000000 21.896877 47783.175781
1874.044700 47944.000000 21.403677 47790.554688
1875.463000 47972.000000 21.130030 47783.695312
1876.881200 47874.000000 21.508038 47790.074219
1878.297700 47927.000000 22.309578 47799.843750
1879.714100 47766.000000 22.897562 47798.457031
1881.128800 47984.000000 22.974804 47806.273438
1882.541900 48073.000000 22.154591 47806.476562
1883.956200 48093.000000 21.459383 47782.781250
1885.367400 48271.000000 20.137314 47728.703125
1886.778600 48004.000000 21.159338 47696.175781
1888.189500 48353.000000 23.042521 47753.832031
