Raman_Shift Original_Spectrum Predicted_Raman Predicted_Baseline
294.894650 56128.000000 28.742294 55658.406250
297.232540 55981.000000 29.377670 55623.921875
299.568300 55978.000000 31.163733 55635.796875
301.905240 55924.000000 27.809668 55673.308594
304.238400 55883.000000 26.714268 55685.679688
306.571040 55678.000000 24.729322 55698.613281
308.903260 56185.000000 22.789463 55701.027344
311.233340 56015.000000 21.773472 55686.390625
313.562930 55832.000000 22.753384 55659.011719
315.890440 55834.000000 23.451311 55642.179688
318.215790 55544.000000 26.297567 55645.148438
320.540680 55534.000000 30.142298 55655.363281
322.865110 55549.000000 33.061314 55685.742188
325.187410 55357.000000 33.424759 55718.003906
327.509250 55825.000000 32.670288 55757.707031
329.828920 55955.000000 31.885204 55810.816406
332.148160 55665.000000 32.137676 55860.019531
334.465270 55983.000000 33.136162 55912.089844
336.781950 56011.000000 35.323994 55965.433594
339.096470 55859.000000 37.367840 56025.464844
341.408870 56089.000000 38.660072 56094.421875
343.722530 56144.000000 38.077213 56163.671875
346.032350 56515.000000 37.477314 56237.835938
348.341740 56529.000000 38.411057 56319.976562
350.650670 56825.000000 39.218769 56418.593750
352.957460 56855.000000 42.465706 56523.304688
355.263760 57070.000000 45.805176 56631.726562
357.568020 56987.000000 47.584724 56742.847656
359.871800 57082.000000 47.641716 56855.847656
362.173430 57298.000000 46.295406 56967.214844
364.474640 57621.000000 45.830639 57077.007812
366.773710 57601.000000 46.175114 57189.257812
369.072360 57315.000000 46.288559 57313.992188
371.368870 57598.000000 43.318825 57437.738281
373.664920 57752.000000 39.511139 57560.343750
375.958890 57943.000000 36.358418 57680.710938
378.252380 58261.000000 34.440159 57800.660156
380.543790 58406.000000 34.272728 57914.804688
382.834750 58538.000000 34.826813 58020.996094
385.123570 58667.000000 36.494064 58114.960938
387.411960 58718.000000 39.173416 58207.828125
389.698210 59003.000000 43.362366 58288.828125
391.984070 58877.000000 47.813408 58364.007812
394.267790 58699.000000 50.760033 58434.914062
396.551060 58800.000000 51.797058 58512.593750
398.832210 59164.000000 52.875191 58578.238281
401.112950 59070.000000 54.298462 58642.562500
403.391570 59435.000000 55.299385 58693.781250
405.669770 59238.000000 55.776886 58745.402344
407.945860 59612.000000 56.269684 58786.839844
410.221470 59407.000000 58.174461 58830.417969
412.495030 59498.000000 60.546417 58868.398438
414.768100 59545.000000 62.931190 58907.613281
417.039090 59390.000000 63.275879 58941.632812
419.309630 59246.000000 64.089478 58976.226562
421.579740 59291.000000 65.812134 59012.941406
423.846100 59309.000000 68.344727 59051.601562
426.113680 59429.000000 75.573570 59082.875000
428.377470 59442.000000 84.885574 59112.878906
430.642520 59395.000000 93.170807 59142.386719
432.905460 59519.000000 99.829147 59177.562500
435.166320 59663.000000 103.136024 59203.753906
437.426700 59577.000000 106.895531 59226.593750
439.685060 59491.000000 112.554367 59250.804688
441.942900 59489.000000 118.220909 59281.585938
444.198730 59830.000000 123.091858 59304.015625
446.454070 59706.000000 129.331284 59322.628906
448.708980 59676.000000 135.603287 59341.085938
450.961820 59916.000000 143.203156 59359.402344
453.212550 59578.000000 152.637772 59368.089844
455.462890 59709.000000 165.107147 59376.304688
457.711120 59866.000000 181.099777 59382.238281
459.958920 59865.000000 198.982407 59389.789062
462.204590 60031.000000 213.916458 59390.402344
464.449890 59809.000000 228.905792 59386.671875
466.694760 59953.000000 248.901779 59381.101562
468.937500 59756.000000 271.841187 59375.957031
471.178160 59861.000000 290.937103 59363.617188
473.418460 59896.000000 314.115112 59350.386719
475.656620 59910.000000 349.481354 59341.082031
477.894380 60073.000000 393.656311 59336.644531
480.131680 60007.000000 448.370361 59326.507812
482.366910 59886.000000 510.553375 59305.976562
484.600040 60197.000000 589.272949 59284.718750
486.832790 60310.000000 682.872925 59263.875000
489.063450 60488.000000 801.643005 59239.902344
491.293670 60597.000000 946.203125 59204.410156
493.523500 60388.000000 1125.640747 59169.093750
495.751190 60719.000000 1341.061646 59132.875000
497.976840 61039.000000 1613.390503 59088.632812
500.202090 61095.000000 1909.769165 59034.214844
502.426910 61158.000000 2245.789307 58986.886719
504.649660 61460.000000 2615.374512 58937.070312
506.870270 61793.000000 2999.208252 58878.824219
509.090550 61888.000000 3348.576660 58814.621094
511.310360 62269.000000 3570.281982 58745.648438
513.528140 62421.000000 3607.134766 58679.957031
515.743770 62037.000000 3377.691895 58601.917969
517.959110 61469.000000 2974.395020 58511.820312
520.173890 60924.000000 2467.330811 58407.632812
522.386660 60106.000000 1981.301025 58295.640625
524.597410 59610.000000 1586.001343 58179.351562
526.807740 58936.000000 1294.647339 58071.164062
529.017580 59037.000000 1064.908569 57969.437500
531.225400 58853.000000 884.510864 57872.972656
533.431210 58532.000000 746.788269 57774.976562
535.636470 58365.000000 653.144409 57685.894531
537.841430 57912.000000 582.094849 57611.234375
540.044310 58323.000000 526.398804 57540.617188
542.245120 58401.000000 491.327240 57480.847656
544.445500 58168.000000 472.784821 57413.640625
546.645450 57694.000000 466.378326 57364.714844
548.843380 57590.000000 466.698395 57334.093750
551.040830 57883.000000 455.507477 57303.269531
553.236330 57828.000000 455.425629 57264.890625
555.429690 58007.000000 463.511627 57239.746094
557.622680 57897.000000 481.517578 57218.902344
559.815250 58004.000000 528.665649 57194.984375
562.005800 58232.000000 600.474792 57170.429688
564.195920 58041.000000 775.756653 57162.128906
566.383910 58683.000000 1147.691895 57160.640625
568.569950 59280.000000 1751.417358 57146.359375
570.755550 59898.000000 2307.943359 57122.058594
572.940730 60160.000000 2256.286865 57100.378906
575.123900 59098.000000 1694.218140 57065.941406
577.306640 58653.000000 1107.562866 57020.683594
579.487300 58042.000000 779.414001 56982.761719
581.665950 57935.000000 637.760681 56940.726562
583.844120 57764.000000 571.709045 56908.796875
586.021970 57612.000000 551.208862 56870.988281
588.197750 57629.000000 548.606018 56830.539062
590.373170 57838.000000 559.005676 56805.550781
592.546450 57712.000000 569.276733 56780.261719
594.719420 57239.000000 579.202454 56756.183594
596.890260 57803.000000 593.447815 56723.820312
599.059140 57172.000000 617.071167 56702.179688
601.229190 57073.000000 646.390747 56685.007812
603.395570 57396.000000 667.047974 56665.691406
605.561580 57287.000000 694.423584 56641.480469
607.727170 57600.000000 735.390442 56620.523438
609.890750 57378.000000 780.686890 56603.175781
612.053960 57552.000000 837.399292 56572.808594
614.215030 57708.000000 902.895874 56535.484375
616.375790 57776.000000 987.071655 56496.085938
618.534480 57611.000000 1090.434814 56454.574219
620.692750 57738.000000 1235.097656 56398.660156
622.849000 58141.000000 1404.358032 56326.679688
625.004820 57697.000000 1612.651489 56260.429688
627.158750 58179.000000 1877.021118 56208.031250
629.310490 58446.000000 2160.951660 56161.320312
631.463560 58838.000000 2527.918457 56095.882812
633.612920 58991.000000 2979.076416 56060.695312
635.763490 59931.000000 3658.451904 56044.960938
637.910460 60426.000000 4446.413574 56008.656250
640.058650 61613.000000 5557.724609 55964.906250
642.203190 63267.000000 6891.557617 55959.125000
644.348880 65037.000000 8762.412109 56015.589844
646.491030 67484.000000 10873.927734 56024.195312
648.634400 69962.000000 13462.037109 56132.359375
650.774050 72438.000000 15809.812500 56191.816406
652.914980 74804.000000 17740.167969 56180.378906
655.052250 75479.000000 18153.968750 56129.414062
657.190730 74106.000000 16887.025391 56095.949219
659.325620 71250.000000 14812.901367 56159.636719
661.461730 69117.000000 12405.919922 56122.335938
663.594180 66705.000000 10468.226562 56095.621094
665.727910 64717.000000 8801.245117 56058.832031
667.857910 63445.000000 7514.342773 56003.683594
669.989200 62047.000000 6339.045410 55975.320312
672.118470 61520.000000 5404.958008 55949.367188
674.245670 60366.000000 4553.458008 55910.371094
676.372560 59794.000000 3895.035889 55851.421875
678.497380 59358.000000 3330.354980 55805.406250
680.621830 58887.000000 2872.417725 55760.335938
682.744320 58277.000000 2492.752441 55700.621094
684.866390 58229.000000 2202.977051 55636.574219
686.986450 57678.000000 1980.407471 55595.843750
689.106080 57723.000000 1814.973389 55566.968750
691.223750 57431.000000 1703.417358 55538.554688
693.341000 57417.000000 1634.318726 55515.332031
695.457820 57323.000000 1603.369995 55509.351562
697.571110 57181.000000 1599.261108 55514.839844
699.685610 57153.000000 1639.265869 55517.660156
701.798100 57484.000000 1703.741455 55527.550781
703.908570 57635.000000 1808.069336 55530.792969
706.018620 57659.000000 1908.699219 55530.648438
708.126770 57512.000000 1980.266357 55522.242188
710.234380 57384.000000 1971.390259 55501.894531
712.340150 57318.000000 1859.497070 55479.804688
714.445430 57320.000000 1677.251221 55454.742188
716.550350 56887.000000 1471.368408 55426.925781
718.653260 56693.000000 1272.006104 55395.203125
720.754270 56731.000000 1091.774536 55370.195312
722.854800 56344.000000 941.007629 55343.277344
724.953370 56070.000000 824.176086 55314.515625
727.051570 56108.000000 724.067139 55286.843750
729.149350 55954.000000 629.204468 55254.972656
731.243530 55950.000000 558.491821 55221.437500
733.338990 55874.000000 499.785004 55190.285156
735.432370 55653.000000 446.655945 55160.421875
737.523800 55834.000000 412.515320 55136.562500
739.614870 55806.000000 385.484100 55111.503906
741.705570 55381.000000 362.096405 55080.734375
743.792600 55304.000000 338.648682 55055.812500
745.880920 55292.000000 321.374207 55034.175781
747.967220 55470.000000 309.578064 55010.613281
750.051570 55260.000000 302.936005 54992.562500
752.135500 55293.000000 296.289246 54976.429688
754.219120 55420.000000 280.894867 54966.804688
756.300720 55483.000000 264.671204 54954.371094
758.380310 55157.000000 251.304932 54936.859375
760.459530 55318.000000 234.534714 54918.320312
762.538390 54848.000000 215.779251 54903.835938
764.615300 55397.000000 195.555038 54880.367188
766.690190 55363.000000 178.168274 54856.765625
768.764710 55291.000000 164.144424 54833.699219
770.838810 55279.000000 160.266571 54817.660156
772.909360 55230.000000 155.013565 54800.742188
774.981140 54984.000000 150.634811 54782.992188
777.050960 55433.000000 146.662216 54760.804688
779.120420 55330.000000 144.872208 54739.570312
781.187870 55184.000000 145.519485 54711.921875
783.253420 54936.000000 148.197861 54693.796875
785.318480 55007.000000 148.482086 54669.281250
787.383240 55125.000000 143.556000 54647.535156
789.445980 54917.000000 138.147491 54624.191406
791.506770 54701.000000 134.631165 54604.488281
793.567260 55159.000000 131.729111 54583.023438
795.627260 55109.000000 130.288742 54562.777344
797.685360 54844.000000 131.102890 54537.625000
799.741520 54951.000000 133.072296 54517.468750
801.797240 54826.000000 134.360504 54494.968750
803.852600 54923.000000 131.494965 54470.734375
805.906010 54467.000000 127.852356 54439.000000
807.959050 54754.000000 125.161926 54410.679688
810.010130 54444.000000 124.569885 54379.156250
812.059200 54722.000000 124.722389 54352.261719
814.107970 54696.000000 126.358475 54318.917969
816.156370 54688.000000 129.805054 54285.925781
818.202760 54653.000000 131.737045 54248.695312
820.247190 54314.000000 128.368103 54221.769531
822.292850 54469.000000 124.705040 54182.109375
824.335020 54489.000000 121.924049 54143.515625
826.376770 54483.000000 119.974342 54099.250000
828.418090 54350.000000 116.417686 54059.136719
830.457520 54047.000000 113.351822 54009.640625
832.496640 54480.000000 111.971802 53966.656250
834.533690 54213.000000 112.017715 53915.816406
836.568910 53954.000000 110.480751 53861.242188
838.603700 53844.000000 108.548668 53803.789062
840.638060 53952.000000 107.696640 53751.035156
842.670530 53905.000000 106.589149 53693.550781
844.702640 53485.000000 103.431236 53640.722656
846.732790 53819.000000 99.758255 53582.070312
848.762570 53899.000000 97.641495 53526.757812
850.790470 53569.000000 96.478859 53464.703125
852.816350 53682.000000 93.962631 53406.804688
854.843440 53486.000000 91.775970 53341.531250
856.867070 53686.000000 90.428329 53280.875000
858.890200 53535.000000 89.515320 53210.375000
860.913150 53356.000000 87.026299 53139.214844
862.934020 53079.000000 83.775482 53063.503906
864.954530 53178.000000 81.462852 52989.968750
866.973140 53130.000000 79.473740 52914.523438
868.991390 52654.000000 76.637093 52836.558594
871.007690 53335.000000 75.268700 52755.195312
873.023620 52862.000000 76.465012 52674.457031
875.037660 52508.000000 78.116722 52593.664062
877.051270 52779.000000 78.149757 52517.902344
879.062990 52682.000000 77.440163 52437.863281
881.074340 52722.000000 76.529442 52356.617188
883.083740 52705.000000 76.169960 52271.972656
885.092770 52827.000000 75.088737 52187.414062
887.099850 52697.000000 76.077866 52095.371094
889.104980 52556.000000 78.006119 52004.859375
891.111450 52063.000000 79.571548 51907.859375
893.114260 51840.000000 79.036758 51809.500000
895.118410 52191.000000 77.841019 51705.113281
897.119020 52043.000000 77.470383 51603.121094
899.120790 52002.000000 77.887688 51500.890625
901.119080 51685.000000 77.557907 51402.023438
903.118650 51765.000000 79.476158 51299.441406
905.114620 51697.000000 82.204147 51201.289062
907.111880 51184.000000 85.092537 51099.304688
909.107180 51119.000000 85.641495 50996.296875
911.100520 51177.000000 85.293732 50886.039062
913.093630 50910.000000 85.629196 50777.183594
915.084660 50797.000000 87.408295 50671.003906
917.075380 50892.000000 88.651291 50569.480469
919.064210 50593.000000 91.007385 50464.054688
921.052730 50404.000000 93.653915 50363.832031
923.039310 50636.000000 97.390381 50262.351562
925.025450 50318.000000 99.897491 50161.941406
927.009770 50078.000000 103.575218 50061.414062
928.993650 50226.000000 107.775002 49962.910156
930.975590 50339.000000 113.512756 49866.226562
932.957280 49849.000000 118.005981 49771.882812
934.937010 50036.000000 122.791397 49677.941406
936.916380 49946.000000 127.123474 49589.808594
938.895390 49784.000000 134.253601 49508.722656
940.870970 49508.000000 140.076691 49432.273438
942.847660 49700.000000 147.856796 49355.191406
944.822510 49524.000000 158.061737 49282.320312
946.795470 49215.000000 176.732239 49213.871094
948.768010 49186.000000 198.790314 49148.621094
950.738710 49335.000000 227.847244 49087.734375
952.708980 49430.000000 266.050568 49023.230469
954.677310 49464.000000 326.870270 48961.597656
956.645390 49579.000000 414.748627 48901.929688
958.613160 49647.000000 546.061157 48843.523438
960.578920 49855.000000 740.552856 48797.621094
962.542720 50034.000000 1035.264771 48769.519531
964.506290 50580.000000 1482.033569 48752.160156
966.467960 50899.000000 2093.733398 48725.765625
968.429260 51665.000000 2718.645996 48670.972656
970.390140 51971.000000 3050.750244 48604.804688
972.347660 51600.000000 2855.032959 48562.300781
974.306270 50883.000000 2276.412354 48523.804688
976.263060 50400.000000 1661.729736 48501.757812
978.218020 49557.000000 1165.437256 48462.050781
980.172490 49398.000000 820.036926 48424.582031
982.125120 48994.000000 601.232056 48387.277344
984.077390 49285.000000 466.049072 48352.062500
986.029360 48588.000000 373.462982 48319.781250
987.979370 48749.000000 304.916504 48290.613281
989.927490 48571.000000 257.987152 48244.269531
991.875310 48458.000000 225.903732 48201.542969
993.822750 48435.000000 200.729294 48160.105469
995.768370 48512.000000 181.326309 48124.683594
997.711980 48362.000000 168.753067 48090.281250
999.655270 47990.000000 160.319901 48059.554688
1001.596700 48226.000000 153.436127 48024.964844
1003.537700 48182.000000 145.146927 47992.593750
1005.478600 47853.000000 138.056717 47960.570312
1007.417400 48497.000000 133.681335 47938.375000
1009.354300 48325.000000 131.202362 47904.289062
1011.291000 48110.000000 128.205750 47886.203125
1013.227200 47707.000000 126.298683 47864.785156
1015.161600 48105.000000 126.178818 47840.601562
1017.094100 47824.000000 126.805702 47805.648438
1019.026200 47921.000000 125.833839 47777.085938
1020.958000 48048.000000 126.397011 47762.019531
1022.888000 47429.000000 129.032028 47741.757812
1024.816000 47775.000000 131.293182 47732.148438
1026.743800 47594.000000 131.348312 47709.679688
1028.671100 47857.000000 134.321457 47689.410156
1030.596600 47948.000000 138.107361 47676.039062
1032.521700 47734.000000 142.670319 47665.773438
1034.444900 47949.000000 145.220062 47659.792969
1036.366300 48131.000000 149.828781 47645.179688
1038.287400 48279.000000 156.182220 47631.070312
1040.208100 47974.000000 166.288742 47625.894531
1042.127000 47723.000000 175.927216 47632.445312
1044.043800 47755.000000 185.956711 47624.332031
1045.960400 47993.000000 197.674591 47609.796875
1047.876700 47892.000000 215.185913 47592.859375
1049.791000 47852.000000 233.360748 47585.851562
1051.705100 47891.000000 257.185486 47576.750000
1053.617300 48007.000000 287.402954 47560.570312
1055.527600 47837.000000 330.847656 47537.339844
1057.437500 48127.000000 396.526276 47516.539062
1059.347300 48342.000000 486.339508 47493.523438
1061.255000 48213.000000 615.308960 47493.160156
1063.162500 48235.000000 823.029480 47516.148438
1065.068000 48827.000000 1168.509644 47547.250000
1066.971700 49361.000000 1729.692017 47568.164062
1068.875000 50166.000000 2532.127930 47568.554688
1070.778100 51213.000000 3400.965576 47554.519531
1072.679200 51602.000000 3885.595703 47511.152344
1074.580000 51144.000000 3615.534668 47448.007812
1076.479000 50534.000000 2922.655762 47406.808594
1078.377600 49725.000000 2171.172363 47397.886719
1080.274400 49252.000000 1563.488525 47363.511719
1082.169200 48866.000000 1124.459106 47321.335938
1084.065300 48308.000000 832.644409 47293.710938
1085.958000 47859.000000 641.871094 47274.414062
1087.850300 47525.000000 508.985291 47261.691406
1089.742400 47876.000000 427.761658 47248.601562
1091.632600 47637.000000 373.638916 47228.156250
1093.522500 47344.000000 331.517426 47214.746094
1095.410400 47575.000000 300.466248 47202.972656
1097.298100 47515.000000 278.261810 47179.281250
1099.183800 47471.000000 262.099030 47151.000000
1101.069300 47501.000000 249.474274 47134.500000
1102.952900 47200.000000 240.101105 47125.742188
1104.834600 47227.000000 236.576660 47111.394531
1106.717700 47355.000000 236.076340 47089.558594
1108.597200 47363.000000 236.144363 47077.347656
1110.477900 47111.000000 235.535065 47065.351562
1112.355300 47200.000000 235.653351 47060.226562
1114.232300 47137.000000 237.693146 47047.160156
1116.109100 47453.000000 243.279816 47037.707031
1117.984000 47296.000000 247.339355 47024.652344
1119.858500 46901.000000 250.433746 47024.441406
1121.731300 47122.000000 252.849899 47028.386719
1123.603600 47283.000000 257.705902 47016.277344
1125.474100 47459.000000 263.112701 46994.386719
1127.344400 47550.000000 271.062317 46983.105469
1129.212600 47183.000000 280.792664 46980.085938
1131.080700 47252.000000 295.617065 46980.890625
1132.946900 47086.000000 316.174866 46984.144531
1134.812700 47226.000000 338.972626 46991.777344
1136.676800 47266.000000 364.989532 46999.039062
1138.540400 47279.000000 396.270111 47010.101562
1140.402300 47693.000000 434.255798 47020.277344
1142.263800 47473.000000 484.882080 47031.960938
1144.123400 47896.000000 547.007690 47047.910156
1145.982800 47709.000000 631.328979 47060.566406
1147.841800 47619.000000 745.910095 47076.574219
1149.697500 48474.000000 893.495300 47106.023438
1151.554400 48216.000000 1085.172119 47128.476562
1153.407800 48511.000000 1324.679443 47162.261719
1155.262600 48904.000000 1630.953247 47201.175781
1157.115500 49647.000000 1997.207275 47245.976562
1158.966400 49604.000000 2353.184326 47265.941406
1160.817100 50058.000000 2593.321777 47294.925781
1162.666000 50291.000000 2605.327393 47283.507812
1164.514500 49850.000000 2391.519043 47255.437500
1166.361300 49461.000000 2105.313965 47271.316406
1168.207600 49526.000000 1799.564453 47303.578125
1170.052200 48927.000000 1574.836060 47320.996094
1171.896500 49056.000000 1445.193848 47333.230469
1173.740400 48900.000000 1392.441650 47356.292969
1175.580900 48853.000000 1390.243042 47385.656250
1177.422900 49296.000000 1432.950317 47384.148438
1179.262700 49430.000000 1550.764893 47405.953125
1181.100700 49300.000000 1752.959717 47405.609375
1182.938600 49519.000000 2031.935791 47435.707031
1184.774500 49740.000000 2400.811279 47488.554688
1186.610200 50525.000000 2839.574707 47546.378906
1188.444000 50811.000000 3383.559082 47622.148438
1190.277500 51712.000000 4017.844971 47709.824219
1192.110700 52668.000000 4759.612793 47749.109375
1193.942000 53276.000000 5487.801758 47795.386719
1195.771600 53971.000000 6157.463379 47812.914062
1197.600700 54377.000000 6566.431152 47877.062500
1199.428100 54377.000000 6668.215820 47893.871094
1201.255200 54269.000000 6414.571777 47920.222656
1203.082000 54200.000000 5876.256348 47940.140625
1204.907000 53018.000000 5152.705566 47941.140625
1206.730100 52325.000000 4430.366699 47834.554688
1208.552900 51770.000000 3816.330078 47777.003906
1210.373900 51229.000000 3408.279297 47755.031250
1212.194600 51062.000000 3172.669189 47753.980469
1214.015000 51003.000000 3113.792480 47776.308594
1215.833500 50840.000000 3183.739258 47815.867188
1217.650300 51417.000000 3421.658936 47843.070312
1219.466700 52107.000000 3864.037598 47937.554688
1221.281300 52553.000000 4542.385254 48050.230469
1223.095600 53686.000000 5415.610352 48196.078125
1224.909500 54746.000000 6428.458008 48303.277344
1226.721700 55921.000000 7399.707031 48406.132812
1228.532000 56444.000000 8190.855469 48469.726562
1230.342000 56833.000000 8491.529297 48566.109375
1232.151700 56514.000000 8111.320312 48626.195312
1233.959700 55764.000000 7225.846680 48690.378906
1235.765900 54877.000000 6107.319336 48617.484375
1237.571700 53501.000000 4974.260254 48573.738281
1239.377100 52603.000000 3997.817627 48549.343750
1241.180800 51828.000000 3254.425537 48518.546875
1242.982700 51212.000000 2754.936035 48541.726562
1244.784200 51215.000000 2439.225830 48572.648438
1246.585300 50953.000000 2300.443359 48561.179688
1248.384900 50598.000000 2267.845947 48573.550781
1250.182500 50699.000000 2364.937256 48570.132812
1251.979700 51104.000000 2528.766846 48591.675781
1253.776900 51660.000000 2835.160645 48565.640625
1255.572000 52084.000000 3250.925293 48571.304688
1257.365500 52247.000000 3876.513672 48585.148438
1259.160000 53503.000000 4688.430664 48614.390625
1260.951300 55012.000000 5831.037598 48723.382812
1262.742300 56205.000000 7318.588379 48887.484375
1264.533100 58318.000000 9301.337891 49056.960938
1266.322000 60844.000000 11450.854492 49233.730469
1268.109000 62971.000000 13875.004883 49357.417969
1269.895800 65311.000000 15789.495117 49407.820312
1271.682400 66531.000000 16760.484375 49374.992188
1273.466900 66246.000000 16292.799805 49432.570312
1275.251500 64190.000000 14546.333008 49397.058594
1277.033900 61750.000000 12448.150391 49545.246094
1278.814700 59735.000000 10156.916016 49528.566406
1280.595200 57916.000000 8222.296875 49603.820312
1282.375400 55850.000000 6541.577148 49606.554688
1284.153800 54445.000000 5238.561035 49534.687500
1285.931900 53751.000000 4199.654297 49577.417969
1287.708100 53080.000000 3429.800781 49665.550781
1289.482500 52443.000000 2841.255371 49670.550781
1291.256800 52098.000000 2409.329590 49697.878906
1293.030600 51844.000000 2081.057861 49751.988281
1294.802900 52015.000000 1822.023438 49809.921875
1296.574600 52122.000000 1629.770142 49859.800781
1298.344600 51322.000000 1482.793823 49908.785156
1300.114400 51403.000000 1387.235474 49972.632812
1301.882300 51467.000000 1312.166748 50031.250000
1303.648300 51755.000000 1272.065674 50094.105469
1305.415800 51723.000000 1253.294922 50169.937500
1307.179700 51849.000000 1255.724487 50252.832031
1308.943500 52066.000000 1274.177368 50334.425781
1310.707000 52137.000000 1317.901855 50415.367188
1312.468600 51917.000000 1382.302979 50494.355469
1314.230000 52457.000000 1480.870972 50578.269531
1315.989500 52602.000000 1613.874268 50670.906250
1317.748800 52901.000000 1818.285767 50769.632812
1319.506200 53297.000000 2104.871338 50870.671875
1321.263400 53810.000000 2504.119385 50977.144531
1323.018900 54234.000000 3020.561035 51096.308594
1324.774000 55037.000000 3662.202393 51232.949219
1326.527300 56013.000000 4407.934570 51358.195312
1328.278900 56914.000000 5221.076172 51461.621094
1330.031700 57699.000000 6002.247070 51556.101562
1331.781100 58498.000000 6637.298340 51643.824219
1333.531900 58966.000000 6861.753906 51722.195312
1335.279300 58541.000000 6603.489746 51792.839844
1337.027800 58174.000000 5959.351074 51865.277344
1338.773200 57363.000000 5131.752930 51947.519531
1340.518300 56324.000000 4288.264160 52012.855469
1342.263100 55735.000000 3537.821045 52065.125000
1344.006000 54990.000000 2904.953369 52102.863281
1345.748700 54838.000000 2420.807373 52143.718750
1347.489500 54393.000000 2041.281860 52181.308594
1349.230200 53965.000000 1758.324951 52228.632812
1350.969100 53704.000000 1540.401001 52278.957031
1352.707500 54040.000000 1385.044800 52323.742188
1354.445900 53851.000000 1277.759521 52366.933594
1356.180900 54016.000000 1222.578613 52413.429688
1357.917000 53782.000000 1201.959229 52463.714844
1359.649900 53789.000000 1221.338745 52507.660156
1361.384200 53865.000000 1276.707397 52548.890625
1363.115000 54130.000000 1394.498779 52592.117188
1364.847000 54245.000000 1569.114746 52643.085938
1366.577400 54639.000000 1832.285156 52687.976562
1368.305900 55056.000000 2222.666016 52736.250000
1370.034300 55705.000000 2809.072510 52795.972656
1371.760600 56951.000000 3646.007080 52863.828125
1373.486900 57646.000000 4685.389648 52929.980469
1375.211300 58740.000000 5728.473633 52972.699219
1376.935400 59544.000000 6509.078125 52996.019531
1378.657800 59841.000000 6687.313965 53011.191406
1380.380000 59271.000000 6147.590820 53005.539062
1382.100200 58036.000000 5170.945801 52988.761719
1383.820300 56962.000000 4078.268066 52980.609375
1385.540200 56211.000000 3096.388428 52942.296875
1387.256500 55318.000000 2356.104492 52898.117188
1388.974200 55010.000000 1812.640869 52854.351562
1390.690300 54283.000000 1457.032349 52823.457031
1392.404400 54177.000000 1207.976807 52792.101562
1394.118400 53890.000000 1027.330811 52761.699219
1395.830400 53761.000000 893.088684 52728.355469
1397.542200 53640.000000 795.177856 52695.910156
1399.252300 53656.000000 723.901245 52666.535156
1400.962200 53317.000000 675.809631 52637.507812
1402.671800 53469.000000 641.030945 52612.187500
1404.379500 53154.000000 625.331116 52588.710938
1406.085600 53235.000000 604.959473 52561.695312
1407.791300 53105.000000 583.655823 52536.597656
1409.495200 53146.000000 573.802124 52511.757812
1411.199000 53306.000000 568.557739 52488.605469
1412.902500 53306.000000 566.260132 52463.953125
1414.604000 53277.000000 567.403564 52441.656250
1416.304000 53301.000000 576.024536 52415.625000
1418.003700 53047.000000 586.014954 52390.343750
1419.701500 53177.000000 588.245789 52359.328125
1421.399000 52876.000000 592.507751 52332.570312
1423.096400 52736.000000 604.379517 52304.453125
1424.792000 52818.000000 625.170044 52285.242188
1426.485700 52734.000000 652.815674 52269.253906
1428.179300 52803.000000 687.690125 52253.449219
1429.871100 53122.000000 735.340637 52234.796875
1431.562500 53462.000000 784.620544 52220.757812
1433.253900 53174.000000 840.326294 52209.015625
1434.943400 53377.000000 905.067749 52189.566406
1436.631000 53589.000000 984.840210 52161.058594
1438.318500 53237.000000 1089.280884 52135.917969
1440.005600 53339.000000 1226.462646 52114.343750
1441.691000 53271.000000 1401.785645 52091.539062
1443.374800 53831.000000 1621.328857 52070.828125
1445.058200 54100.000000 1904.332275 52063.355469
1446.741300 54527.000000 2240.584961 52064.574219
1448.422900 54747.000000 2658.929443 52067.234375
1450.102400 55478.000000 3171.827881 52080.058594
1451.781700 56185.000000 3796.304688 52109.351562
1453.460900 56761.000000 4509.373047 52133.085938
1455.138200 57035.000000 5316.408691 52160.058594
1456.813800 58533.000000 6080.996582 52204.144531
1458.489100 59033.000000 6837.237305 52239.050781
1460.164300 59702.000000 7441.238281 52263.589844
1461.837600 60268.000000 7864.197754 52266.730469
1463.509200 60274.000000 7950.329590 52262.652344
1465.180500 60019.000000 7704.100586 52248.640625
1466.851600 59408.000000 7179.528809 52245.132812
1468.520900 58619.000000 6452.884766 52240.234375
1470.189900 58076.000000 5641.228027 52213.898438
1471.857200 57056.000000 4801.264648 52182.695312
1473.522800 56200.000000 4041.031250 52145.460938
1475.188100 55707.000000 3405.131592 52107.265625
1476.853100 54713.000000 2866.045166 52064.468750
1478.516500 54278.000000 2398.352783 52019.406250
1480.178000 54223.000000 2019.044556 51986.214844
1481.839200 53575.000000 1722.922485 51957.039062
1483.500400 53688.000000 1482.125854 51927.140625
1485.159700 53429.000000 1311.116821 51904.972656
1486.818600 53214.000000 1167.865967 51885.328125
1488.476000 52798.000000 1059.184814 51864.753906
1490.131500 53072.000000 970.996399 51843.320312
1491.788300 52736.000000 898.946289 51829.316406
1493.441800 52767.000000 841.562195 51820.121094
1495.095100 52826.000000 801.765320 51816.796875
1496.748000 52683.000000 778.051025 51814.230469
1498.399400 52949.000000 763.807007 51815.980469
1500.050400 52684.000000 734.564819 51821.679688
1501.699700 52792.000000 712.091797 51829.894531
1503.347300 53075.000000 700.752075 51834.281250
1504.996100 52671.000000 697.872620 51844.210938
1506.641600 52483.000000 700.803589 51853.890625
1508.287000 52735.000000 708.182312 51864.035156
1509.932000 52719.000000 725.213745 51874.863281
1511.575300 52570.000000 748.826294 51885.152344
1513.218500 53128.000000 783.552551 51893.773438
1514.859700 52960.000000 828.892578 51902.414062
1516.500900 52960.000000 894.688965 51901.898438
1518.140300 53329.000000 977.280273 51904.917969
1519.777800 53365.000000 1084.908081 51912.062500
1521.416700 53327.000000 1222.680908 51911.707031
1523.052200 53692.000000 1397.772705 51907.726562
1524.689200 53876.000000 1627.354858 51910.238281
1526.322800 53852.000000 1912.962891 51915.945312
1527.956200 54397.000000 2287.317871 51932.890625
1529.589400 54686.000000 2773.209717 51962.863281
1531.220800 55244.000000 3396.761230 52007.191406
1532.851900 56505.000000 4143.264648 52064.500000
1534.481400 57516.000000 5016.036133 52128.847656
1536.110600 58136.000000 5915.522461 52187.203125
1537.738000 59164.000000 6875.299805 52229.621094
1539.365200 60222.000000 7739.020996 52274.699219
1540.990700 60833.000000 8498.267578 52314.082031
1542.616000 61187.000000 8908.125000 52345.382812
1544.239500 61362.000000 8939.412109 52376.253906
1545.862700 61090.000000 8586.096680 52405.507812
1547.484400 60536.000000 7872.518555 52418.324219
1549.105600 59244.000000 6960.679688 52419.175781
1550.725100 58415.000000 5944.569824 52396.867188
1552.344500 57242.000000 4993.459961 52355.964844
1553.962000 56277.000000 4151.050293 52310.812500
1555.579300 55833.000000 3440.820801 52264.726562
1557.195100 55335.000000 2825.781738 52237.246094
1558.810400 54697.000000 2324.211182 52222.085938
1560.424100 54414.000000 1928.169678 52208.996094
1562.037500 53782.000000 1613.394653 52179.726562
1563.649200 53673.000000 1367.878662 52154.988281
1565.260600 53113.000000 1173.269653 52137.832031
1566.870500 53160.000000 1020.756165 52123.257812
1568.479900 52958.000000 891.116821 52103.750000
1570.089100 53218.000000 785.568115 52094.960938
1571.695200 52561.000000 697.136047 52087.937500
1573.302500 52863.000000 630.562134 52075.332031
1574.906500 52460.000000 579.924988 52068.523438
1576.511800 52596.000000 529.415833 52062.394531
1578.115500 53030.000000 487.811371 52053.601562
1579.717400 52817.000000 451.675110 52056.964844
1581.319100 52621.000000 421.687653 52066.621094
1582.919100 53315.000000 389.494446 52085.277344
1584.518700 52707.000000 362.597565 52103.132812
1586.116600 52789.000000 339.112366 52122.386719
1587.714500 52641.000000 316.269653 52137.328125
1589.310500 52950.000000 295.973572 52155.570312
1590.906300 52593.000000 277.982605 52173.175781
1592.501800 52623.000000 261.724792 52196.210938
1594.095700 52640.000000 248.059204 52216.496094
1595.687900 52550.000000 231.332321 52238.910156
1597.279700 52492.000000 216.633820 52259.859375
1598.869900 52510.000000 203.477646 52281.796875
1600.459700 52583.000000 193.493973 52301.667969
1602.048100 52669.000000 184.034943 52327.781250
1603.636000 52475.000000 174.257538 52352.398438
1605.223900 52850.000000 165.422333 52378.511719
1606.809800 52486.000000 158.490494 52399.476562
1608.394200 52506.000000 149.669281 52425.558594
1609.978300 52549.000000 141.985260 52453.906250
1611.560700 52552.000000 136.058685 52479.175781
1613.142900 53048.000000 130.769012 52502.359375
1614.724700 52961.000000 124.698502 52529.972656
1616.304900 53150.000000 120.035751 52552.996094
1617.883500 52972.000000 116.002853 52580.292969
1619.461800 52904.000000 111.973732 52602.921875
1621.038300 53013.000000 106.254898 52629.667969
1622.614700 52928.000000 102.029396 52646.375000
1624.190800 52913.000000 98.640144 52663.339844
1625.765300 52917.000000 95.232239 52674.046875
1627.337900 53211.000000 91.139198 52692.855469
1628.910400 52806.000000 88.109665 52708.800781
1630.482700 53315.000000 85.369995 52726.390625
1632.053200 53099.000000 82.342758 52737.648438
1633.622100 53100.000000 77.761093 52754.421875
1635.190600 52945.000000 73.538208 52765.640625
1636.759000 53311.000000 70.405746 52780.035156
1638.325700 53261.000000 68.714188 52791.511719
1639.890700 53363.000000 68.100784 52808.726562
1641.455400 53148.000000 67.616837 52822.902344
1643.019900 53176.000000 66.861168 52836.343750
1644.582800 53151.000000 64.899284 52844.675781
1646.143900 52916.000000 61.952503 52851.144531
1647.704700 53148.000000 59.549232 52845.566406
1649.265500 53134.000000 58.114269 52837.433594
1650.824500 53019.000000 57.095631 52822.445312
1652.381600 53176.000000 56.300220 52808.535156
1653.938700 53185.000000 56.256935 52788.765625
1655.495500 53091.000000 56.356056 52764.558594
1657.050700 53206.000000 55.128838 52733.988281
1658.604100 52966.000000 53.528881 52705.136719
1660.157200 53141.000000 52.672131 52665.742188
1661.710200 53047.000000 52.389660 52625.171875
1663.261500 52537.000000 52.664093 52579.289062
1664.811200 52914.000000 53.093163 52533.800781
1666.361900 52693.000000 53.600353 52482.867188
1667.909700 52624.000000 53.902233 52431.750000
1669.457200 52779.000000 53.097553 52379.277344
1671.004300 52323.000000 52.482521 52327.578125
1672.549900 52226.000000 52.291931 52271.402344
1674.093600 52134.000000 52.447124 52216.128906
1675.637300 52269.000000 52.173878 52157.390625
1677.180800 52248.000000 51.480957 52097.042969
1678.722400 52354.000000 51.420391 52032.902344
1680.263900 52089.000000 52.050732 51970.859375
1681.803700 51833.000000 52.522346 51906.464844
1683.341800 52199.000000 52.687969 51845.796875
1684.881200 51827.000000 54.311085 51781.152344
1686.417500 51886.000000 55.656822 51723.476562
1687.953400 51853.000000 55.871082 51666.460938
1689.489100 51907.000000 54.939247 51611.261719
1691.023200 51705.000000 54.655743 51550.000000
1692.557100 51674.000000 54.245007 51495.253906
1694.089200 51502.000000 52.742901 51433.718750
1695.619800 51413.000000 50.184696 51372.484375
1697.151500 51335.000000 48.632195 51307.617188
1698.680200 51437.000000 47.468533 51243.859375
1700.208500 51220.000000 46.325451 51178.863281
1701.736600 51130.000000 45.041634 51118.636719
1703.263100 51407.000000 43.983761 51057.925781
1704.789300 51140.000000 42.612717 50999.984375
1706.314000 51188.000000 39.141609 50942.683594
1707.838100 51322.000000 34.817806 50894.718750
1709.361000 50870.000000 31.902216 50841.527344
1710.883300 50834.000000 30.252979 50786.960938
1712.404100 50922.000000 29.845865 50725.105469
1713.923100 51057.000000 30.503241 50666.054688
1715.443500 50676.000000 31.439487 50607.953125
1716.960700 50410.000000 32.150082 50553.843750
1718.479100 50799.000000 31.531330 50493.125000
1719.994500 50607.000000 30.439701 50432.671875
1721.509600 50388.000000 29.485901 50374.535156
1723.024400 50163.000000 28.727076 50317.722656
1724.537600 50453.000000 28.011236 50254.445312
1726.050700 50326.000000 27.612585 50192.742188
1727.561900 50347.000000 27.711493 50134.480469
1729.073000 50535.000000 28.121796 50079.500000
1730.582400 50206.000000 28.017307 50021.644531
1732.091700 50490.000000 27.408768 49970.007812
1733.599200 49903.000000 27.556717 49913.265625
1735.106600 50104.000000 28.185688 49856.359375
1736.612100 49674.000000 28.852530 49795.621094
1738.117600 49890.000000 29.703953 49733.656250
1739.621300 49800.000000 30.428034 49677.949219
1741.125000 49321.000000 31.131561 49629.054688
1742.626800 49660.000000 30.916641 49572.742188
1744.128400 49299.000000 30.311420 49513.824219
1745.628500 49663.000000 30.017315 49457.726562
1747.128300 49627.000000 29.984562 49404.082031
1748.626300 49380.000000 29.842434 49359.062500
1750.124300 49407.000000 29.795008 49317.351562
1751.620500 49384.000000 29.674551 49274.875000
1753.116600 49150.000000 29.784039 49228.843750
1754.612400 49361.000000 29.478298 49179.589844
1756.105100 49219.000000 29.048313 49132.707031
1757.599100 49267.000000 28.631582 49085.390625
1759.091300 49173.000000 28.118647 49041.414062
1760.582000 49055.000000 27.272268 48998.832031
1762.072400 49256.000000 26.711008 48964.523438
1763.561000 48819.000000 26.309429 48932.726562
1765.049600 48589.000000 26.321970 48898.328125
1766.536500 49129.000000 26.275736 48859.832031
1768.023200 48850.000000 26.303463 48812.855469
1769.508100 48728.000000 26.283728 48774.316406
1770.992900 48849.000000 26.220974 48739.910156
1772.477500 48746.000000 25.617939 48706.109375
1773.959000 48903.000000 24.890205 48681.683594
1775.441700 48634.000000 24.313404 48657.750000
1776.922700 48411.000000 24.212381 48633.679688
1778.402100 48853.000000 24.203897 48606.554688
1779.881300 48529.000000 24.148594 48572.050781
1781.358900 48447.000000 24.046709 48542.687500
1782.836200 48561.000000 23.790422 48510.898438
1784.311900 48551.000000 23.258989 48477.515625
1785.787400 48687.000000 22.190716 48451.234375
1787.262600 48426.000000 21.876606 48425.199219
1788.736200 48618.000000 21.812887 48404.847656
1790.208300 48379.000000 21.530636 48375.832031
1791.679800 48647.000000 21.173431 48356.109375
1793.150000 48352.000000 20.916368 48329.289062
1794.619900 48407.000000 20.839838 48308.339844
1796.089600 48410.000000 20.727993 48283.535156
1797.557600 48274.000000 20.244133 48263.589844
1799.023900 48137.000000 19.839870 48240.031250
1800.490100 48474.000000 19.505232 48218.453125
1801.954600 48185.000000 19.343340 48187.320312
1803.418900 48254.000000 19.167076 48173.929688
1804.883100 47823.000000 19.489498 48150.066406
1806.345500 48283.000000 20.022081 48127.378906
1807.806400 47964.000000 20.431778 48089.910156
1809.266800 47987.000000 20.515381 48066.886719
1810.727400 47797.000000 20.929033 48040.316406
1812.186000 47951.000000 21.246115 48015.851562
1813.643300 47969.000000 20.868473 47986.726562
1815.100100 48204.000000 20.589191 47963.171875
1816.556800 47856.000000 20.783432 47944.273438
1818.010400 47657.000000 20.578106 47928.207031
1819.465300 47985.000000 20.100965 47903.960938
1820.918500 48254.000000 19.309549 47882.535156
1822.370100 47729.000000 19.080212 47861.421875
1823.821400 48128.000000 19.157965 47855.996094
1825.272600 47802.000000 18.782789 47834.867188
1826.722200 47814.000000 18.350460 47817.628906
1828.169900 47703.000000 18.376783 47800.609375
1829.617600 47761.000000 18.695211 47783.207031
1831.065200 47750.000000 18.562622 47770.902344
1832.511000 47586.000000 18.391001 47753.253906
1833.956500 47680.000000 17.976009 47738.640625
1835.400500 47774.000000 17.734180 47722.250000
1836.842900 48117.000000 17.768581 47706.015625
1838.285200 47688.000000 17.750250 47691.371094
1839.727100 47468.000000 17.687445 47679.324219
1841.167400 47868.000000 17.736168 47667.253906
1842.606100 47617.000000 17.495897 47651.808594
1844.044400 47384.000000 17.577976 47637.523438
1845.482800 47631.000000 18.337215 47629.031250
1846.919400 47523.000000 19.506207 47615.699219
1848.356000 47370.000000 19.985220 47608.550781
1849.790800 47409.000000 20.501316 47604.515625
1851.224000 47594.000000 21.137402 47604.644531
1852.656900 47288.000000 21.412769 47596.601562
1854.089700 47574.000000 21.296572 47594.949219
1855.520800 47629.000000 21.101274 47596.761719
1856.951800 47356.000000 20.768681 47607.945312
1858.381100 47442.000000 19.935371 47624.238281
1859.808700 47823.000000 18.692543 47627.769531
1861.236300 47913.000000 17.849913 47619.968750
1862.663500 47585.000000 17.878138 47627.324219
1864.089100 47340.000000 17.925287 47648.949219
1865.514600 47602.000000 17.744091 47667.441406
1866.938500 47606.000000 17.357822 47669.042969
1868.360700 47724.000000 17.293203 47674.992188
1869.784200 47891.000000 17.862238 47678.304688
1871.204500 47551.000000 18.014172 47678.128906
1872.624600 47410.000000 17.891033 47685.796875
1874.044700 47848.000000 17.436153 47690.148438
1875.463000 47927.000000 17.037010 47681.355469
1876.881200 47818.000000 17.141397 47683.960938
1878.297700 47749.000000 17.748013 47692.617188
1879.714100 47702.000000 18.226269 47690.054688
1881.128800 47715.000000 18.166431 47687.066406
1882.541900 47900.000000 17.435068 47680.816406
1883.956200 48175.000000 16.796659 47658.082031
1885.367400 48117.000000 15.895340 47617.070312
1886.778600 47843.000000 16.666937 47604.046875
1888.189500 48276.000000 16.858231 47652.046875
