Raman_Shift Original_Spectrum Predicted_Raman Predicted_Baseline
294.894650 55516.000000 157.266678 55162.875000
297.232540 55298.000000 162.929596 55128.816406
299.568300 55433.000000 176.075531 55117.410156
301.905240 55356.000000 181.677521 55105.984375
304.238400 55404.000000 201.668427 55087.601562
306.571040 55248.000000 221.644608 55083.031250
308.903260 55654.000000 229.122391 55074.566406
311.233340 55852.000000 244.220657 55062.039062
313.562930 55494.000000 266.533630 55042.968750
315.890440 55427.000000 292.525787 55022.046875
318.215790 55312.000000 315.832489 55015.632812
320.540680 55246.000000 348.011902 55012.750000
322.865110 55277.000000 386.927521 55016.585938
325.187410 55083.000000 435.929993 55027.585938
327.509250 55446.000000 485.492249 55042.906250
329.828920 55759.000000 549.790527 55076.960938
332.148160 55796.000000 619.319214 55113.828125
334.465270 55974.000000 697.134583 55157.992188
336.781950 56115.000000 776.927979 55204.382812
339.096470 55980.000000 870.896484 55247.898438
341.408870 56476.000000 980.147095 55298.625000
343.722530 56510.000000 1102.739502 55356.644531
346.032350 56876.000000 1234.844116 55426.328125
348.341740 56808.000000 1382.850586 55507.550781
350.650670 57530.000000 1546.804199 55599.187500
352.957460 57540.000000 1712.860718 55679.679688
355.263760 57952.000000 1857.827515 55757.156250
357.568020 58072.000000 1986.176392 55833.242188
359.871800 58221.000000 2096.308838 55915.746094
362.173430 58344.000000 2188.513184 56001.734375
364.474640 58792.000000 2259.935547 56091.207031
366.773710 58847.000000 2327.875244 56186.320312
369.072360 58653.000000 2398.750732 56292.234375
371.368870 58876.000000 2466.625000 56396.832031
373.664920 59035.000000 2530.073486 56506.253906
375.958890 59401.000000 2583.622314 56616.820312
378.252380 59486.000000 2658.692871 56731.882812
380.543790 59743.000000 2729.918213 56847.960938
382.834750 60068.000000 2786.434570 56965.410156
385.123570 60204.000000 2800.660645 57075.765625
387.411960 60296.000000 2760.635986 57185.640625
389.698210 60476.000000 2667.560059 57287.210938
391.984070 60290.000000 2528.186035 57382.488281
394.267790 59971.000000 2353.893555 57463.257812
396.551060 59982.000000 2152.279785 57539.863281
398.832210 59699.000000 1964.337524 57608.121094
401.112950 59722.000000 1778.801514 57674.105469
403.391570 59810.000000 1603.837646 57737.257812
405.669770 59516.000000 1442.701416 57802.289062
407.945860 59884.000000 1300.722900 57868.085938
410.221470 59470.000000 1169.387939 57935.582031
412.495030 59510.000000 1054.086792 58000.351562
414.768100 59317.000000 953.689758 58056.160156
417.039090 59171.000000 854.685181 58100.050781
419.309630 58927.000000 764.431091 58130.960938
421.579740 59064.000000 677.743835 58155.906250
423.846100 58870.000000 613.259521 58179.648438
426.113680 59006.000000 560.807007 58199.660156
428.377470 58929.000000 515.426392 58220.183594
430.642520 58741.000000 476.282898 58239.820312
432.905460 58897.000000 443.120941 58259.742188
435.166320 58850.000000 414.124939 58276.710938
437.426700 58980.000000 390.744080 58291.460938
439.685060 58998.000000 373.654358 58309.015625
441.942900 58810.000000 359.207703 58323.699219
444.198730 59060.000000 341.571167 58334.660156
446.454070 59011.000000 327.781311 58343.304688
448.708980 58849.000000 316.916321 58349.554688
450.961820 58954.000000 305.136505 58354.671875
453.212550 58849.000000 296.987549 58354.160156
455.462890 58948.000000 291.253296 58352.500000
457.711120 58891.000000 285.917419 58353.792969
459.958920 58813.000000 282.742737 58357.304688
462.204590 58996.000000 284.142090 58359.367188
464.449890 58891.000000 285.347382 58355.671875
466.694760 59020.000000 289.876770 58350.296875
468.937500 58855.000000 295.376221 58342.429688
471.178160 58871.000000 306.719025 58330.445312
473.418460 58849.000000 319.087646 58318.066406
475.656620 58827.000000 342.849854 58306.863281
477.894380 59064.000000 374.130188 58294.480469
480.131680 58788.000000 425.391357 58276.648438
482.366910 58843.000000 482.319336 58252.312500
484.600040 58829.000000 557.644714 58224.632812
486.832790 59139.000000 639.415039 58192.554688
489.063450 59523.000000 734.738220 58156.042969
491.293670 59451.000000 854.828918 58110.402344
493.523500 59141.000000 1001.492676 58052.292969
495.751190 59401.000000 1152.850586 57993.164062
497.976840 59555.000000 1308.365479 57929.257812
500.202090 59580.000000 1452.427979 57860.914062
502.426910 59481.000000 1608.152710 57793.164062
504.649660 59522.000000 1756.332764 57721.128906
506.870270 59842.000000 1935.918945 57646.601562
509.090550 59618.000000 2141.733154 57571.546875
511.310360 60010.000000 2413.179199 57501.296875
513.528140 60214.000000 2695.863770 57434.519531
515.743770 60284.000000 2835.377197 57360.203125
517.959110 60340.000000 2672.011963 57289.703125
520.173890 59555.000000 2210.460205 57207.605469
522.386660 59004.000000 1706.201782 57116.988281
524.597410 58450.000000 1306.123779 57017.531250
526.807740 57687.000000 1014.428345 56916.722656
529.017580 57580.000000 810.847534 56821.488281
531.225400 57704.000000 667.781494 56732.589844
533.431210 57334.000000 572.266296 56644.242188
535.636470 57146.000000 507.458923 56561.152344
537.841430 56705.000000 467.296631 56492.531250
540.044310 56822.000000 436.486481 56427.945312
542.245120 57059.000000 419.066589 56371.636719
544.445500 57114.000000 411.876282 56323.589844
546.645450 56770.000000 417.622650 56285.445312
548.843380 56502.000000 425.558929 56250.539062
551.040830 56733.000000 430.821838 56216.988281
553.236330 56912.000000 444.320374 56182.207031
555.429690 56833.000000 469.209534 56157.867188
557.622680 56861.000000 508.652924 56136.425781
559.815250 56988.000000 587.284363 56113.601562
562.005800 57328.000000 715.934082 56101.250000
564.195920 57121.000000 968.878723 56099.261719
566.383910 57685.000000 1415.001831 56101.328125
568.569950 58432.000000 2003.961182 56101.082031
570.755550 58610.000000 2361.367676 56098.675781
572.940730 58621.000000 2083.007812 56093.175781
575.123900 57769.000000 1512.427612 56082.148438
577.306640 57400.000000 1054.761230 56056.832031
579.487300 57000.000000 791.444092 56022.812500
581.665950 56844.000000 655.869446 55977.781250
583.844120 56836.000000 574.536072 55935.355469
586.021970 56395.000000 528.289062 55893.152344
588.197750 56503.000000 505.422699 55849.628906
590.373170 56483.000000 499.409515 55813.500000
592.546450 56494.000000 499.774719 55779.398438
594.719420 56009.000000 503.784332 55745.386719
596.890260 56536.000000 512.243347 55711.660156
599.059140 56165.000000 533.044006 55682.062500
601.229190 55970.000000 550.530884 55652.710938
603.395570 56298.000000 575.500610 55624.609375
605.561580 56159.000000 603.400696 55597.335938
607.727170 56569.000000 642.013306 55576.238281
609.890750 56487.000000 676.768066 55558.566406
612.053960 56544.000000 723.649658 55535.703125
614.215030 56697.000000 778.065552 55508.648438
616.375790 56553.000000 846.161316 55474.988281
618.534480 56257.000000 925.552063 55432.589844
620.692750 56482.000000 1035.329346 55382.140625
622.849000 56742.000000 1162.222290 55325.566406
625.004820 56388.000000 1317.286011 55263.003906
627.158750 56825.000000 1511.546143 55206.453125
629.310490 56926.000000 1721.715210 55157.226562
631.463560 57214.000000 1991.730225 55115.628906
633.612920 57215.000000 2325.427246 55090.093750
635.763490 58012.000000 2819.567139 55067.425781
637.910460 58458.000000 3429.262451 55036.585938
640.058650 59260.000000 4260.449219 54999.882812
642.203190 60517.000000 5282.351562 54984.226562
644.348880 61878.000000 6681.597656 54987.472656
646.491030 63751.000000 8340.951172 54970.867188
648.634400 65470.000000 10319.564453 55010.699219
650.774050 67577.000000 12241.305664 55022.050781
652.914980 69463.000000 13915.716797 55001.136719
655.052250 69924.000000 14419.654297 54966.125000
657.190730 68963.000000 13305.255859 54927.007812
659.325620 66418.000000 11394.102539 54948.046875
661.461730 64670.000000 9330.225586 54993.667969
663.594180 62679.000000 7710.018066 54989.722656
665.727910 61280.000000 6419.860352 54941.308594
667.857910 60419.000000 5474.818848 54887.695312
669.989200 59373.000000 4695.757812 54859.644531
672.118470 59047.000000 4068.164062 54842.246094
674.245670 58196.000000 3487.490723 54821.671875
676.372560 57872.000000 3022.269287 54795.496094
678.497380 57467.000000 2623.130859 54772.890625
680.621830 57356.000000 2275.871094 54753.519531
682.744320 56639.000000 1981.850342 54734.191406
684.866390 56614.000000 1741.013062 54710.726562
686.986450 56315.000000 1546.918945 54698.347656
689.106080 56421.000000 1391.031494 54689.742188
691.223750 55847.000000 1266.792725 54680.843750
693.341000 55995.000000 1159.073730 54671.128906
695.457820 55980.000000 1085.852661 54663.750000
697.571110 55732.000000 1028.797119 54651.667969
699.685610 55638.000000 1002.974915 54635.781250
701.798100 56031.000000 999.581726 54625.488281
703.908570 56114.000000 1056.967651 54620.160156
706.018620 56229.000000 1199.794312 54621.238281
708.126770 55959.000000 1522.237305 54631.800781
710.234380 56890.000000 2313.165283 54660.859375
712.340150 58001.000000 3781.644531 54682.753906
714.445430 59706.000000 4856.815430 54681.390625
716.550350 58981.000000 3743.307129 54659.925781
718.653260 56632.000000 2224.271240 54643.187500
720.754270 55892.000000 1332.634033 54613.207031
722.854800 55506.000000 917.091919 54566.562500
724.953370 55154.000000 710.174927 54523.386719
727.051570 54895.000000 601.670654 54487.367188
729.149350 54942.000000 523.403015 54463.980469
731.243530 54981.000000 468.223816 54433.937500
733.338990 54966.000000 422.093170 54398.636719
735.432370 54860.000000 381.477142 54365.363281
737.523800 54689.000000 352.771179 54335.371094
739.614870 54817.000000 328.615692 54304.019531
741.705570 54391.000000 307.944397 54276.191406
743.792600 54456.000000 286.956726 54259.593750
745.880920 54318.000000 267.687439 54247.296875
747.967220 54629.000000 252.823700 54234.960938
750.051570 54470.000000 242.535919 54226.453125
752.135500 54390.000000 233.128998 54218.339844
754.219120 54569.000000 222.255569 54211.277344
756.300720 54448.000000 208.677048 54199.671875
758.380310 54327.000000 197.683426 54186.613281
760.459530 54305.000000 186.039810 54171.656250
762.538390 54067.000000 174.033493 54153.972656
764.615300 54646.000000 163.593231 54136.976562
766.690190 54446.000000 156.179932 54124.250000
768.764710 54475.000000 150.694778 54111.835938
770.838810 54496.000000 147.274689 54104.691406
772.909360 54318.000000 143.701279 54093.722656
774.981140 54173.000000 140.675003 54079.597656
777.050960 54463.000000 137.644135 54065.679688
779.120420 54274.000000 134.265762 54050.066406
781.187870 54404.000000 133.038437 54031.296875
783.253420 54038.000000 134.022858 54014.691406
785.318480 53974.000000 133.638489 53993.179688
787.383240 54140.000000 129.411530 53977.484375
789.445980 54144.000000 126.006714 53960.550781
791.506770 53991.000000 123.814552 53939.339844
793.567260 54332.000000 121.955246 53916.050781
795.627260 54256.000000 120.797745 53894.511719
797.685360 54084.000000 121.956871 53870.867188
799.741520 53917.000000 123.466187 53848.558594
801.797240 53951.000000 124.514793 53821.832031
803.852600 54001.000000 122.566589 53794.304688
805.906010 53479.000000 121.854881 53763.687500
807.959050 53872.000000 121.773422 53732.882812
810.010130 53774.000000 122.528709 53700.828125
812.059200 53696.000000 122.796593 53664.750000
814.107970 53961.000000 123.437195 53629.093750
816.156370 53829.000000 124.935387 53593.046875
818.202760 53847.000000 126.225670 53553.019531
820.247190 53589.000000 124.663223 53515.664062
822.292850 53600.000000 124.242287 53473.839844
824.335020 53850.000000 123.248718 53431.703125
826.376770 53669.000000 123.058571 53387.203125
828.418090 53600.000000 121.060776 53343.484375
830.457520 53380.000000 118.700974 53296.578125
832.496640 53673.000000 117.503860 53247.355469
834.533690 53438.000000 117.998291 53195.753906
836.568910 53007.000000 118.981422 53142.796875
838.603700 53108.000000 120.949730 53086.453125
840.638060 53357.000000 123.033836 53030.773438
842.670530 53144.000000 126.531799 52972.152344
844.702640 52870.000000 128.240509 52916.316406
846.732790 53025.000000 129.195389 52856.886719
848.762570 53083.000000 131.362762 52795.417969
850.790470 52789.000000 137.462906 52729.566406
852.816350 52818.000000 143.281219 52666.210938
854.843440 52732.000000 147.025482 52601.437500
856.867070 53170.000000 148.915359 52532.730469
858.890200 52918.000000 155.187134 52462.410156
860.913150 52550.000000 162.720490 52391.781250
862.934020 52370.000000 174.501160 52318.394531
864.954530 52273.000000 187.946198 52245.285156
866.973140 52476.000000 205.540161 52170.980469
868.991390 52144.000000 224.176880 52093.382812
871.007690 52608.000000 251.414597 52012.457031
873.023620 52392.000000 285.959473 51934.484375
875.037660 52035.000000 341.269348 51853.402344
877.051270 52488.000000 411.989441 51775.949219
879.062990 52333.000000 507.121185 51699.078125
881.074340 52418.000000 631.193359 51617.035156
883.083740 52499.000000 772.739441 51533.644531
885.092770 52798.000000 929.550903 51449.207031
887.099850 52544.000000 1079.109619 51362.125000
889.104980 52700.000000 1184.599731 51273.703125
891.111450 52333.000000 1230.586426 51178.875000
893.114260 52204.000000 1193.403564 51084.820312
895.118410 52363.000000 1093.778320 50992.441406
897.119020 52207.000000 952.053223 50899.003906
899.120790 51852.000000 796.822083 50800.578125
901.119080 51499.000000 653.062622 50699.355469
903.118650 51513.000000 535.842651 50590.343750
905.114620 51221.000000 441.810944 50488.164062
907.111880 50783.000000 365.450531 50387.914062
909.107180 50715.000000 305.658752 50289.968750
911.100520 50855.000000 261.896545 50194.769531
913.093630 50322.000000 229.383057 50098.429688
915.084660 50201.000000 209.675507 50001.621094
917.075380 50360.000000 196.145294 49906.667969
919.064210 50103.000000 188.935379 49809.484375
921.052730 49892.000000 186.172623 49715.695312
923.039310 50009.000000 186.970123 49623.285156
925.025450 49773.000000 187.694305 49529.855469
927.009770 49582.000000 187.001770 49433.550781
928.993650 49477.000000 186.920853 49338.660156
930.975590 49777.000000 192.137497 49245.820312
932.957280 49542.000000 197.511597 49155.093750
934.937010 49596.000000 203.126572 49073.800781
936.916380 49517.000000 208.231537 49000.875000
938.895390 49382.000000 217.316895 48933.867188
940.870970 49087.000000 227.063354 48866.207031
942.847660 49164.000000 245.296143 48797.167969
944.822510 49016.000000 267.245422 48730.011719
946.795470 48908.000000 300.778412 48668.449219
948.768010 48980.000000 341.012878 48615.015625
950.738710 48937.000000 394.855774 48567.316406
952.708980 49139.000000 466.251770 48519.441406
954.677310 49338.000000 564.408325 48471.453125
956.645390 49195.000000 687.585571 48422.761719
958.613160 49402.000000 844.878235 48376.519531
960.578920 49509.000000 1023.798035 48331.644531
962.542720 49727.000000 1214.484741 48286.292969
964.506290 49745.000000 1416.777100 48240.628906
966.467960 49879.000000 1612.640503 48197.902344
968.429260 49960.000000 1756.177979 48153.632812
970.390140 50054.000000 1808.341553 48103.453125
972.347660 49962.000000 1749.743774 48061.289062
974.306270 49865.000000 1601.343750 48025.269531
976.263060 49533.000000 1396.493774 47995.621094
978.218020 48783.000000 1175.044189 47954.035156
980.172490 48777.000000 966.247192 47905.550781
982.125120 48480.000000 796.784790 47853.628906
984.077390 48896.000000 661.892456 47805.941406
986.029360 48347.000000 555.020447 47768.046875
987.979370 48313.000000 468.671326 47734.210938
989.927490 48338.000000 397.632660 47695.714844
991.875310 48127.000000 343.078247 47658.652344
993.822750 48096.000000 300.539612 47625.683594
995.768370 47935.000000 267.184540 47592.582031
997.711980 47906.000000 240.727585 47559.269531
999.655270 47473.000000 219.451981 47526.324219
1001.596700 47925.000000 201.550400 47497.542969
1003.537700 47744.000000 185.602814 47467.253906
1005.478600 47425.000000 174.713303 47443.343750
1007.417400 47909.000000 166.210922 47427.308594
1009.354300 47866.000000 159.661270 47407.089844
1011.291000 47616.000000 153.573029 47393.074219
1013.227200 47341.000000 149.563736 47373.074219
1015.161600 47673.000000 146.565063 47350.269531
1017.094100 47264.000000 145.234894 47324.031250
1019.026200 47514.000000 142.463531 47303.757812
1020.958000 47390.000000 140.705185 47289.304688
1022.888000 47147.000000 140.872787 47272.214844
1024.816000 47359.000000 141.059265 47257.417969
1026.743800 47069.000000 140.070633 47239.621094
1028.671100 47312.000000 142.981110 47220.441406
1030.596600 47421.000000 145.975113 47208.546875
1032.521700 47179.000000 151.436508 47195.140625
1034.444900 47769.000000 156.664169 47191.578125
1036.366300 47471.000000 163.880981 47183.152344
1038.287400 47738.000000 171.836411 47179.328125
1040.208100 47362.000000 182.997589 47170.941406
1042.127000 47387.000000 191.566299 47164.742188
1044.043800 47316.000000 201.551117 47155.738281
1045.960400 47406.000000 213.800491 47140.296875
1047.876700 47325.000000 231.880447 47121.007812
1049.791000 47266.000000 253.075317 47101.750000
1051.705100 47447.000000 282.326477 47083.898438
1053.617300 47549.000000 318.941528 47060.710938
1055.527600 47485.000000 373.182190 47042.167969
1057.437500 47535.000000 452.154449 47024.691406
1059.347300 48076.000000 561.283813 47008.386719
1061.255000 47828.000000 719.426575 46996.414062
1063.162500 48005.000000 965.075562 46993.136719
1065.068000 48315.000000 1345.324951 46993.726562
1066.971700 48956.000000 1906.911499 46997.605469
1068.875000 49668.000000 2629.256592 46974.410156
1070.778100 50549.000000 3297.867920 46939.757812
1072.679200 50767.000000 3539.376465 46898.546875
1074.580000 50007.000000 3126.528076 46868.781250
1076.479000 49219.000000 2372.013916 46849.023438
1078.377600 48578.000000 1675.209595 46844.238281
1080.274400 48083.000000 1196.232788 46836.000000
1082.169200 48131.000000 882.108582 46818.398438
1084.065300 47643.000000 681.102112 46802.546875
1085.958000 47155.000000 548.732300 46796.203125
1087.850300 46947.000000 449.442322 46790.050781
1089.742400 47330.000000 383.387512 46780.046875
1091.632600 47182.000000 337.047180 46763.644531
1093.522500 46932.000000 301.087494 46750.265625
1095.410400 47001.000000 275.446259 46738.570312
1097.298100 46959.000000 254.645111 46724.707031
1099.183800 46780.000000 238.552292 46703.976562
1101.069300 47039.000000 228.298096 46687.937500
1102.952900 46728.000000 220.361862 46680.289062
1104.834600 46635.000000 215.354614 46670.269531
1106.717700 46959.000000 211.721222 46657.593750
1108.597200 46843.000000 208.905472 46647.921875
1110.477900 46757.000000 205.917557 46629.042969
1112.355300 46867.000000 204.889938 46619.925781
1114.232300 46540.000000 204.936234 46612.996094
1116.109100 46993.000000 207.851974 46605.390625
1117.984000 46914.000000 209.980301 46603.457031
1119.858500 46350.000000 211.108643 46603.066406
1121.731300 46660.000000 211.727005 46603.519531
1123.603600 46822.000000 215.095703 46599.699219
1125.474100 46951.000000 218.620438 46590.910156
1127.344400 46947.000000 224.174713 46595.070312
1129.212600 46612.000000 230.288620 46598.359375
1131.080700 46822.000000 240.034912 46598.722656
1132.946900 46758.000000 253.363602 46601.410156
1134.812700 46771.000000 269.874847 46603.628906
1136.676800 46773.000000 285.687042 46609.085938
1138.540400 46739.000000 306.147980 46610.218750
1140.402300 47297.000000 333.198761 46612.414062
1142.263800 46857.000000 371.307434 46621.953125
1144.123400 47113.000000 418.372253 46633.996094
1145.982800 47047.000000 481.968933 46649.089844
1147.841800 46927.000000 562.410278 46659.308594
1149.697500 47772.000000 671.338623 46677.660156
1151.554400 47623.000000 811.903137 46686.824219
1153.407800 47724.000000 992.204468 46706.871094
1155.262600 48104.000000 1231.781982 46729.410156
1157.115500 48641.000000 1531.315674 46763.218750
1158.966400 48557.000000 1855.646484 46778.031250
1160.817100 49029.000000 2139.381348 46786.714844
1162.666000 49310.000000 2261.223633 46793.195312
1164.514500 49130.000000 2169.339355 46813.054688
1166.361300 48990.000000 1935.602783 46844.585938
1168.207600 48816.000000 1647.487671 46874.238281
1170.052200 48242.000000 1412.684937 46900.320312
1171.896500 48291.000000 1256.965942 46920.796875
1173.740400 48212.000000 1175.465088 46932.570312
1175.580900 48154.000000 1148.879883 46945.941406
1177.422900 48394.000000 1168.150146 46960.269531
1179.262700 48663.000000 1255.708984 46973.796875
1181.100700 48484.000000 1408.605225 46990.281250
1182.938600 48680.000000 1627.536865 47012.183594
1184.774500 48840.000000 1919.766602 47034.457031
1186.610200 49463.000000 2280.243408 47069.949219
1188.444000 49545.000000 2731.655762 47108.039062
1190.277500 50643.000000 3275.628174 47154.558594
1192.110700 51284.000000 3904.803955 47174.800781
1193.942000 51743.000000 4526.628906 47206.847656
1195.771600 52374.000000 5085.021484 47216.773438
1197.600700 52732.000000 5456.657227 47258.921875
1199.428100 52900.000000 5580.816895 47274.617188
1201.255200 52781.000000 5434.663574 47300.226562
1203.082000 52536.000000 5068.025879 47319.414062
1204.907000 52254.000000 4548.902832 47351.703125
1206.730100 51404.000000 4017.864502 47336.789062
1208.552900 50982.000000 3534.026123 47318.695312
1210.373900 50678.000000 3178.729980 47313.718750
1212.194600 50267.000000 2938.028809 47340.242188
1214.015000 50364.000000 2838.609863 47386.921875
1215.833500 50211.000000 2849.662354 47429.207031
1217.650300 50600.000000 2994.012207 47435.437500
1219.466700 51078.000000 3292.354248 47472.539062
1221.281300 51232.000000 3746.083252 47537.277344
1223.095600 52153.000000 4329.949707 47618.300781
1224.909500 52920.000000 4984.836914 47651.968750
1226.721700 53403.000000 5611.840332 47703.347656
1228.532000 53751.000000 6098.868164 47749.582031
1230.342000 54297.000000 6242.262207 47812.257812
1232.151700 53752.000000 5901.141602 47873.925781
1233.959700 53029.000000 5169.000000 47928.304688
1235.765900 52299.000000 4300.176758 47916.304688
1237.571700 51493.000000 3468.565918 47924.250000
1239.377100 50946.000000 2809.653320 47953.628906
1241.180800 50604.000000 2317.785400 47995.867188
1242.982700 50086.000000 1988.985107 48042.925781
1244.784200 50048.000000 1781.838623 48089.410156
1246.585300 49909.000000 1685.185791 48131.664062
1248.384900 49630.000000 1669.567993 48172.238281
1250.182500 49823.000000 1745.787109 48213.257812
1251.979700 50163.000000 1876.506470 48246.035156
1253.776900 50621.000000 2110.107178 48270.515625
1255.572000 50915.000000 2440.680664 48292.953125
1257.365500 51088.000000 2922.728760 48312.054688
1259.160000 52056.000000 3577.481201 48347.574219
1260.951300 53228.000000 4471.301270 48438.355469
1262.742300 54300.000000 5702.427246 48553.835938
1264.533100 55940.000000 7302.900879 48656.671875
1266.322000 58103.000000 9053.237305 48735.250000
1268.109000 59391.000000 10869.901367 48800.648438
1269.895800 61362.000000 12277.451172 48825.386719
1271.682400 61841.000000 12759.365234 48847.027344
1273.466900 61232.000000 11998.590820 48875.042969
1275.251500 59311.000000 10269.123047 48924.269531
1277.033900 57272.000000 8392.926758 49041.777344
1278.814700 55737.000000 6564.995117 49052.359375
1280.595200 54290.000000 5098.581543 49086.019531
1282.375400 53091.000000 3942.294189 49134.042969
1284.153800 51921.000000 3081.240234 49178.906250
1285.931900 51601.000000 2442.108887 49241.585938
1287.708100 51522.000000 1991.525146 49320.722656
1289.482500 51031.000000 1659.473022 49401.437500
1291.256800 51094.000000 1421.544678 49471.281250
1293.030600 50698.000000 1252.218384 49548.750000
1294.802900 50856.000000 1118.018311 49618.968750
1296.574600 51109.000000 1021.677246 49694.738281
1298.344600 50677.000000 947.588562 49770.125000
1300.114400 50647.000000 897.660278 49846.156250
1301.882300 50834.000000 855.823120 49925.968750
1303.648300 50791.000000 825.928528 50008.246094
1305.415800 51033.000000 812.910583 50091.347656
1307.179700 51114.000000 813.751648 50176.433594
1308.943500 51337.000000 822.598022 50261.242188
1310.707000 51346.000000 845.482117 50347.500000
1312.468600 51283.000000 882.860535 50423.812500
1314.230000 51823.000000 939.215515 50503.984375
1315.989500 51705.000000 1023.143555 50590.894531
1317.748800 51827.000000 1151.532715 50674.718750
1319.506200 52343.000000 1332.713013 50754.578125
1321.263400 52701.000000 1599.524780 50841.218750
1323.018900 52840.000000 1961.126221 50937.203125
1324.774000 53748.000000 2416.424072 51044.894531
1326.527300 54285.000000 2973.989746 51150.910156
1328.278900 55127.000000 3602.087402 51253.082031
1330.031700 55717.000000 4230.995117 51338.484375
1331.781100 56158.000000 4733.909668 51414.363281
1333.531900 56636.000000 4905.857422 51490.054688
1335.279300 56488.000000 4661.164062 51575.175781
1337.027800 55988.000000 4099.112793 51668.195312
1338.773200 55169.000000 3414.772217 51754.324219
1340.518300 54373.000000 2762.962402 51822.242188
1342.263100 54511.000000 2222.553467 51876.339844
1344.006000 53759.000000 1793.001221 51933.394531
1345.748700 53676.000000 1482.945557 51992.726562
1347.489500 53373.000000 1262.526978 52041.390625
1349.230200 53287.000000 1104.361816 52090.730469
1350.969100 52943.000000 980.990540 52138.066406
1352.707500 53255.000000 891.959473 52186.261719
1354.445900 53296.000000 834.924011 52234.031250
1356.180900 53238.000000 810.072510 52284.867188
1357.917000 53306.000000 804.033508 52337.027344
1359.649900 53205.000000 819.940796 52384.074219
1361.384200 53261.000000 861.747559 52426.941406
1363.115000 53485.000000 943.463379 52467.644531
1364.847000 53457.000000 1066.890503 52506.320312
1366.577400 53792.000000 1248.549072 52543.332031
1368.305900 53979.000000 1519.197998 52580.246094
1370.034300 54508.000000 1928.337524 52624.242188
1371.760600 55617.000000 2514.193848 52668.964844
1373.486900 55926.000000 3239.995117 52700.140625
1375.211300 56701.000000 4013.434082 52712.863281
1376.935400 57135.000000 4666.363281 52715.968750
1378.657800 57618.000000 4939.129883 52722.730469
1380.380000 57575.000000 4659.175293 52730.183594
1382.100200 56621.000000 3945.872314 52730.855469
1383.820300 55738.000000 3099.087646 52730.417969
1385.540200 55086.000000 2328.190186 52711.210938
1387.256500 54380.000000 1749.523071 52679.808594
1388.974200 54182.000000 1334.131226 52647.179688
1390.690300 53385.000000 1069.744751 52620.917969
1392.404400 53703.000000 886.964478 52590.078125
1394.118400 53369.000000 757.123657 52564.046875
1395.830400 53229.000000 661.536743 52535.441406
1397.542200 53274.000000 596.507935 52504.113281
1399.252300 53111.000000 549.464966 52469.906250
1400.962200 52737.000000 517.613403 52434.625000
1402.671800 53005.000000 496.381104 52403.484375
1404.379500 52717.000000 487.746429 52372.425781
1406.085600 53004.000000 475.103516 52339.929688
1407.791300 52623.000000 462.653381 52311.863281
1409.495200 52717.000000 458.852631 52284.539062
1411.199000 53005.000000 457.862305 52259.355469
1412.902500 52841.000000 458.265137 52233.128906
1414.604000 53126.000000 461.895599 52211.289062
1416.304000 53128.000000 470.427826 52193.031250
1418.003700 52720.000000 481.846527 52173.398438
1419.701500 52833.000000 489.597717 52148.648438
1421.399000 52567.000000 500.349030 52129.671875
1423.096400 52607.000000 517.285217 52108.390625
1424.792000 52520.000000 539.966431 52093.132812
1426.485700 52504.000000 571.798340 52079.628906
1428.179300 52561.000000 610.299133 52060.781250
1429.871100 52877.000000 662.367676 52043.039062
1431.562500 52946.000000 718.326965 52032.789062
1433.253900 52862.000000 779.822205 52023.109375
1434.943400 52953.000000 851.949036 52005.750000
1436.631000 53368.000000 946.468384 51986.320312
1438.318500 52948.000000 1069.421997 51969.449219
1440.005600 53108.000000 1223.639893 51952.312500
1441.691000 53008.000000 1409.762573 51939.757812
1443.374800 53606.000000 1635.600830 51924.753906
1445.058200 53888.000000 1908.403687 51918.257812
1446.741300 54238.000000 2230.163574 51919.660156
1448.422900 54631.000000 2617.097900 51921.167969
1450.102400 55163.000000 3066.360352 51925.179688
1451.781700 55656.000000 3575.366699 51932.359375
1453.460900 55979.000000 4114.180176 51940.769531
1455.138200 56319.000000 4660.141113 51945.679688
1456.813800 57248.000000 5151.052734 51952.675781
1458.489100 57394.000000 5570.128418 51958.253906
1460.164300 57670.000000 5854.739258 51967.304688
1461.837600 57927.000000 5968.999023 51967.949219
1463.509200 57719.000000 5892.311523 51969.136719
1465.180500 57551.000000 5634.898438 51962.855469
1466.851600 57103.000000 5239.252930 51951.656250
1468.520900 56664.000000 4750.852539 51938.132812
1470.189900 56300.000000 4218.053711 51922.496094
1471.857200 55740.000000 3685.082031 51904.367188
1473.522800 55044.000000 3183.173340 51885.468750
1475.188100 54620.000000 2743.580078 51860.902344
1476.853100 53887.000000 2352.326660 51832.769531
1478.516500 53799.000000 2005.075439 51802.476562
1480.178000 53415.000000 1717.618530 51777.789062
1481.839200 53091.000000 1484.470459 51757.785156
1483.500400 53112.000000 1289.050049 51735.710938
1485.159700 52865.000000 1142.128174 51717.589844
1486.818600 52722.000000 1021.396606 51699.402344
1488.476000 52327.000000 927.405762 51686.089844
1490.131500 52547.000000 852.466675 51672.089844
1491.788300 52274.000000 795.837036 51664.550781
1493.441800 52257.000000 752.225403 51661.976562
1495.095100 52326.000000 721.973267 51663.406250
1496.748000 52220.000000 703.859985 51661.566406
1498.399400 52771.000000 694.011475 51658.976562
1500.050400 52334.000000 673.370544 51658.312500
1501.699700 52385.000000 660.199829 51661.707031
1503.347300 52427.000000 655.174683 51665.343750
1504.996100 52490.000000 655.268005 51668.070312
1506.641600 52295.000000 662.931458 51666.105469
1508.287000 52510.000000 677.787048 51669.722656
1509.932000 52470.000000 702.849243 51677.902344
1511.575300 52030.000000 733.557007 51684.066406
1513.218500 52864.000000 776.624634 51692.394531
1514.859700 52494.000000 831.304565 51699.343750
1516.500900 52709.000000 903.470703 51704.542969
1518.140300 53148.000000 994.027649 51713.199219
1519.777800 52983.000000 1105.114014 51721.773438
1521.416700 53035.000000 1244.529907 51723.968750
1523.052200 53426.000000 1416.710693 51722.347656
1524.689200 53583.000000 1636.731567 51721.796875
1526.322800 53502.000000 1917.140869 51722.894531
1527.956200 54151.000000 2270.267578 51735.921875
1529.589400 54117.000000 2709.476807 51756.562500
1531.220800 54889.000000 3245.846924 51787.238281
1532.851900 55827.000000 3855.236816 51823.257812
1534.481400 56651.000000 4536.351562 51856.203125
1536.110600 57169.000000 5213.640137 51882.203125
1537.738000 57725.000000 5869.665039 51901.343750
1539.365200 58433.000000 6422.796387 51916.320312
1540.990700 58785.000000 6819.351562 51928.542969
1542.616000 58905.000000 6958.540527 51941.128906
1544.239500 58611.000000 6816.247559 51960.398438
1545.862700 58454.000000 6451.139648 51976.039062
1547.484400 58011.000000 5908.239746 51977.121094
1549.105600 57035.000000 5271.444336 51971.320312
1550.725100 56584.000000 4615.738281 51958.898438
1552.344500 55779.000000 4004.330078 51941.472656
1553.962000 55030.000000 3455.307129 51921.367188
1555.579300 54810.000000 2970.590088 51901.914062
1557.195100 54432.000000 2537.599609 51888.539062
1558.810400 54163.000000 2166.200684 51884.082031
1560.424100 53738.000000 1855.624268 51883.667969
1562.037500 53485.000000 1597.747925 51873.074219
1563.649200 53389.000000 1381.256958 51863.003906
1565.260600 52811.000000 1203.895874 51855.261719
1566.870500 52811.000000 1060.762939 51845.816406
1568.479900 52589.000000 933.771484 51836.437500
1570.089100 52864.000000 831.029968 51831.382812
1571.695200 52385.000000 745.664124 51825.765625
1573.302500 52668.000000 675.146362 51821.464844
1574.906500 52270.000000 613.747131 51819.535156
1576.511800 52322.000000 557.974792 51815.164062
1578.115500 52789.000000 510.938538 51814.507812
1579.717400 52262.000000 470.015137 51819.781250
1581.319100 52281.000000 435.987305 51827.398438
1582.919100 53012.000000 403.553986 51842.582031
1584.518700 52160.000000 375.081604 51856.406250
1586.116600 52378.000000 350.831970 51876.589844
1587.714500 52177.000000 331.035187 51901.292969
1589.310500 52459.000000 310.952881 51922.128906
1590.906300 52112.000000 292.033752 51938.867188
1592.501800 52216.000000 273.312561 51959.847656
1594.095700 52295.000000 258.813232 51979.324219
1595.687900 52142.000000 242.840576 51999.894531
1597.279700 52252.000000 230.439743 52020.714844
1598.869900 52317.000000 218.005936 52043.632812
1600.459700 52451.000000 207.674271 52066.667969
1602.048100 52228.000000 195.050018 52092.703125
1603.636000 52155.000000 182.579910 52115.539062
1605.223900 52444.000000 171.813995 52138.289062
1606.809800 52054.000000 162.656143 52156.992188
1608.394200 52097.000000 152.477264 52178.425781
1609.978300 52235.000000 143.011993 52201.062500
1611.560700 52276.000000 134.770599 52215.453125
1613.142900 52546.000000 128.404495 52227.062500
1614.724700 52564.000000 122.968544 52244.796875
1616.304900 52535.000000 118.909042 52262.609375
1617.883500 52361.000000 115.721725 52282.003906
1619.461800 52453.000000 112.228065 52297.644531
1621.038300 52472.000000 106.262024 52314.058594
1622.614700 52676.000000 101.004143 52331.378906
1624.190800 52459.000000 96.569420 52347.500000
1625.765300 52673.000000 91.791580 52359.816406
1627.337900 52705.000000 86.710114 52375.281250
1628.910400 52522.000000 81.474121 52388.281250
1630.482700 52776.000000 76.891754 52399.437500
1632.053200 52713.000000 72.582993 52407.289062
1633.622100 52625.000000 67.393990 52417.007812
1635.190600 52423.000000 62.288757 52423.828125
1636.759000 52871.000000 58.141743 52428.367188
1638.325700 52989.000000 55.429024 52432.058594
1639.890700 52889.000000 54.564514 52444.890625
1641.455400 52838.000000 53.971458 52458.070312
1643.019900 52642.000000 53.469322 52469.488281
1644.582800 52465.000000 52.465160 52476.535156
1646.143900 52686.000000 50.442997 52481.640625
1647.704700 52616.000000 49.331024 52480.601562
1649.265500 52776.000000 48.926350 52476.128906
1650.824500 52625.000000 48.713863 52466.269531
1652.381600 52595.000000 48.611225 52454.406250
1653.938700 52589.000000 48.539070 52437.316406
1655.495500 52497.000000 48.361347 52418.671875
1657.050700 52604.000000 46.982922 52393.929688
1658.604100 52365.000000 44.816719 52367.667969
1660.157200 52700.000000 43.194954 52334.304688
1661.710200 52663.000000 42.089062 52298.980469
1663.261500 52045.000000 41.713745 52256.867188
1664.811200 52436.000000 41.393902 52215.050781
1666.361900 52167.000000 41.506981 52174.632812
1667.909700 52322.000000 41.667213 52128.613281
1669.457200 52394.000000 41.801945 52082.785156
1671.004300 51967.000000 42.478870 52036.558594
1672.549900 51779.000000 43.332451 51986.921875
1674.093600 51847.000000 44.038532 51937.859375
1675.637300 51897.000000 44.185089 51883.902344
1677.180800 51956.000000 43.341881 51828.125000
1678.722400 51911.000000 42.837223 51771.925781
1680.263900 51751.000000 42.571144 51716.781250
1681.803700 51450.000000 42.307251 51656.476562
1683.341800 51856.000000 42.057636 51596.757812
1684.881200 51571.000000 43.009926 51535.406250
1686.417500 51717.000000 43.656181 51476.718750
1687.953400 51431.000000 43.641197 51418.718750
1689.489100 51583.000000 43.065300 51361.679688
1691.023200 51442.000000 42.587608 51300.691406
1692.557100 51254.000000 41.881100 51242.601562
1694.089200 51258.000000 40.237167 51184.628906
1695.619800 51022.000000 38.391304 51128.703125
1697.151500 51003.000000 37.276924 51071.277344
1698.680200 51038.000000 36.179035 51014.281250
1700.208500 51110.000000 35.074036 50958.218750
1701.736600 50882.000000 34.083576 50904.144531
1703.263100 51009.000000 33.391747 50850.378906
1704.789300 51028.000000 32.228676 50796.937500
1706.314000 50933.000000 29.820328 50743.000000
1707.838100 50865.000000 27.252506 50691.992188
1709.361000 50680.000000 25.325089 50641.050781
1710.883300 50642.000000 24.234516 50588.824219
1712.404100 50844.000000 23.725796 50533.406250
1713.923100 50709.000000 24.271036 50478.960938
1715.443500 50598.000000 25.008654 50424.593750
1716.960700 50186.000000 25.722931 50372.289062
1718.479100 50573.000000 25.413099 50315.785156
1719.994500 50525.000000 24.699551 50260.019531
1721.509600 50133.000000 24.249968 50207.492188
1723.024400 50103.000000 24.055899 50156.585938
1724.537600 50206.000000 23.779999 50102.664062
1726.050700 50221.000000 23.633253 50046.535156
1727.561900 50282.000000 23.636417 49991.292969
1729.073000 50140.000000 23.607767 49937.972656
1730.582400 49914.000000 23.020821 49883.148438
1732.091700 50203.000000 22.179214 49830.195312
1733.599200 49844.000000 22.019001 49774.464844
1735.106600 49907.000000 22.370197 49723.437500
1736.612100 49557.000000 22.726175 49671.707031
1738.117600 49538.000000 23.274467 49620.707031
1739.621300 49572.000000 23.517611 49568.687500
1741.125000 49316.000000 23.618618 49516.222656
1742.626800 49272.000000 23.372349 49463.906250
1744.128400 49286.000000 23.028248 49413.691406
1745.628500 49479.000000 22.724836 49364.109375
1747.128300 49515.000000 22.916836 49313.992188
1748.626300 49313.000000 23.331301 49268.484375
1750.124300 49083.000000 23.895475 49226.429688
1751.620500 49169.000000 24.143887 49181.718750
1753.116600 49057.000000 24.349876 49134.195312
1754.612400 49320.000000 24.175030 49088.824219
1756.105100 49107.000000 23.903893 49041.992188
1757.599100 49191.000000 23.567158 48998.992188
1759.091300 49210.000000 23.183426 48954.367188
1760.582000 49115.000000 22.667847 48909.539062
1762.072400 49228.000000 22.703342 48872.125000
1763.561000 48889.000000 22.779564 48837.570312
1765.049600 48525.000000 22.895111 48805.414062
1766.536500 49017.000000 22.549358 48772.011719
1768.023200 48692.000000 22.204390 48737.191406
1769.508100 48638.000000 21.982792 48708.265625
1770.992900 48621.000000 21.988314 48676.441406
1772.477500 48647.000000 21.547112 48645.222656
1773.959000 48796.000000 21.148643 48615.152344
1775.441700 48596.000000 20.617054 48587.292969
1776.922700 48372.000000 20.355700 48560.339844
1778.402100 48640.000000 19.957699 48529.308594
1779.881300 48497.000000 19.778597 48496.945312
1781.358900 48426.000000 19.687746 48465.761719
1782.836200 48383.000000 19.541485 48436.632812
1784.311900 48668.000000 19.025579 48406.757812
1785.787400 48482.000000 18.404057 48376.355469
1787.262600 48305.000000 18.045206 48348.324219
1788.736200 48314.000000 17.788853 48319.390625
1790.208300 48268.000000 17.680372 48291.078125
1791.679800 48767.000000 17.678179 48263.867188
1793.150000 48315.000000 17.601627 48238.535156
1794.619900 48326.000000 17.608772 48217.769531
1796.089600 48462.000000 17.337044 48194.585938
1797.557600 48004.000000 16.926878 48172.851562
1799.023900 48022.000000 16.690037 48148.839844
1800.490100 48404.000000 16.657381 48124.996094
1801.954600 48034.000000 16.688616 48101.031250
1803.418900 48015.000000 16.717007 48078.882812
1804.883100 47846.000000 16.551281 48055.746094
1806.345500 48333.000000 16.516020 48034.261719
1807.806400 48089.000000 16.567461 48011.218750
1809.266800 47852.000000 16.864185 47993.875000
1810.727400 47813.000000 17.214664 47972.746094
1812.186000 47821.000000 17.583189 47949.777344
1813.643300 47854.000000 17.439257 47926.949219
1815.100100 47994.000000 17.182760 47905.199219
1816.556800 47742.000000 17.081415 47881.656250
1818.010400 47811.000000 16.871088 47862.585938
1819.465300 47839.000000 16.633820 47840.488281
1820.918500 48118.000000 16.257021 47822.968750
1822.370100 47731.000000 15.980481 47807.460938
1823.821400 48117.000000 15.904643 47797.519531
1825.272600 47865.000000 15.567416 47782.996094
1826.722200 47848.000000 15.369990 47773.312500
1828.169900 47689.000000 15.338961 47762.460938
1829.617600 47779.000000 15.499937 47750.964844
1831.065200 47674.000000 15.241290 47737.148438
1832.511000 47558.000000 15.051332 47719.394531
1833.956500 47628.000000 14.628504 47704.226562
1835.400500 47679.000000 14.305412 47691.878906
1836.842900 48065.000000 14.370447 47683.964844
1838.285200 47761.000000 14.760922 47678.718750
1839.727100 47379.000000 14.994390 47678.222656
1841.167400 47724.000000 15.325972 47677.367188
1842.606100 47645.000000 15.224614 47669.550781
1844.044400 47452.000000 15.293956 47657.835938
1845.482800 47559.000000 15.807503 47648.429688
1846.919400 47529.000000 16.551428 47636.992188
1848.356000 47307.000000 16.642546 47625.515625
1849.790800 47620.000000 16.842499 47618.746094
1851.224000 47601.000000 17.144720 47610.832031
1852.656900 47294.000000 17.253805 47606.054688
1854.089700 47510.000000 17.087679 47603.230469
1855.520800 47627.000000 16.885941 47599.210938
1856.951800 47244.000000 16.741562 47596.531250
1858.381100 47488.000000 16.327341 47601.941406
1859.808700 47637.000000 15.471227 47604.117188
1861.236300 47893.000000 14.788345 47608.558594
1862.663500 47578.000000 14.633835 47619.773438
1864.089100 47275.000000 14.520065 47631.804688
1865.514600 47522.000000 14.282593 47644.824219
1866.938500 47688.000000 14.079631 47656.628906
1868.360700 47811.000000 13.930384 47673.351562
1869.784200 47769.000000 14.298479 47685.746094
1871.204500 47735.000000 14.371330 47690.464844
1872.624600 47355.000000 14.380781 47696.949219
1874.044700 47879.000000 14.121216 47707.589844
1875.463000 47728.000000 13.872676 47709.132812
1876.881200 47836.000000 13.758497 47717.488281
1878.297700 47847.000000 14.118846 47718.027344
1879.714100 47699.000000 14.302709 47709.648438
1881.128800 47792.000000 14.134331 47700.785156
1882.541900 48102.000000 13.861420 47691.101562
1883.956200 48150.000000 14.063614 47675.183594
1885.367400 48049.000000 13.693547 47659.812500
1886.778600 47836.000000 14.411032 47658.589844
1888.189500 48261.000000 14.899943 47687.691406
