Raman_Shift Original_Spectrum Predicted_Raman Predicted_Baseline
294.894650 55499.000000 14.453906 55382.800781
297.232540 55537.000000 14.125803 55378.621094
299.568300 55435.000000 14.038261 55378.511719
301.905240 55520.000000 13.916634 55370.984375
304.238400 55303.000000 14.564466 55360.578125
306.571040 55101.000000 15.889067 55347.207031
308.903260 55566.000000 17.442205 55335.140625
311.233340 55526.000000 19.862694 55322.144531
313.562930 55314.000000 21.873287 55308.187500
315.890440 55369.000000 23.477985 55296.093750
318.215790 54977.000000 25.126892 55289.234375
320.540680 55151.000000 26.561695 55288.304688
322.865110 55114.000000 27.478327 55294.328125
325.187410 54861.000000 29.891144 55308.609375
327.509250 55199.000000 32.697357 55333.507812
329.828920 55333.000000 36.050976 55372.480469
332.148160 55289.000000 39.012417 55417.230469
334.465270 55628.000000 45.723270 55468.777344
336.781950 55517.000000 54.037121 55529.035156
339.096470 55309.000000 64.966141 55596.296875
341.408870 55431.000000 75.882408 55670.300781
343.722530 55470.000000 90.668037 55750.878906
346.032350 56037.000000 112.057945 55834.750000
348.341740 55919.000000 149.472504 55919.410156
350.650670 56332.000000 202.980103 56004.851562
352.957460 56252.000000 276.302032 56092.003906
355.263760 56498.000000 350.954163 56185.601562
357.568020 56503.000000 404.715546 56284.402344
359.871800 56748.000000 426.366852 56386.617188
362.173430 56696.000000 405.598541 56493.765625
364.474640 57216.000000 355.419495 56604.664062
366.773710 56959.000000 314.558746 56717.023438
369.072360 56598.000000 279.218933 56829.707031
371.368870 56977.000000 256.844971 56943.457031
373.664920 56980.000000 249.795822 57057.789062
375.958890 57250.000000 254.123856 57170.921875
378.252380 57384.000000 275.197662 57282.480469
380.543790 57604.000000 308.359650 57391.046875
382.834750 57713.000000 357.034454 57494.179688
385.123570 57889.000000 416.451660 57590.976562
387.411960 57860.000000 468.616638 57681.425781
389.698210 58252.000000 487.638367 57765.636719
391.984070 58458.000000 459.938568 57845.781250
394.267790 58096.000000 408.656555 57921.425781
396.551060 58145.000000 373.436493 57993.035156
398.832210 58168.000000 353.768463 58060.015625
401.112950 58376.000000 360.261139 58122.773438
403.391570 58689.000000 385.085846 58181.421875
405.669770 58801.000000 408.180969 58236.187500
407.945860 59031.000000 390.993408 58286.488281
410.221470 58729.000000 328.107239 58332.265625
412.495030 58870.000000 257.380310 58373.101562
414.768100 58649.000000 207.335892 58411.929688
417.039090 58758.000000 171.550995 58449.226562
419.309630 58554.000000 147.955658 58484.210938
421.579740 58568.000000 132.038025 58516.539062
423.846100 58618.000000 115.998520 58545.738281
426.113680 58644.000000 107.265671 58571.156250
428.377470 58641.000000 100.861275 58592.765625
430.642520 58622.000000 96.230087 58609.394531
432.905460 58915.000000 93.585571 58622.218750
435.166320 58940.000000 91.684311 58633.699219
437.426700 58850.000000 88.358841 58640.054688
439.685060 58872.000000 85.451187 58643.414062
441.942900 58649.000000 88.886497 58644.648438
444.198730 58910.000000 91.203178 58643.929688
446.454070 59097.000000 93.535271 58643.722656
448.708980 58744.000000 96.947113 58644.511719
450.961820 58962.000000 102.143700 58645.742188
453.212550 58762.000000 110.990280 58647.578125
455.462890 58836.000000 121.310135 58649.023438
457.711120 58685.000000 133.156998 58650.601562
459.958920 58756.000000 143.046967 58650.898438
462.204590 58853.000000 157.666931 58649.617188
464.449890 58928.000000 173.816010 58643.851562
466.694760 59059.000000 192.164093 58632.988281
468.937500 58868.000000 209.536285 58619.203125
471.178160 58963.000000 228.994476 58603.160156
473.418460 58928.000000 249.383179 58583.218750
475.656620 58803.000000 274.803650 58558.882812
477.894380 58963.000000 302.907166 58531.089844
480.131680 58741.000000 337.577271 58499.425781
482.366910 58791.000000 375.648682 58466.550781
484.600040 58929.000000 415.697998 58431.808594
486.832790 58922.000000 459.172852 58395.386719
489.063450 59267.000000 502.269104 58356.710938
491.293670 59017.000000 539.227173 58312.992188
493.523500 58709.000000 570.413147 58265.148438
495.751190 58767.000000 587.565063 58215.039062
497.976840 58873.000000 596.740601 58161.808594
500.202090 58738.000000 597.364014 58105.828125
502.426910 58436.000000 590.387817 58046.421875
504.649660 58407.000000 575.403564 57984.437500
506.870270 58590.000000 551.645813 57921.558594
509.090550 58109.000000 521.455322 57858.031250
511.310360 58264.000000 485.481262 57793.050781
513.528140 58289.000000 445.884277 57728.671875
515.743770 58024.000000 402.539185 57664.156250
517.959110 57943.000000 360.843048 57598.667969
520.173890 57915.000000 321.583923 57534.453125
522.386660 57498.000000 284.664032 57468.664062
524.597410 57575.000000 252.440598 57402.531250
526.807740 57322.000000 222.663498 57336.347656
529.017580 57287.000000 196.728470 57269.554688
531.225400 57451.000000 173.033936 57203.437500
533.431210 57075.000000 150.658386 57137.621094
535.636470 56946.000000 131.659393 57075.511719
537.841430 56773.000000 117.602188 57016.292969
540.044310 56976.000000 106.138107 56960.058594
542.245120 57102.000000 94.096634 56907.046875
544.445500 57288.000000 80.668137 56858.460938
546.645450 56824.000000 67.353752 56814.671875
548.843380 56750.000000 63.366814 56772.132812
551.040830 56783.000000 61.262096 56730.898438
553.236330 56696.000000 58.616310 56692.183594
555.429690 56884.000000 55.834240 56656.484375
557.622680 56745.000000 54.805157 56623.667969
559.815250 56699.000000 53.776508 56594.210938
562.005800 56854.000000 52.897606 56568.437500
564.195920 56282.000000 52.576782 56545.617188
566.383910 56726.000000 52.023243 56523.160156
568.569950 56826.000000 52.216026 56500.359375
570.755550 56831.000000 51.514992 56476.000000
572.940730 56866.000000 50.079544 56450.476562
575.123900 56563.000000 49.781040 56424.218750
577.306640 56593.000000 49.791069 56398.804688
579.487300 56337.000000 50.391876 56374.250000
581.665950 56253.000000 52.100410 56349.281250
583.844120 56552.000000 52.596607 56323.906250
586.021970 56261.000000 52.302605 56298.281250
588.197750 56375.000000 52.209850 56272.988281
590.373170 56337.000000 52.477570 56247.726562
592.546450 56439.000000 52.140404 56219.457031
594.719420 56179.000000 50.487488 56187.617188
596.890260 56497.000000 47.932156 56155.460938
599.059140 55939.000000 44.290276 56122.390625
601.229190 55857.000000 46.084236 56091.312500
603.395570 56262.000000 50.050274 56063.527344
605.561580 56119.000000 54.910309 56034.632812
607.727170 56258.000000 59.788116 56004.523438
609.890750 56043.000000 64.620193 55975.273438
612.053960 56122.000000 69.436386 55946.648438
614.215030 56030.000000 74.408112 55917.519531
616.375790 56700.000000 80.458115 55887.902344
618.534480 55789.000000 87.372948 55857.765625
620.692750 55989.000000 97.427490 55827.566406
622.849000 55960.000000 109.922241 55797.281250
625.004820 55581.000000 125.168900 55766.652344
627.158750 55858.000000 144.283600 55738.250000
629.310490 55817.000000 167.822006 55710.933594
631.463560 55874.000000 198.227798 55684.039062
633.612920 55709.000000 239.856766 55656.886719
635.763490 55900.000000 292.786682 55628.890625
637.910460 55691.000000 364.355225 55601.914062
640.058650 55877.000000 460.615906 55572.785156
642.203190 56230.000000 589.631958 55540.734375
644.348880 56302.000000 761.795349 55507.406250
646.491030 56507.000000 975.430359 55473.718750
648.634400 56552.000000 1231.944580 55440.718750
650.774050 56796.000000 1520.187256 55407.539062
652.914980 57072.000000 1788.091187 55374.812500
655.052250 57460.000000 1911.004150 55342.968750
657.190730 57097.000000 1785.208008 55313.968750
659.325620 56487.000000 1500.732056 55287.484375
661.461730 56549.000000 1202.811035 55263.339844
663.594180 56177.000000 948.317871 55239.523438
665.727910 55784.000000 743.813049 55217.039062
667.857910 55819.000000 587.960571 55197.101562
669.989200 55696.000000 474.542419 55177.632812
672.118470 55745.000000 386.701355 55157.308594
674.245670 55335.000000 315.706116 55136.234375
676.372560 55422.000000 259.457550 55114.136719
678.497380 55486.000000 217.178802 55094.203125
680.621830 55478.000000 183.078430 55075.953125
682.744320 55032.000000 157.540405 55058.511719
684.866390 55248.000000 137.006378 55043.289062
686.986450 55055.000000 121.262589 55026.765625
689.106080 55000.000000 108.646927 55009.148438
691.223750 54805.000000 98.519608 54992.011719
693.341000 54962.000000 88.885803 54973.734375
695.457820 54949.000000 80.135117 54954.839844
697.571110 54920.000000 73.632950 54935.148438
699.685610 54716.000000 69.912193 54916.054688
701.798100 55184.000000 67.656433 54896.785156
703.908570 55255.000000 64.182877 54878.101562
706.018620 55126.000000 59.157570 54859.636719
708.126770 54852.000000 53.386219 54843.265625
710.234380 54959.000000 47.776211 54828.445312
712.340150 54790.000000 44.849163 54813.464844
714.445430 55018.000000 42.457153 54798.546875
716.550350 54736.000000 38.955711 54783.035156
718.653260 54712.000000 34.166996 54767.679688
720.754270 54908.000000 33.555328 54752.554688
722.854800 54756.000000 32.853806 54738.175781
724.953370 54783.000000 31.684717 54724.503906
727.051570 54686.000000 30.703318 54711.359375
729.149350 54699.000000 30.035696 54698.449219
731.243530 54612.000000 29.735678 54686.144531
733.338990 54792.000000 29.818729 54671.718750
735.432370 54685.000000 30.059017 54654.667969
737.523800 54760.000000 29.611771 54635.929688
739.614870 54684.000000 28.670864 54615.988281
741.705570 54378.000000 27.128473 54596.027344
743.792600 54438.000000 25.669992 54576.800781
745.880920 54342.000000 24.585398 54557.476562
747.967220 54723.000000 23.569307 54538.843750
750.051570 54365.000000 23.000843 54520.574219
752.135500 54446.000000 22.592777 54502.507812
754.219120 54460.000000 22.567801 54484.429688
756.300720 54598.000000 22.565239 54466.527344
758.380310 54479.000000 22.259634 54447.859375
760.459530 54359.000000 21.681221 54428.617188
762.538390 53975.000000 21.083073 54409.554688
764.615300 54539.000000 20.655807 54389.980469
766.690190 54696.000000 19.844532 54370.039062
768.764710 54337.000000 18.448204 54349.066406
770.838810 54472.000000 17.883677 54330.187500
772.909360 54192.000000 16.667522 54312.906250
774.981140 54100.000000 15.285654 54294.968750
777.050960 54538.000000 14.171431 54275.757812
779.120420 54546.000000 13.439314 54255.527344
781.187870 54230.000000 13.030911 54233.691406
783.253420 54281.000000 12.861536 54213.722656
785.318480 54232.000000 12.667562 54193.242188
787.383240 54467.000000 12.646031 54172.542969
789.445980 54160.000000 13.449297 54151.347656
791.506770 53915.000000 14.635234 54130.605469
793.567260 54353.000000 15.377464 54109.515625
795.627260 54338.000000 15.399946 54087.070312
797.685360 54144.000000 15.379750 54063.218750
799.741520 54113.000000 15.367421 54038.601562
801.797240 53938.000000 15.615356 54012.925781
803.852600 54190.000000 16.138987 53986.859375
805.906010 53523.000000 16.195744 53959.949219
807.959050 54055.000000 16.019022 53930.640625
810.010130 53805.000000 15.976051 53897.261719
812.059200 53824.000000 16.007549 53860.691406
814.107970 53955.000000 16.461124 53822.417969
816.156370 53909.000000 17.067507 53782.500000
818.202760 53759.000000 17.424778 53741.253906
820.247190 53518.000000 17.378994 53699.046875
822.292850 53466.000000 18.287682 53655.394531
824.335020 53714.000000 19.635578 53608.746094
826.376770 53711.000000 21.230865 53558.941406
828.418090 53650.000000 23.059919 53506.722656
830.457520 53438.000000 24.298864 53452.187500
832.496640 53563.000000 25.068855 53397.222656
834.533690 53546.000000 26.252975 53340.589844
836.568910 53055.000000 27.334606 53284.601562
838.603700 53246.000000 27.648184 53228.421875
840.638060 53444.000000 27.821346 53171.812500
842.670530 53117.000000 29.110485 53115.023438
844.702640 52863.000000 30.710623 53057.574219
846.732790 52965.000000 32.466873 52998.339844
848.762570 53092.000000 33.788574 52937.265625
850.790470 52666.000000 35.257164 52873.449219
852.816350 52800.000000 37.116825 52808.390625
854.843440 52623.000000 40.704887 52740.503906
856.867070 52981.000000 44.819099 52669.570312
858.890200 52841.000000 49.331577 52595.203125
860.913150 52604.000000 54.775532 52519.578125
862.934020 52428.000000 61.313812 52441.937500
864.954530 52359.000000 68.502144 52362.429688
866.973140 52329.000000 77.239975 52281.308594
868.991390 51914.000000 87.211777 52199.621094
871.007690 52633.000000 99.901764 52118.218750
873.023620 52220.000000 113.736252 52036.824219
875.037660 51935.000000 131.491455 51956.019531
877.051270 52091.000000 151.670929 51872.281250
879.062990 51985.000000 176.439148 51786.667969
881.074340 51936.000000 206.809280 51701.000000
883.083740 51909.000000 240.696014 51615.117188
885.092770 52036.000000 276.086243 51530.011719
887.099850 51817.000000 304.235382 51445.878906
889.104980 51937.000000 324.032654 51360.933594
891.111450 51247.000000 333.138672 51274.187500
893.114260 51371.000000 332.000183 51185.355469
895.118410 51208.000000 320.918396 51093.550781
897.119020 51611.000000 300.926331 50998.042969
899.120790 51292.000000 271.852844 50899.218750
901.119080 50937.000000 241.235550 50800.429688
903.118650 51030.000000 209.467194 50701.875000
905.114620 50638.000000 176.924362 50603.648438
907.111880 50569.000000 147.857941 50505.277344
909.107180 50425.000000 124.909935 50406.769531
911.100520 50440.000000 108.029930 50308.582031
913.093630 50287.000000 95.441193 50210.457031
915.084660 50188.000000 85.900032 50113.972656
917.075380 50294.000000 77.952377 50017.246094
919.064210 49974.000000 75.305717 49919.914062
921.052730 49810.000000 75.435516 49824.328125
923.039310 50021.000000 75.176949 49730.929688
925.025450 49630.000000 73.909042 49640.574219
927.009770 49520.000000 72.750092 49553.421875
928.993650 49449.000000 71.648148 49468.746094
930.975590 49628.000000 70.864777 49387.265625
932.957280 49239.000000 70.886856 49307.562500
934.937010 49251.000000 73.954178 49229.648438
936.916380 49358.000000 77.036087 49154.417969
938.895390 49293.000000 80.643761 49082.335938
940.870970 49032.000000 86.754448 49011.523438
942.847660 49000.000000 89.744995 48941.675781
944.822510 48857.000000 92.544334 48874.750000
946.795470 48632.000000 97.420387 48811.667969
948.768010 48726.000000 104.583046 48751.101562
950.738710 48718.000000 112.410904 48692.621094
952.708980 48537.000000 121.348976 48636.730469
954.677310 48764.000000 133.846008 48583.230469
956.645390 48601.000000 149.657257 48531.542969
958.613160 48794.000000 168.934097 48479.937500
960.578920 48690.000000 190.038818 48429.226562
962.542720 48505.000000 212.439850 48379.730469
964.506290 48498.000000 235.967316 48332.601562
966.467960 48421.000000 255.589035 48287.765625
968.429260 48567.000000 272.289673 48243.816406
970.390140 48525.000000 282.005920 48199.191406
972.347660 48465.000000 282.648438 48154.566406
974.306270 48496.000000 273.230988 48109.273438
976.263060 48375.000000 258.809753 48062.574219
978.218020 48007.000000 240.294754 48017.371094
980.172490 47931.000000 219.579742 47974.886719
982.125120 48104.000000 201.441956 47933.691406
984.077390 48343.000000 183.913162 47890.773438
986.029360 47882.000000 166.718369 47848.964844
987.979370 48162.000000 148.126617 47808.445312
989.927490 48110.000000 125.588173 47767.554688
991.875310 47761.000000 103.832031 47729.707031
993.822750 47890.000000 85.718132 47694.363281
995.768370 47963.000000 73.574883 47660.609375
997.711980 47686.000000 65.431870 47629.746094
999.655270 47537.000000 58.313263 47602.449219
1001.596700 47708.000000 49.875549 47577.636719
1003.537700 47486.000000 44.245987 47553.679688
1005.478600 47225.000000 39.280037 47531.242188
1007.417400 47828.000000 34.012230 47510.812500
1009.354300 47609.000000 29.625219 47490.464844
1011.291000 47402.000000 28.987656 47470.613281
1013.227200 47319.000000 28.174946 47450.937500
1015.161600 47589.000000 27.327515 47432.835938
1017.094100 47423.000000 26.163818 47415.507812
1019.026200 47419.000000 25.654242 47398.953125
1020.958000 47471.000000 25.356709 47383.804688
1022.888000 47207.000000 25.324467 47369.605469
1024.816000 47345.000000 25.613255 47357.246094
1026.743800 47126.000000 26.128708 47344.687500
1028.671100 47245.000000 27.364941 47332.679688
1030.596600 47392.000000 28.860157 47322.308594
1032.521700 47322.000000 30.441671 47313.378906
1034.444900 47417.000000 32.041962 47305.058594
1036.366300 47457.000000 34.047112 47296.175781
1038.287400 47721.000000 35.803001 47287.394531
1040.208100 47423.000000 38.065559 47277.472656
1042.127000 47244.000000 40.215508 47267.218750
1044.043800 47331.000000 42.735893 47258.113281
1045.960400 47385.000000 45.879631 47248.687500
1047.876700 47443.000000 50.130390 47237.628906
1049.791000 46888.000000 55.523071 47223.570312
1051.705100 47454.000000 63.303520 47209.464844
1053.617300 47407.000000 72.920128 47195.000000
1055.527600 47322.000000 86.616943 47181.210938
1057.437500 47185.000000 105.668900 47166.878906
1059.347300 47372.000000 135.249863 47152.238281
1061.255000 47444.000000 177.236420 47137.140625
1063.162500 47266.000000 237.163086 47121.609375
1065.068000 47409.000000 323.023010 47106.121094
1066.971700 47477.000000 440.810852 47089.433594
1068.875000 47599.000000 589.916992 47071.691406
1070.778100 47903.000000 734.630493 47054.074219
1072.679200 47890.000000 797.289062 47034.386719
1074.580000 47705.000000 729.959534 47014.710938
1076.479000 47598.000000 582.719360 46996.597656
1078.377600 47392.000000 437.919586 46975.761719
1080.274400 47515.000000 325.809784 46954.687500
1082.169200 47443.000000 242.124542 46933.558594
1084.065300 47157.000000 183.582428 46915.472656
1085.958000 46904.000000 142.714813 46898.496094
1087.850300 46663.000000 114.368813 46878.773438
1089.742400 47118.000000 95.629227 46858.054688
1091.632600 46860.000000 82.228149 46838.964844
1093.522500 46749.000000 72.221672 46823.589844
1095.410400 46915.000000 65.331032 46811.140625
1097.298100 46852.000000 59.425194 46800.097656
1099.183800 46862.000000 54.666035 46791.476562
1101.069300 46794.000000 51.343983 46784.070312
1102.952900 46689.000000 49.155540 46777.734375
1104.834600 46695.000000 47.102379 46771.847656
1106.717700 46906.000000 45.472313 46767.105469
1108.597200 46759.000000 43.901375 46764.660156
1110.477900 46575.000000 42.220070 46759.843750
1112.355300 46636.000000 40.508705 46754.871094
1114.232300 46472.000000 39.129757 46750.847656
1116.109100 46679.000000 37.699211 46745.187500
1117.984000 46830.000000 37.064857 46740.878906
1119.858500 46480.000000 37.603172 46737.199219
1121.731300 46657.000000 38.700966 46733.500000
1123.603600 46648.000000 39.843456 46731.289062
1125.474100 46854.000000 40.490101 46729.554688
1127.344400 46915.000000 40.649441 46727.015625
1129.212600 46830.000000 40.478500 46725.445312
1131.080700 46752.000000 41.112831 46725.210938
1132.946900 46574.000000 42.463455 46726.378906
1134.812700 46695.000000 46.248188 46730.738281
1136.676800 46612.000000 51.155407 46734.960938
1138.540400 46671.000000 56.389305 46739.609375
1140.402300 47107.000000 62.397179 46742.835938
1142.263800 46656.000000 69.294632 46745.781250
1144.123400 46924.000000 77.539108 46749.343750
1145.982800 46671.000000 87.215942 46755.152344
1147.841800 46680.000000 97.524269 46764.074219
1149.697500 47208.000000 109.620804 46775.710938
1151.554400 46848.000000 124.878311 46788.523438
1153.407800 46871.000000 145.933273 46804.765625
1155.262600 47084.000000 177.391373 46824.710938
1157.115500 47183.000000 222.601273 46844.421875
1158.966400 47070.000000 285.117340 46862.937500
1160.817100 47333.000000 359.123810 46881.007812
1162.666000 47465.000000 429.124512 46897.652344
1164.514500 47366.000000 468.465179 46912.964844
1166.361300 47308.000000 453.109070 46926.281250
1168.207600 47599.000000 397.145569 46937.113281
1170.052200 47006.000000 334.311920 46949.269531
1171.896500 47157.000000 281.047913 46962.882812
1173.740400 47182.000000 247.673019 46977.671875
1175.580900 47181.000000 232.231689 46993.769531
1177.422900 47337.000000 226.199020 47010.089844
1179.262700 47422.000000 230.544876 47027.371094
1181.100700 47219.000000 240.411453 47045.015625
1182.938600 47171.000000 257.562103 47063.730469
1184.774500 47435.000000 283.162476 47082.289062
1186.610200 47523.000000 318.056122 47101.617188
1188.444000 47240.000000 362.985657 47119.902344
1190.277500 47659.000000 413.414307 47137.683594
1192.110700 47984.000000 469.762756 47152.601562
1193.942000 47726.000000 525.941650 47168.769531
1195.771600 47722.000000 578.395142 47182.789062
1197.600700 47850.000000 621.881165 47197.035156
1199.428100 47745.000000 643.613647 47214.156250
1201.255200 48025.000000 638.725647 47232.375000
1203.082000 48235.000000 594.174683 47252.554688
1204.907000 47852.000000 524.837158 47276.972656
1206.730100 47726.000000 453.947754 47303.652344
1208.552900 47880.000000 393.902679 47330.582031
1210.373900 47915.000000 349.909851 47359.714844
1212.194600 47797.000000 323.452820 47389.769531
1214.015000 47847.000000 312.962646 47419.609375
1215.833500 47609.000000 318.167053 47449.675781
1217.650300 47854.000000 337.557922 47480.316406
1219.466700 47907.000000 372.629822 47510.992188
1221.281300 47893.000000 426.586823 47542.187500
1223.095600 48211.000000 499.998962 47573.957031
1224.909500 48440.000000 597.225586 47607.527344
1226.721700 48521.000000 712.768250 47643.269531
1228.532000 48512.000000 812.457458 47680.101562
1230.342000 48580.000000 845.154907 47715.484375
1232.151700 48586.000000 790.127808 47749.105469
1233.959700 48522.000000 685.051208 47780.242188
1235.765900 48497.000000 567.281433 47812.136719
1237.571700 48439.000000 458.916168 47844.980469
1239.377100 48393.000000 374.712097 47880.398438
1241.180800 48348.000000 313.332001 47916.835938
1242.982700 48142.000000 274.812408 47955.390625
1244.784200 48432.000000 251.784714 47994.027344
1246.585300 48306.000000 242.582474 48032.167969
1248.384900 48115.000000 243.308380 48069.679688
1250.182500 48101.000000 250.157394 48106.835938
1251.979700 48298.000000 264.487610 48144.082031
1253.776900 48657.000000 287.548462 48181.308594
1255.572000 48678.000000 321.801086 48220.597656
1257.365500 48469.000000 374.461060 48261.550781
1259.160000 48759.000000 451.192566 48304.347656
1260.951300 49184.000000 557.177856 48349.769531
1262.742300 48964.000000 698.729797 48395.773438
1264.533100 49388.000000 880.215515 48444.222656
1266.322000 49850.000000 1089.633057 48492.574219
1268.109000 49605.000000 1317.457397 48542.382812
1269.895800 50245.000000 1534.140869 48592.757812
1271.682400 50407.000000 1673.359985 48639.609375
1273.466900 50367.000000 1671.958984 48685.867188
1275.251500 50342.000000 1529.998901 48732.445312
1277.033900 49956.000000 1304.247803 48776.894531
1278.814700 49996.000000 1060.864990 48825.375000
1280.595200 49927.000000 837.449402 48874.484375
1282.375400 49447.000000 653.932861 48925.917969
1284.153800 49218.000000 512.177673 48979.324219
1285.931900 49516.000000 407.984680 49035.007812
1287.708100 49545.000000 333.754456 49092.839844
1289.482500 49343.000000 281.128082 49155.367188
1291.256800 49569.000000 244.107101 49218.914062
1293.030600 49364.000000 218.252121 49283.816406
1294.802900 49859.000000 198.040115 49348.960938
1296.574600 49850.000000 182.514282 49414.492188
1298.344600 49570.000000 170.488358 49479.957031
1300.114400 49445.000000 161.939789 49545.566406
1301.882300 49753.000000 156.533600 49612.355469
1303.648300 49887.000000 154.018021 49682.566406
1305.415800 50050.000000 154.757538 49753.199219
1307.179700 50132.000000 159.718857 49823.375000
1308.943500 50270.000000 168.669891 49893.839844
1310.707000 50138.000000 180.081802 49965.628906
1312.468600 50143.000000 193.535934 50037.875000
1314.230000 50343.000000 210.261627 50110.785156
1315.989500 50400.000000 234.124222 50183.917969
1317.748800 50600.000000 263.684448 50256.484375
1319.506200 50631.000000 300.700989 50328.707031
1321.263400 50875.000000 345.247650 50399.757812
1323.018900 50716.000000 401.232452 50470.351562
1324.774000 51037.000000 467.431000 50541.785156
1326.527300 51259.000000 541.849548 50612.832031
1328.278900 51402.000000 624.058777 50683.046875
1330.031700 51314.000000 705.147705 50752.550781
1331.781100 51721.000000 767.513611 50820.601562
1333.531900 51656.000000 795.234253 50887.925781
1335.279300 51647.000000 775.692688 50956.183594
1337.027800 51928.000000 718.263184 51024.351562
1338.773200 51813.000000 640.937744 51090.125000
1340.518300 51610.000000 557.283081 51153.093750
1342.263100 51776.000000 481.742035 51213.589844
1344.006000 51527.000000 415.580566 51271.539062
1345.748700 51946.000000 359.131348 51330.078125
1347.489500 51751.000000 311.613037 51387.375000
1349.230200 51727.000000 275.049133 51444.675781
1350.969100 51641.000000 246.385666 51500.027344
1352.707500 52183.000000 223.726074 51554.414062
1354.445900 51912.000000 207.326706 51607.957031
1356.180900 51929.000000 195.231094 51659.500000
1357.917000 51722.000000 187.303833 51707.652344
1359.649900 51800.000000 183.561874 51749.511719
1361.384200 51804.000000 183.740662 51785.703125
1363.115000 52183.000000 192.520309 51818.511719
1364.847000 51852.000000 211.895309 51847.925781
1366.577400 52108.000000 241.351807 51871.187500
1368.305900 52135.000000 284.468079 51888.250000
1370.034300 52342.000000 347.257019 51901.652344
1371.760600 52864.000000 431.850189 51912.292969
1373.486900 52438.000000 537.026245 51919.515625
1375.211300 52485.000000 652.612183 51927.515625
1376.935400 52787.000000 744.815979 51934.183594
1378.657800 52912.000000 766.315308 51941.679688
1380.380000 52765.000000 702.068848 51947.441406
1382.100200 52625.000000 586.094666 51950.984375
1383.820300 52509.000000 464.765289 51953.746094
1385.540200 52435.000000 360.289734 51955.132812
1387.256500 52317.000000 280.579834 51954.328125
1388.974200 52418.000000 221.372360 51951.093750
1390.690300 51920.000000 179.890640 51945.726562
1392.404400 52323.000000 151.392014 51938.300781
1394.118400 51862.000000 131.538055 51928.078125
1395.830400 52183.000000 117.378250 51916.273438
1397.542200 52181.000000 108.830116 51904.203125
1399.252300 52209.000000 101.514023 51892.832031
1400.962200 51841.000000 95.584717 51882.019531
1402.671800 52009.000000 90.992149 51871.718750
1404.379500 51927.000000 87.626480 51860.609375
1406.085600 52169.000000 85.632706 51849.089844
1407.791300 51936.000000 83.449677 51835.582031
1409.495200 51923.000000 82.633514 51821.136719
1411.199000 51935.000000 82.699448 51805.191406
1412.902500 52113.000000 83.151894 51788.453125
1414.604000 52056.000000 84.410141 51770.734375
1416.304000 52155.000000 85.999054 51751.976562
1418.003700 51895.000000 86.476822 51731.609375
1419.701500 51881.000000 86.449112 51710.398438
1421.399000 51779.000000 86.997849 51688.601562
1423.096400 51525.000000 89.556847 51666.558594
1424.792000 51801.000000 93.482681 51644.234375
1426.485700 51393.000000 99.521255 51622.101562
1428.179300 51499.000000 106.072281 51600.535156
1429.871100 51821.000000 113.807388 51579.082031
1431.562500 51898.000000 123.224014 51559.093750
1433.253900 51691.000000 135.833771 51540.402344
1434.943400 51670.000000 150.614746 51522.644531
1436.631000 51937.000000 166.289047 51503.812500
1438.318500 51715.000000 184.802948 51484.843750
1440.005600 51407.000000 207.014374 51465.828125
1441.691000 51305.000000 234.498871 51448.574219
1443.374800 51683.000000 267.176819 51432.039062
1445.058200 51835.000000 303.884338 51416.289062
1446.741300 51821.000000 343.944275 51400.199219
1448.422900 51782.000000 390.452179 51386.761719
1450.102400 51757.000000 444.341888 51375.773438
1451.781700 52255.000000 504.924255 51365.050781
1453.460900 51920.000000 572.624390 51355.542969
1455.138200 51628.000000 643.980896 51348.640625
1456.813800 52326.000000 716.567932 51344.265625
1458.489100 51938.000000 783.143982 51341.414062
1460.164300 51842.000000 837.613953 51338.960938
1461.837600 52410.000000 872.658875 51335.605469
1463.509200 52070.000000 880.486023 51331.980469
1465.180500 52046.000000 861.700684 51329.125000
1466.851600 52101.000000 818.268677 51325.496094
1468.520900 51871.000000 754.475952 51322.578125
1470.189900 52132.000000 681.061768 51320.492188
1471.857200 52124.000000 606.662720 51318.046875
1473.522800 51658.000000 535.630615 51315.843750
1475.188100 51704.000000 470.775452 51312.796875
1476.853100 51434.000000 413.164978 51307.429688
1478.516500 51566.000000 362.245148 51302.546875
1480.178000 51649.000000 316.853271 51298.128906
1481.839200 51279.000000 278.755463 51295.187500
1483.500400 51630.000000 245.854279 51293.660156
1485.159700 51338.000000 220.511017 51292.281250
1486.818600 51590.000000 196.029388 51291.484375
1488.476000 51006.000000 175.683304 51291.593750
1490.131500 51527.000000 160.136887 51292.179688
1491.788300 51153.000000 147.707092 51293.914062
1493.441800 51291.000000 138.339233 51296.464844
1495.095100 51239.000000 130.407715 51299.027344
1496.748000 51349.000000 123.893456 51302.269531
1498.399400 51710.000000 119.197433 51305.718750
1500.050400 51302.000000 117.884254 51309.492188
1501.699700 51567.000000 118.306229 51312.242188
1503.347300 51729.000000 117.602371 51314.773438
1504.996100 51534.000000 115.618103 51318.421875
1506.641600 51137.000000 112.946182 51322.035156
1508.287000 51508.000000 110.438637 51326.074219
1509.932000 51424.000000 109.946083 51331.921875
1511.575300 51173.000000 115.575111 51339.625000
1513.218500 51899.000000 125.010849 51348.546875
1514.859700 51542.000000 135.266663 51358.906250
1516.500900 51380.000000 147.013474 51370.910156
1518.140300 51671.000000 159.871750 51380.578125
1519.777800 51509.000000 179.757645 51388.574219
1521.416700 51741.000000 204.050720 51396.656250
1523.052200 51880.000000 231.387772 51403.761719
1524.689200 51824.000000 262.356628 51411.121094
1526.322800 51361.000000 299.252716 51418.742188
1527.956200 51779.000000 343.576843 51424.187500
1529.589400 51469.000000 395.319031 51428.488281
1531.220800 51818.000000 457.488220 51432.441406
1532.851900 52167.000000 528.872375 51435.750000
1534.481400 52317.000000 603.786987 51437.109375
1536.110600 52157.000000 680.158020 51437.140625
1537.738000 52056.000000 751.989929 51437.789062
1539.365200 52349.000000 812.798706 51437.187500
1540.990700 52307.000000 855.717590 51437.382812
1542.616000 52230.000000 872.739075 51438.468750
1544.239500 52149.000000 863.158081 51440.894531
1545.862700 52348.000000 834.087708 51443.593750
1547.484400 52473.000000 787.624939 51446.179688
1549.105600 52141.000000 727.494629 51446.765625
1550.725100 52383.000000 658.588867 51446.289062
1552.344500 52019.000000 587.373291 51443.218750
1553.962000 51780.000000 521.542603 51439.949219
1555.579300 51869.000000 460.467773 51436.125000
1557.195100 51574.000000 404.150085 51431.515625
1558.810400 52005.000000 355.877380 51425.890625
1560.424100 51967.000000 313.238220 51422.308594
1562.037500 51771.000000 273.271240 51420.687500
1563.649200 51746.000000 243.145050 51420.480469
1565.260600 51406.000000 217.435959 51422.152344
1566.870500 51554.000000 195.869385 51425.445312
1568.479900 51724.000000 177.577927 51430.218750
1570.089100 51847.000000 167.856903 51436.632812
1571.695200 51203.000000 161.725891 51444.257812
1573.302500 51807.000000 159.007416 51454.105469
1574.906500 51510.000000 158.161636 51466.710938
1576.511800 51408.000000 152.360992 51481.585938
1578.115500 52053.000000 142.605423 51496.808594
1579.717400 51893.000000 134.255280 51514.140625
1581.319100 51784.000000 126.463295 51533.984375
1582.919100 52247.000000 118.661438 51555.039062
1584.518700 51527.000000 108.979935 51576.722656
1586.116600 51627.000000 100.079155 51600.527344
1587.714500 51808.000000 93.619560 51625.140625
1589.310500 51897.000000 85.549004 51650.046875
1590.906300 51730.000000 79.106544 51674.339844
1592.501800 51874.000000 75.165474 51698.980469
1594.095700 51845.000000 71.191483 51723.730469
1595.687900 51741.000000 66.897858 51748.937500
1597.279700 51687.000000 62.568867 51774.472656
1598.869900 51832.000000 59.091774 51800.269531
1600.459700 51909.000000 56.238060 51826.597656
1602.048100 51821.000000 52.977669 51853.632812
1603.636000 51715.000000 49.224106 51881.328125
1605.223900 52080.000000 45.921406 51909.175781
1606.809800 51657.000000 42.965019 51937.546875
1608.394200 51774.000000 40.529858 51965.996094
1609.978300 51764.000000 38.628193 51994.851562
1611.560700 51894.000000 36.708916 52022.988281
1613.142900 52189.000000 34.900364 52049.027344
1614.724700 52239.000000 34.025200 52074.851562
1616.304900 52199.000000 33.042030 52100.289062
1617.883500 52071.000000 31.725271 52126.421875
1619.461800 52382.000000 29.962742 52151.976562
1621.038300 52407.000000 28.092625 52177.500000
1622.614700 52447.000000 26.451859 52203.464844
1624.190800 52311.000000 25.242895 52227.570312
1625.765300 52276.000000 24.101572 52250.960938
1627.337900 52566.000000 23.504429 52272.886719
1628.910400 52194.000000 22.955193 52293.148438
1630.482700 52583.000000 22.551945 52311.812500
1632.053200 52520.000000 22.038511 52328.007812
1633.622100 52467.000000 21.074661 52342.433594
1635.190600 52063.000000 19.710094 52355.050781
1636.759000 52755.000000 18.681595 52364.250000
1638.325700 52807.000000 18.106766 52370.695312
1639.890700 52845.000000 17.925777 52374.984375
1641.455400 52663.000000 17.377964 52377.296875
1643.019900 52499.000000 16.287167 52377.027344
1644.582800 52604.000000 15.099260 52375.386719
1646.143900 52492.000000 14.135060 52373.125000
1647.704700 52681.000000 13.168948 52371.343750
1649.265500 52654.000000 12.483858 52366.792969
1650.824500 52516.000000 12.145539 52359.003906
1652.381600 52607.000000 12.175327 52349.667969
1653.938700 52689.000000 12.444780 52338.136719
1655.495500 52439.000000 12.762251 52324.074219
1657.050700 52372.000000 13.058090 52305.500000
1658.604100 52259.000000 13.402638 52282.890625
1660.157200 52440.000000 13.270114 52256.875000
1661.710200 52507.000000 12.762985 52225.710938
1663.261500 52133.000000 12.284864 52188.562500
1664.811200 52239.000000 11.880217 52147.046875
1666.361900 52132.000000 11.586841 52100.746094
1667.909700 52295.000000 11.491828 52053.726562
1669.457200 52364.000000 11.368988 52004.417969
1671.004300 51931.000000 11.258197 51954.980469
1672.549900 51718.000000 11.089540 51905.121094
1674.093600 51690.000000 11.082178 51854.550781
1675.637300 51711.000000 11.138862 51803.718750
1677.180800 51817.000000 11.008108 51750.632812
1678.722400 51814.000000 11.077684 51696.789062
1680.263900 51724.000000 11.175952 51641.816406
1681.803700 51247.000000 11.086244 51585.894531
1683.341800 51615.000000 10.859851 51530.644531
1684.881200 51466.000000 10.509577 51476.367188
1686.417500 51386.000000 10.205717 51420.570312
1687.953400 51288.000000 9.834316 51364.113281
1689.489100 51375.000000 9.694285 51305.500000
1691.023200 51426.000000 9.492345 51246.945312
1692.557100 51141.000000 9.372132 51188.386719
1694.089200 51116.000000 9.023552 51129.750000
1695.619800 51002.000000 8.521757 51070.796875
1697.151500 50800.000000 8.100058 51012.609375
1698.680200 50980.000000 7.811820 50955.726562
1700.208500 50898.000000 7.541295 50899.718750
1701.736600 50683.000000 7.446742 50843.453125
1703.263100 51044.000000 7.427087 50787.328125
1704.789300 50726.000000 7.574202 50731.160156
1706.314000 50839.000000 7.711835 50675.632812
1707.838100 50820.000000 7.679857 50619.527344
1709.361000 50329.000000 7.749917 50562.687500
1710.883300 50574.000000 7.833979 50505.605469
1712.404100 50671.000000 7.645233 50448.828125
1713.923100 50497.000000 7.340716 50392.500000
1715.443500 50435.000000 7.017120 50335.304688
1716.960700 49933.000000 6.767639 50276.636719
1718.479100 50422.000000 6.467195 50217.238281
1719.994500 50336.000000 6.135952 50158.269531
1721.509600 50011.000000 5.975683 50100.582031
1723.024400 49816.000000 5.967938 50043.257812
1724.537600 49999.000000 5.816824 49985.535156
1726.050700 50109.000000 5.619737 49928.394531
1727.561900 50102.000000 5.449551 49871.519531
1729.073000 49959.000000 5.424849 49815.187500
1730.582400 49803.000000 5.582807 49758.367188
1732.091700 50198.000000 5.765976 49702.121094
1733.599200 49391.000000 6.358132 49646.101562
1735.106600 49766.000000 6.980296 49589.144531
1736.612100 49397.000000 7.226174 49531.140625
1738.117600 49393.000000 7.169572 49473.437500
1739.621300 49434.000000 7.230153 49415.921875
1741.125000 49131.000000 7.389648 49359.394531
1742.626800 49170.000000 7.601678 49304.257812
1744.128400 48965.000000 7.819704 49251.765625
1745.628500 49476.000000 8.107297 49201.375000
1747.128300 49307.000000 8.278902 49152.570312
1748.626300 49087.000000 8.414850 49105.406250
1750.124300 49008.000000 8.495384 49060.281250
1751.620500 48911.000000 8.663899 49016.992188
1753.116600 48912.000000 8.814426 48976.148438
1754.612400 49011.000000 8.702685 48936.269531
1756.105100 48939.000000 8.434778 48895.984375
1757.599100 49038.000000 8.041555 48856.265625
1759.091300 48940.000000 7.581439 48816.179688
1760.582000 48602.000000 7.135549 48776.046875
1762.072400 48793.000000 6.800992 48736.949219
1763.561000 48508.000000 6.531564 48698.808594
1765.049600 48369.000000 6.336141 48661.902344
1766.536500 48773.000000 6.171764 48623.550781
1768.023200 48522.000000 6.156413 48583.953125
1769.508100 48494.000000 6.143581 48544.277344
1770.992900 48381.000000 6.157475 48506.933594
1772.477500 48612.000000 6.054332 48471.191406
1773.959000 48550.000000 5.924369 48434.957031
1775.441700 48436.000000 5.689242 48399.675781
1776.922700 48148.000000 5.477338 48367.023438
1778.402100 48635.000000 5.423888 48335.273438
1779.881300 48309.000000 5.493771 48303.898438
1781.358900 48111.000000 5.662494 48273.421875
1782.836200 48288.000000 5.839829 48244.664062
1784.311900 48335.000000 5.905711 48216.980469
1785.787400 48350.000000 5.903378 48188.964844
1787.262600 48049.000000 5.994536 48161.113281
1788.736200 48288.000000 6.149675 48133.144531
1790.208300 48160.000000 6.314886 48105.515625
1791.679800 48291.000000 6.410259 48077.527344
1793.150000 48146.000000 6.428487 48049.074219
1794.619900 48041.000000 6.435420 48021.316406
1796.089600 48060.000000 6.347481 47994.378906
1797.557600 47933.000000 6.251050 47967.734375
1799.023900 47902.000000 6.147855 47941.308594
1800.490100 48021.000000 6.013833 47914.718750
1801.954600 47926.000000 5.830935 47888.433594
1803.418900 47942.000000 5.639691 47861.371094
1804.883100 47558.000000 5.429393 47835.445312
1806.345500 47887.000000 5.362267 47811.035156
1807.806400 47824.000000 5.488917 47786.804688
1809.266800 47673.000000 5.688011 47763.179688
1810.727400 47509.000000 5.879326 47740.886719
1812.186000 47784.000000 6.030260 47719.730469
1813.643300 47588.000000 5.989083 47699.039062
1815.100100 47939.000000 5.914122 47677.488281
1816.556800 47444.000000 5.807795 47656.328125
1818.010400 47615.000000 5.721113 47637.429688
1819.465300 47744.000000 5.623443 47621.007812
1820.918500 47796.000000 5.435673 47604.386719
1822.370100 47298.000000 5.143359 47589.312500
1823.821400 47968.000000 4.876614 47575.242188
1825.272600 47596.000000 4.567631 47560.410156
1826.722200 47382.000000 4.355052 47546.976562
1828.169900 47454.000000 4.140785 47534.464844
1829.617600 47473.000000 4.018215 47521.789062
1831.065200 47504.000000 3.996964 47510.375000
1832.511000 47283.000000 4.011736 47499.335938
1833.956500 47539.000000 4.005639 47488.480469
1835.400500 47553.000000 3.999997 47477.859375
1836.842900 47794.000000 4.036682 47467.746094
1838.285200 47423.000000 4.089255 47458.953125
1839.727100 47109.000000 4.179808 47450.437500
1841.167400 47385.000000 4.369572 47441.828125
1842.606100 47456.000000 4.491281 47433.179688
1844.044400 47237.000000 4.529967 47424.652344
1845.482800 47197.000000 4.502985 47417.394531
1846.919400 47390.000000 4.435300 47411.042969
1848.356000 47217.000000 4.393965 47406.105469
1849.790800 47416.000000 4.505169 47402.101562
1851.224000 47433.000000 4.724750 47397.378906
1852.656900 47060.000000 4.919830 47395.320312
1854.089700 47371.000000 5.039840 47396.277344
1855.520800 47427.000000 5.130805 47399.367188
1856.951800 47077.000000 5.114840 47404.996094
1858.381100 47373.000000 4.993725 47414.355469
1859.808700 47642.000000 4.753205 47424.082031
1861.236300 47683.000000 4.480670 47435.015625
1862.663500 47404.000000 4.309257 47446.570312
1864.089100 47231.000000 4.109174 47458.250000
1865.514600 47446.000000 3.979422 47473.433594
1866.938500 47397.000000 3.960232 47489.421875
1868.360700 47559.000000 3.987571 47507.375000
1869.784200 47434.000000 4.031847 47525.472656
1871.204500 47435.000000 3.963094 47542.921875
1872.624600 47278.000000 3.846378 47560.027344
1874.044700 47579.000000 3.638805 47576.746094
1875.463000 47555.000000 3.479062 47592.921875
1876.881200 47515.000000 3.332978 47608.582031
1878.297700 47573.000000 3.305735 47622.937500
1879.714100 47662.000000 3.365956 47635.656250
1881.128800 47543.000000 3.462434 47644.347656
1882.541900 47808.000000 3.541506 47648.222656
1883.956200 48006.000000 3.659049 47650.273438
1885.367400 47993.000000 4.115834 47651.140625
1886.778600 47798.000000 4.927858 47647.160156
1888.189500 48100.000000 5.681026 47643.738281
