Raman_Shift Original_Spectrum Predicted_Raman Predicted_Baseline
294.894650	50841.000000	40.472463	51039.537038
297.232540	50640.000000	42.633815	51030.508577
299.568300	50785.000000	44.864244	51029.102090
301.905240	50842.000000	48.117537	51034.804033
304.238400	51159.000000	51.148611	51041.066729
306.571040	50943.000000	54.778866	51050.001348
308.903260	51664.000000	59.113867	51060.281426
311.233340	51644.000000	64.234755	51070.521781
313.562930	51611.000000	69.634022	51084.348302
315.890440	51536.000000	75.091203	51102.333835
318.215790	51358.000000	80.639820	51125.587217
320.540680	51365.000000	86.427501	51148.677669
322.865110	51435.000000	92.868059	51172.864871
325.187410	51057.000000	100.803639	51199.394107
327.509250	51423.000000	110.413335	51233.688095
329.828920	51460.000000	121.059600	51277.542511
332.148160	51349.000000	133.492876	51326.895065
334.465270	51433.000000	148.309585	51381.988712
336.781950	51519.000000	166.040585	51443.582827
339.096470	51195.000000	187.978228	51512.337763
341.408870	51450.000000	213.291900	51584.150355
343.722530	51402.000000	241.878386	51660.385062
346.032350	51855.000000	275.025502	51738.145430
348.341740	51678.000000	311.945319	51817.883401
350.650670	52298.000000	351.687502	51897.143523
352.957460	52326.000000	394.121218	51974.962039
355.263760	52619.000000	433.320279	52052.408063
357.568020	52449.000000	475.682966	52129.836240
359.871800	52834.000000	516.769601	52208.329502
362.173430	52837.000000	556.287397	52287.457784
364.474640	53297.000000	593.983718	52365.359204
366.773710	53262.000000	623.292176	52439.821265
369.072360	53016.000000	644.783707	52513.100219
371.368870	53099.000000	658.670392	52583.597863
373.664920	53237.000000	659.080521	52653.994756
375.958890	53471.000000	652.645325	52725.982943
378.252380	53523.000000	638.913797	52798.719568
380.543790	53503.000000	619.384180	52873.103331
382.834750	53542.000000	599.540112	52946.529669
385.123570	53460.000000	576.329298	53021.208202
387.411960	53368.000000	549.355497	53092.451981
389.698210	53575.000000	520.604481	53160.565563
391.984070	53515.000000	495.902476	53217.748502
394.267790	53307.000000	474.344558	53266.930643
396.551060	53121.000000	456.308650	53311.682608
398.832210	53316.000000	441.357960	53352.905978
401.112950	53458.000000	426.090732	53385.331175
403.391570	53639.000000	409.089179	53411.109670
405.669770	53567.000000	394.365360	53433.477593
407.945860	53774.000000	378.770726	53452.142476
410.221470	53710.000000	361.209644	53465.981664
412.495030	53665.000000	338.831610	53477.023998
414.768100	53805.000000	310.285839	53486.300019
417.039090	53748.000000	275.572905	53493.516109
419.309630	53670.000000	242.211963	53491.455027
421.579740	53583.000000	214.803331	53481.977504
423.846100	53695.000000	192.708570	53469.817119
426.113680	53679.000000	175.268102	53455.368818
428.377470	53916.000000	160.913841	53436.959555
430.642520	53752.000000	150.085685	53420.452475
432.905460	53945.000000	140.551759	53404.700741
435.166320	54042.000000	130.551660	53392.697529
437.426700	53787.000000	120.424543	53383.560832
439.685060	53954.000000	112.875344	53379.596415
441.942900	53675.000000	104.722834	53373.723483
444.198730	53865.000000	95.142275	53367.586870
446.454070	53861.000000	87.889788	53360.792783
448.708980	53392.000000	85.597851	53355.284282
450.961820	53810.000000	85.502299	53348.512649
453.212550	53505.000000	86.405390	53343.132533
455.462890	53379.000000	89.937764	53335.682125
457.711120	53333.000000	96.800460	53327.304229
459.958920	53369.000000	103.882767	53316.062120
462.204590	53316.000000	111.724738	53304.606418
464.449890	53249.000000	120.024075	53288.216209
466.694760	53444.000000	126.760860	53267.090693
468.937500	53031.000000	137.204641	53239.779052
471.178160	53070.000000	151.436156	53205.023335
473.418460	53202.000000	169.102739	53167.093667
475.656620	53017.000000	192.673847	53123.496023
477.894380	53236.000000	223.701697	53078.232241
480.131680	53167.000000	263.794188	53033.103754
482.366910	53132.000000	312.286830	52979.895595
484.600040	53132.000000	368.750117	52921.736233
486.832790	53163.000000	431.658136	52858.369472
489.063450	53312.000000	499.098629	52791.642802
491.293670	53289.000000	564.864672	52718.594136
493.523500	52876.000000	618.185529	52641.822857
495.751190	53168.000000	647.491900	52563.930073
497.976840	53157.000000	635.682490	52485.711431
500.202090	53169.000000	574.014790	52402.015376
502.426910	52893.000000	483.993394	52314.222489
504.649660	52636.000000	393.868476	52225.443968
506.870270	52655.000000	315.798982	52139.203225
509.090550	52331.000000	255.296344	52053.456452
511.310360	52357.000000	213.872587	51969.623376
513.528140	52232.000000	182.928325	51883.270943
515.743770	51982.000000	157.656015	51793.708865
517.959110	52165.000000	137.391004	51704.573972
520.173890	52006.000000	119.476483	51618.304443
522.386660	51756.000000	106.042208	51531.997493
524.597410	51585.000000	97.829787	51450.268102
526.807740	51477.000000	91.780242	51372.567609
529.017580	51343.000000	88.627107	51299.708356
531.225400	51680.000000	85.826214	51229.606232
533.431210	51055.000000	82.634775	51163.844470
535.636470	51321.000000	80.215568	51100.201363
537.841430	50962.000000	76.545255	51040.222146
540.044310	51069.000000	74.135231	50982.640808
542.245120	51231.000000	71.796845	50928.944437
544.445500	51087.000000	70.094410	50879.480194
546.645450	50818.000000	67.338181	50835.253862
548.843380	50695.000000	64.467086	50793.092067
551.040830	50780.000000	60.991321	50751.627470
553.236330	50602.000000	58.180592	50711.943579
555.429690	50739.000000	56.167331	50674.635114
557.622680	50604.000000	54.247894	50641.418300
559.815250	50888.000000	52.287262	50609.912529
562.005800	50594.000000	50.115412	50582.640037
564.195920	50315.000000	47.719350	50558.219668
566.383910	50263.000000	45.709651	50536.460859
568.569950	50501.000000	44.214507	50518.304337
570.755550	50625.000000	43.926876	50502.787498
572.940730	50687.000000	43.631648	50490.646688
575.123900	50391.000000	43.437211	50480.409212
577.306640	50374.000000	42.738457	50471.017471
579.487300	50347.000000	43.177768	50463.578577
581.665950	50379.000000	45.394987	50456.936481
583.844120	50608.000000	48.177241	50450.265598
586.021970	50556.000000	51.990356	50443.168107
588.197750	50509.000000	55.931600	50434.885781
590.373170	50715.000000	60.589805	50426.436495
592.546450	50620.000000	66.051597	50417.326282
594.719420	50466.000000	73.097957	50406.381821
596.890260	50639.000000	81.101630	50392.007788
599.059140	50274.000000	91.153282	50375.794326
601.229190	50263.000000	105.058723	50358.278582
603.395570	50544.000000	125.510690	50341.833680
605.561580	50466.000000	167.913748	50322.879784
607.727170	50647.000000	223.714722	50301.913167
609.890750	50635.000000	288.376946	50280.750229
612.053960	50637.000000	350.659588	50260.457782
614.215030	50686.000000	380.052029	50241.204512
616.375790	50755.000000	364.497588	50223.685889
618.534480	50439.000000	315.715754	50207.496032
620.692750	50595.000000	258.952804	50190.838112
622.849000	50684.000000	210.124318	50172.129474
625.004820	50063.000000	171.108570	50151.956201
627.158750	50460.000000	142.544627	50130.930285
629.310490	50386.000000	122.645244	50111.079416
631.463560	50382.000000	107.374202	50091.989074
633.612920	50002.000000	95.387946	50072.297104
635.763490	50368.000000	86.865112	50050.264251
637.910460	49968.000000	82.175782	50028.497958
640.058650	50028.000000	79.736055	50006.653941
642.203190	50092.000000	78.907592	49985.325196
644.348880	50187.000000	78.553595	49965.415603
646.491030	50238.000000	78.222169	49947.463463
648.634400	49916.000000	78.820514	49932.554585
650.774050	49847.000000	77.345120	49919.490318
652.914980	50085.000000	76.654012	49907.364477
655.052250	50159.000000	76.227636	49896.341717
657.190730	50052.000000	72.026041	49887.761168
659.325620	49676.000000	67.294700	49881.755243
661.461730	49767.000000	62.758129	49876.711349
663.594180	49645.000000	58.642721	49874.436675
665.727910	49764.000000	54.434257	49875.871948
667.857910	50026.000000	50.462126	49879.653861
669.989200	49701.000000	46.806346	49882.747787
672.118470	50098.000000	42.947839	49885.586093
674.245670	49779.000000	40.766332	49887.801468
676.372560	49893.000000	38.613945	49889.492361
678.497380	50159.000000	36.284851	49891.650740
680.621830	50181.000000	34.032359	49892.504535
682.744320	49850.000000	32.210712	49889.053662
684.866390	49838.000000	31.029233	49882.480076
686.986450	49820.000000	29.950160	49875.040030
689.106080	49979.000000	29.219230	49867.908571
691.223750	49749.000000	51.679214	49859.790326
693.341000	49917.000000	84.413556	49850.125117
695.457820	49767.000000	120.480037	49840.305615
697.571110	49847.000000	154.250156	49829.993872
699.685610	49831.000000	184.797962	49818.216917
701.798100	49991.000000	207.330685	49805.513628
703.908570	50142.000000	227.490356	49793.734946
706.018620	50080.000000	245.564172	49784.113493
708.126770	49728.000000	259.148549	49779.471452
710.234380	50020.000000	271.191828	49777.873250
712.340150	49836.000000	279.812229	49778.204290
714.445430	50054.000000	288.544067	49779.668349
716.550350	50085.000000	296.586119	49780.071929
718.653260	49960.000000	294.406907	49779.192227
720.754270	49965.000000	288.535233	49778.265892
722.854800	49932.000000	282.391082	49776.406312
724.953370	49841.000000	275.961661	49774.308960
727.051570	49840.000000	270.205078	49771.920292
729.149350	49972.000000	260.602911	49768.913876
731.243530	49912.000000	250.298742	49766.373793
733.338990	49930.000000	234.495229	49764.471610
735.432370	49869.000000	211.181450	49763.951158
737.523800	50077.000000	187.833506	49764.524577
739.614870	49892.000000	166.165805	49766.625959
741.705570	49732.000000	145.380477	49766.951242
743.792600	49655.000000	125.524237	49765.657596
745.880920	49783.000000	107.081519	49763.359893
747.967220	49979.000000	88.447347	49759.402385
750.051570	49676.000000	71.611278	49753.552481
752.135500	49829.000000	66.106866	49744.430753
754.219120	49751.000000	60.981737	49735.629702
756.300720	49877.000000	56.947496	49727.233959
758.380310	49658.000000	57.076975	49719.206677
760.459530	49663.000000	55.952928	49711.003225
762.538390	49151.000000	54.177629	49705.176350
764.615300	49896.000000	51.731250	49700.157788
766.690190	50026.000000	50.341067	49695.815698
768.764710	49789.000000	52.870674	49690.380889
770.838810	50014.000000	54.774139	49684.060046
772.909360	49620.000000	56.258380	49677.211841
774.981140	49600.000000	51.166085	49667.231137
777.050960	49675.000000	45.324934	49656.102445
779.120420	49836.000000	40.027556	49644.085991
781.187870	49767.000000	36.427875	49631.961877
783.253420	49513.000000	35.132155	49618.903367
785.318480	49593.000000	35.940922	49606.036573
787.383240	49624.000000	37.114775	49594.082872
789.445980	49522.000000	38.650197	49582.315705
791.506770	49363.000000	45.180495	49568.454640
793.567260	49642.000000	51.723460	49554.338530
795.627260	49686.000000	58.144416	49540.235087
797.685360	49721.000000	65.002970	49527.081007
799.741520	49540.000000	70.931833	49514.003499
801.797240	49623.000000	77.628969	49499.491293
803.852600	49607.000000	84.952107	49482.923186
805.906010	49166.000000	94.171915	49465.509921
807.959050	49764.000000	100.499703	49448.383941
810.010130	49523.000000	108.757372	49432.553909
812.059200	49476.000000	119.228635	49416.234514
814.107970	49763.000000	134.652829	49398.884002
816.156370	49556.000000	158.440417	49380.110883
818.202760	49673.000000	197.555909	49359.239836
820.247190	49518.000000	257.996423	49336.007180
822.292850	49542.000000	338.932110	49313.507417
824.335020	50023.000000	391.072450	49292.098646
826.376770	49663.000000	368.176339	49270.824018
828.418090	49839.000000	299.235643	49249.787739
830.457520	49436.000000	223.538138	49229.464778
832.496640	49627.000000	169.668277	49207.088220
834.533690	49652.000000	140.236479	49182.563070
836.568910	49169.000000	124.983896	49155.017110
838.603700	49118.000000	120.122712	49125.804438
840.638060	49213.000000	126.581217	49091.338884
842.670530	49348.000000	141.123387	49053.165110
844.702640	49203.000000	161.152766	49014.894615
846.732790	49451.000000	186.983796	48976.566547
848.762570	49524.000000	221.814482	48942.717591
850.790470	49247.000000	267.816176	48912.713878
852.816350	49261.000000	323.128705	48882.076871
854.843440	49107.000000	386.214010	48852.827928
856.867070	49651.000000	421.725145	48823.186343
858.890200	49327.000000	416.519977	48793.080151
860.913150	49204.000000	374.616717	48759.243860
862.934020	48888.000000	317.419997	48724.648194
864.954530	49001.000000	263.941698	48687.707615
866.973140	48908.000000	218.108744	48643.740358
868.991390	48582.000000	181.237540	48597.155872
871.007690	49034.000000	155.090061	48548.020365
873.023620	48870.000000	134.470946	48495.879593
875.037660	48404.000000	118.440284	48439.481074
877.051270	48528.000000	106.790780	48381.164540
879.062990	48544.000000	99.385664	48323.661788
881.074340	48370.000000	95.386686	48264.702749
883.083740	48334.000000	93.442602	48204.260940
885.092770	48294.000000	91.415424	48141.764670
887.099850	48216.000000	88.903876	48077.489709
889.104980	48181.000000	86.380598	48014.988257
891.111450	47716.000000	80.262192	47951.516139
893.114260	47757.000000	74.660982	47885.725016
895.118410	47801.000000	69.343301	47818.899321
897.119020	47877.000000	64.723552	47752.391425
899.120790	47757.000000	60.237869	47685.692678
901.119080	47555.000000	56.422380	47618.982703
903.118650	47636.000000	53.242446	47553.301255
905.114620	47645.000000	51.297930	47489.047595
907.111880	47264.000000	50.821745	47423.942156
909.107180	47244.000000	50.757188	47358.314538
911.100520	47470.000000	50.892986	47290.977028
913.093630	47020.000000	50.929499	47223.259829
915.084660	47090.000000	50.280032	47155.637336
917.075380	47216.000000	49.754812	47090.467129
919.064210	47088.000000	49.475758	47028.172361
921.052730	46980.000000	53.891104	46970.289345
923.039310	47037.000000	60.903524	46914.486986
925.025450	47069.000000	72.261398	46858.872312
927.009770	46679.000000	86.652689	46802.944445
928.993650	46670.000000	108.386527	46747.085377
930.975590	47001.000000	138.876518	46689.429771
932.957280	46633.000000	169.810930	46629.132756
934.937010	46755.000000	189.994728	46569.008170
936.916380	46818.000000	186.083601	46508.566648
938.895390	46634.000000	163.016034	46449.183591
940.870970	46323.000000	135.577743	46391.937035
942.847660	46447.000000	113.202300	46334.326335
944.822510	46269.000000	95.733226	46277.676514
946.795470	46109.000000	79.321185	46222.926861
948.768010	46131.000000	67.448404	46169.190190
950.738710	46023.000000	58.949229	46117.677818
952.708980	46004.000000	54.222400	46071.788803
954.677310	46152.000000	52.476629	46030.171352
956.645390	46052.000000	51.419281	45990.577561
958.613160	46147.000000	50.654885	45952.121684
960.578920	45988.000000	50.569368	45915.510129
962.542720	46054.000000	51.822969	45880.023534
964.506290	45887.000000	53.124347	45845.134538
966.467960	45746.000000	54.365184	45811.781854
968.429260	45862.000000	56.452160	45776.611617
970.390140	45746.000000	58.683264	45740.828238
972.347660	45723.000000	61.037896	45702.478005
974.306270	45847.000000	63.613435	45662.565553
976.263060	45760.000000	69.074794	45620.145834
978.218020	45289.000000	77.586231	45576.484645
980.172490	45524.000000	92.239137	45532.648940
982.125120	45497.000000	114.245615	45489.860472
984.077390	45936.000000	151.629239	45448.041087
986.029360	45557.000000	205.306844	45407.779604
987.979370	45719.000000	259.919638	45369.265003
989.927490	45673.000000	292.602794	45334.936471
991.875310	45541.000000	283.855465	45303.082821
993.822750	45471.000000	245.007953	45272.740151
995.768370	45525.000000	208.036357	45242.011317
997.711980	45598.000000	180.643683	45210.731805
999.655270	45070.000000	160.579995	45180.080980
1001.596700	45276.000000	145.297915	45149.549042
1003.537700	45273.000000	134.066627	45118.331420
1005.478600	44847.000000	127.236675	45088.105910
1007.417400	45210.000000	122.046116	45061.871588
1009.354300	45317.000000	121.369284	45035.777021
1011.291000	45028.000000	122.497005	45009.377323
1013.227200	44874.000000	125.447001	44982.551878
1015.161600	45196.000000	131.299495	44958.372017
1017.094100	45011.000000	140.538445	44937.116244
1019.026200	45100.000000	151.585016	44918.358598
1020.958000	45172.000000	164.712180	44902.172482
1022.888000	44821.000000	179.931030	44891.277245
1024.816000	44940.000000	195.451990	44883.784233
1026.743800	44764.000000	214.141755	44875.066230
1028.671100	45073.000000	236.455506	44867.152221
1030.596600	45066.000000	262.534312	44860.589071
1032.521700	45163.000000	292.358220	44854.302266
1034.444900	45302.000000	323.415594	44849.528026
1036.366300	45240.000000	356.957223	44844.084581
1038.287400	45498.000000	390.599423	44838.548158
1040.208100	45322.000000	423.120226	44833.327086
1042.127000	45161.000000	455.966239	44828.681231
1044.043800	45284.000000	490.024254	44823.874390
1045.960400	45332.000000	528.895083	44816.004496
1047.876700	45568.000000	568.988204	44807.212513
1049.791000	45274.000000	608.205760	44799.172566
1051.705100	45375.000000	644.850779	44791.694954
1053.617300	45575.000000	677.511230	44784.633876
1055.527600	45307.000000	705.439325	44777.262198
1057.437500	45507.000000	729.005755	44769.399860
1059.347300	45649.000000	746.716812	44762.073807
1061.255000	45563.000000	753.295507	44759.326321
1063.162500	45373.000000	751.140654	44759.322003
1065.068000	45496.000000	741.058336	44760.458621
1066.971700	45367.000000	725.122371	44761.283054
1068.875000	45338.000000	704.718738	44761.977805
1070.778100	45669.000000	679.220331	44763.832492
1072.679200	45638.000000	651.194292	44765.573473
1074.580000	45426.000000	620.354918	44766.828689
1076.479000	45323.000000	590.525756	44766.098386
1078.377600	45365.000000	557.705686	44763.600620
1080.274400	45607.000000	523.777856	44757.564902
1082.169200	45587.000000	489.576847	44751.580423
1084.065300	45201.000000	458.678534	44742.791750
1085.958000	45041.000000	432.515889	44731.728403
1087.850300	44897.000000	406.576480	44720.460674
1089.742400	45249.000000	382.693475	44710.798848
1091.632600	45161.000000	360.869393	44703.585348
1093.522500	44958.000000	340.155949	44698.036403
1095.410400	44978.000000	324.514898	44692.390592
1097.298100	44980.000000	313.010620	44685.978928
1099.183800	44913.000000	306.975226	44677.062661
1101.069300	45229.000000	304.579326	44668.247649
1102.952900	44756.000000	304.510095	44658.051697
1104.834600	44686.000000	306.187387	44643.951492
1106.717700	45102.000000	310.066453	44630.208234
1108.597200	44857.000000	316.752916	44617.935584
1110.477900	44697.000000	322.671834	44606.390213
1112.355300	44821.000000	325.838085	44597.328433
1114.232300	44825.000000	329.494383	44592.873358
1116.109100	44992.000000	327.170268	44589.604124
1117.984000	44819.000000	322.782732	44586.255082
1119.858500	44693.000000	313.736100	44582.491664
1121.731300	44810.000000	298.294087	44585.996799
1123.603600	44836.000000	276.256520	44594.901624
1125.474100	44948.000000	247.859141	44603.763485
1127.344400	45069.000000	212.182899	44613.431644
1129.212600	44747.000000	177.398037	44619.372440
1131.080700	44656.000000	161.537491	44624.196768
1132.946900	44493.000000	149.098305	44631.861705
1134.812700	44525.000000	139.587408	44643.757762
1136.676800	44511.000000	131.144455	44652.225254
1138.540400	44383.000000	120.137375	44658.129060
1140.402300	44865.000000	112.911948	44661.493215
1142.263800	44629.000000	109.426567	44663.259960
1144.123400	44657.000000	109.066417	44666.592378
1145.982800	44442.000000	115.993577	44667.521017
1147.841800	44489.000000	126.866244	44670.348384
1149.697500	44994.000000	141.587535	44677.019842
1151.554400	44638.000000	154.446602	44687.260844
1153.407800	44719.000000	169.606171	44699.560553
1155.262600	44868.000000	190.939001	44712.541484
1157.115500	45032.000000	217.460878	44723.902983
1158.966400	44818.000000	251.634289	44736.716596
1160.817100	44937.000000	289.204743	44749.745672
1162.666000	45133.000000	310.866885	44763.551755
1164.514500	45046.000000	306.160184	44779.608334
1166.361300	44869.000000	274.249286	44801.045315
1168.207600	45086.000000	227.966010	44826.712624
1170.052200	44822.000000	185.719530	44854.456848
1171.896500	44918.000000	149.602025	44880.934125
1173.740400	45072.000000	120.636445	44906.331636
1175.580900	45069.000000	100.435177	44932.168280
1177.422900	45208.000000	83.471874	44959.754756
1179.262700	45160.000000	69.767625	44988.265192
1181.100700	44766.000000	58.278019	45013.194643
1182.938600	44983.000000	51.388030	45036.020407
1184.774500	44937.000000	45.894187	45058.144944
1186.610200	45317.000000	42.503504	45080.012996
1188.444000	44851.000000	40.054687	45103.272135
1190.277500	45292.000000	38.919994	45126.146405
1192.110700	45405.000000	37.518421	45149.146325
1193.942000	45345.000000	36.132984	45172.743125
1195.771600	45211.000000	34.776645	45198.707290
1197.600700	45102.000000	33.740383	45226.740886
1199.428100	45079.000000	32.610280	45255.655047
1201.255200	45332.000000	31.313905	45286.617912
1203.082000	45599.000000	30.006259	45318.965099
1204.907000	45167.000000	28.861705	45352.906747
1206.730100	45241.000000	27.696592	45386.017484
1208.552900	45426.000000	26.876980	45418.615110
1210.373900	45539.000000	25.532782	45448.860051
1212.194600	45575.000000	23.908865	45477.971252
1214.015000	45618.000000	22.060876	45506.240606
1215.833500	45433.000000	20.332114	45534.800123
1217.650300	45758.000000	19.321871	45564.313610
1219.466700	45671.000000	19.160678	45594.406200
1221.281300	45467.000000	18.944871	45624.985059
1223.095600	45866.000000	18.734324	45655.825296
1224.909500	45765.000000	18.697750	45685.721350
1226.721700	45795.000000	18.576270	45716.202049
1228.532000	45541.000000	18.356146	45746.250381
1230.342000	45962.000000	18.130395	45773.756903
1232.151700	45707.000000	18.064018	45803.521693
1233.959700	45760.000000	18.120284	45834.324795
1235.765900	45926.000000	18.224561	45866.336049
1237.571700	45823.000000	18.523441	45898.611847
1239.377100	46093.000000	18.883912	45929.923887
1241.180800	46034.000000	19.168871	45962.573903
1242.982700	45909.000000	19.593794	45997.682538
1244.784200	46214.000000	20.310248	46033.796093
1246.585300	46082.000000	21.089896	46071.561681
1248.384900	45781.000000	21.831845	46109.173839
1250.182500	45950.000000	22.805226	46145.952928
1251.979700	46243.000000	24.014856	46182.283531
1253.776900	46436.000000	26.020498	46215.200394
1255.572000	46444.000000	28.783924	46246.867366
1257.365500	46060.000000	32.868258	46281.531832
1259.160000	46331.000000	37.942851	46318.058179
1260.951300	46546.000000	45.684373	46356.686485
1262.742300	46396.000000	54.703843	46396.448962
1264.533100	46523.000000	62.325110	46435.868597
1266.322000	46776.000000	68.142477	46474.413136
1268.109000	46394.000000	74.369060	46513.986776
1269.895800	46753.000000	78.380141	46554.373623
1271.682400	46713.000000	79.906936	46595.501423
1273.466900	46800.000000	80.336568	46637.099587
1275.251500	46708.000000	77.629491	46679.895539
1277.033900	46588.000000	70.624074	46725.326280
1278.814700	46760.000000	63.057036	46771.683356
1280.595200	47041.000000	56.138810	46819.120198
1282.375400	46802.000000	49.129961	46865.812631
1284.153800	46709.000000	42.952112	46911.627090
1285.931900	47023.000000	37.629167	46958.051526
1287.708100	47016.000000	33.397278	47004.619604
1289.482500	47066.000000	29.350281	47050.966029
1291.256800	47313.000000	26.805130	47098.124797
1293.030600	46878.000000	24.401469	47146.129300
1294.802900	47234.000000	22.830760	47196.196899
1296.574600	47404.000000	21.740791	47248.407046
1298.344600	47317.000000	21.662131	47300.888357
1300.114400	47014.000000	21.528249	47352.889229
1301.882300	47328.000000	21.108928	47405.202717
1303.648300	47359.000000	20.640846	47457.824216
1305.415800	47659.000000	20.308655	47513.531294
1307.179700	47748.000000	20.170599	47571.032031
1308.943500	47703.000000	19.991361	47630.759082
1310.707000	47747.000000	19.609419	47693.249883
1312.468600	47516.000000	19.178353	47757.770101
1314.230000	48000.000000	18.778114	47824.303617
1315.989500	47909.000000	18.516013	47891.366220
1317.748800	47859.000000	18.264891	47958.695095
1319.506200	48107.000000	18.047232	48024.154891
1321.263400	48034.000000	17.858652	48088.300602
1323.018900	47851.000000	17.624576	48152.912936
1324.774000	48286.000000	17.418333	48216.606419
1326.527300	48034.000000	17.378474	48280.245496
1328.278900	48409.000000	17.360404	48343.148226
1330.031700	48274.000000	17.340035	48403.894016
1331.781100	48497.000000	17.178332	48463.234758
1333.531900	48600.000000	16.942599	48523.077817
1335.279300	48512.000000	16.733954	48584.438765
1337.027800	48759.000000	16.524028	48646.697262
1338.773200	48635.000000	16.443426	48706.795078
1340.518300	48606.000000	16.474293	48764.010257
1342.263100	48978.000000	16.390900	48818.242624
1344.006000	48802.000000	16.410190	48871.367880
1345.748700	48944.000000	16.410106	48921.141861
1347.489500	49093.000000	16.231889	48967.472454
1349.230200	48995.000000	16.039602	49011.395381
1350.969100	49091.000000	15.835167	49053.066662
1352.707500	49365.000000	17.203367	49089.971546
1354.445900	49140.000000	18.567247	49123.713994
1356.180900	49252.000000	20.256451	49155.358513
1357.917000	49081.000000	21.702850	49185.594818
1359.649900	49097.000000	24.474862	49212.265106
1361.384200	49205.000000	27.507222	49235.323894
1363.115000	49428.000000	30.650788	49255.548982
1364.847000	49293.000000	34.299998	49273.154538
1366.577400	49243.000000	45.228874	49285.949367
1368.305900	49228.000000	58.254100	49295.484463
1370.034300	49229.000000	71.914562	49301.822578
1371.760600	49633.000000	85.940144	49306.697210
1373.486900	49431.000000	100.767404	49309.513063
1375.211300	49380.000000	114.218079	49308.635664
1376.935400	49457.000000	128.404040	49307.077186
1378.657800	49475.000000	143.998890	49305.451349
1380.380000	49627.000000	150.315659	49300.580748
1382.100200	49607.000000	146.012862	49292.279998
1383.820300	49393.000000	133.485698	49282.204876
1385.540200	49396.000000	116.639158	49271.440040
1387.256500	49408.000000	99.612256	49260.660235
1388.974200	49483.000000	87.086729	49251.099808
1390.690300	49179.000000	75.521460	49241.708067
1392.404400	49578.000000	66.520980	49230.955897
1394.118400	49463.000000	59.427905	49219.978619
1395.830400	49288.000000	55.421353	49208.740540
1397.542200	49389.000000	51.955489	49195.738451
1399.252300	49398.000000	50.077072	49181.116858
1400.962200	49047.000000	49.252644	49167.298396
1402.671800	49148.000000	49.612533	49154.564018
1404.379500	49102.000000	50.109987	49140.716770
1406.085600	49200.000000	50.467123	49125.926491
1407.791300	49185.000000	56.093103	49110.387774
1409.495200	49119.000000	65.287722	49094.531259
1411.199000	49437.000000	78.410636	49079.749615
1412.902500	49348.000000	96.258014	49066.947302
1414.604000	49413.000000	107.761869	49054.262435
1416.304000	49452.000000	104.122303	49041.444001
1418.003700	48890.000000	92.084673	49030.851305
1419.701500	49281.000000	79.176427	49020.792879
1421.399000	49184.000000	71.912457	49010.145490
1423.096400	48878.000000	70.404499	49000.623636
1424.792000	48864.000000	69.284469	48991.703411
1426.485700	48688.000000	71.373110	48982.931146
1428.179300	48836.000000	75.677616	48975.779536
1429.871100	49258.000000	76.675125	48969.985478
1431.562500	49286.000000	78.360018	48962.632941
1433.253900	49114.000000	81.087974	48954.001153
1434.943400	49118.000000	77.413892	48946.095348
1436.631000	49237.000000	73.735964	48938.450345
1438.318500	48978.000000	70.496313	48932.566474
1440.005600	48754.000000	68.000462	48928.791470
1441.691000	48650.000000	66.106569	48925.143700
1443.374800	48820.000000	65.886198	48921.154527
1445.058200	48757.000000	66.466674	48917.783104
1446.741300	49121.000000	67.916097	48914.810655
1448.422900	48920.000000	71.366781	48910.404084
1450.102400	49138.000000	76.813712	48903.369922
1451.781700	49240.000000	83.672963	48895.727798
1453.460900	49140.000000	91.230887	48888.978042
1455.138200	48798.000000	98.106960	48885.500685
1456.813800	49231.000000	107.672614	48882.935271
1458.489100	48952.000000	118.607234	48881.439547
1460.164300	48880.000000	132.037633	48882.934120
1461.837600	49171.000000	150.895203	48887.978589
1463.509200	48911.000000	175.293290	48894.176229
1465.180500	49051.000000	215.043442	48901.289841
1466.851600	49009.000000	280.217590	48908.268734
1468.520900	49210.000000	378.546626	48916.433037
1470.189900	49650.000000	506.421695	48925.382624
1471.857200	49562.000000	576.343511	48932.842245
1473.522800	49383.000000	530.938318	48939.957584
1475.188100	49251.000000	438.275081	48949.620489
1476.853100	48995.000000	356.822360	48959.999592
1478.516500	49157.000000	292.838750	48971.245156
1480.178000	49387.000000	244.034462	48981.699103
1481.839200	49086.000000	201.395502	48992.729922
1483.500400	49385.000000	165.865062	49001.983490
1485.159700	49141.000000	135.194771	49010.221485
1486.818600	49051.000000	110.312197	49017.344885
1488.476000	48950.000000	90.831517	49022.085949
1490.131500	49051.000000	75.467189	49024.227632
1491.788300	48879.000000	63.853533	49026.777502
1493.441800	48904.000000	56.083046	49031.166801
1495.095100	48835.000000	50.196719	49037.403013
1496.748000	48983.000000	45.827894	49044.442357
1498.399400	49249.000000	42.536055	49051.323954
1500.050400	48970.000000	39.848957	49057.185947
1501.699700	49038.000000	38.156610	49063.564939
1503.347300	49300.000000	37.200175	49071.284786
1504.996100	49153.000000	36.394631	49080.337427
1506.641600	48870.000000	35.562685	49090.591022
1508.287000	49084.000000	34.820816	49098.154273
1509.932000	49191.000000	33.663718	49103.406002
1511.575300	48817.000000	32.393785	49107.698580
1513.218500	49406.000000	31.188260	49108.890323
1514.859700	49093.000000	29.971802	49109.749299
1516.500900	49057.000000	28.820966	49111.139666
1518.140300	49335.000000	28.107708	49114.717773
1519.777800	49104.000000	27.709343	49119.929202
1521.416700	49201.000000	27.277678	49126.530422
1523.052200	49332.000000	26.191951	49133.613521
1524.689200	49307.000000	25.070970	49139.446729
1526.322800	48892.000000	23.625703	49146.102642
1527.956200	49197.000000	21.588981	49151.008363
1529.589400	48939.000000	19.450966	49155.797213
1531.220800	49100.000000	17.157073	49159.332141
1532.851900	49514.000000	14.277209	49162.295954
1534.481400	49505.000000	11.815936	49163.843493
1536.110600	49209.000000	11.247139	49164.194107
1537.738000	49074.000000	10.655911	49165.807854
1539.365200	49427.000000	10.195789	49168.497624
1540.990700	49152.000000	9.804550	49173.691205
1542.616000	48871.000000	9.635241	49180.276881
1544.239500	49088.000000	9.576834	49186.768714
1545.862700	49159.000000	9.750446	49192.930659
1547.484400	49354.000000	9.925492	49199.848525
1549.105600	49044.000000	10.102058	49206.381810
1550.725100	49452.000000	10.233231	49211.710110
1552.344500	49046.000000	10.345107	49215.397605
1553.962000	48963.000000	13.827768	49218.137463
1555.579300	49294.000000	18.493461	49220.646456
1557.195100	49240.000000	23.058086	49225.062814
1558.810400	49606.000000	27.474937	49230.208610
1560.424100	49284.000000	32.081840	49234.713054
1562.037500	49202.000000	36.591260	49237.848432
1563.649200	49431.000000	41.905199	49241.768518
1565.260600	49030.000000	48.197239	49246.985128
1566.870500	49278.000000	58.536837	49252.103290
1568.479900	49121.000000	70.814269	49258.370016
1570.089100	49387.000000	83.825907	49265.500324
1571.695200	49025.000000	95.161651	49274.159172
1573.302500	49450.000000	104.320783	49283.587759
1574.906500	49336.000000	106.641812	49293.175821
1576.511800	49258.000000	103.877343	49303.149040
1578.115500	49747.000000	95.997266	49312.095749
1579.717400	49330.000000	85.551343	49320.825986
1581.319100	49267.000000	76.872759	49329.777300
1582.919100	49814.000000	70.105484	49338.429815
1584.518700	49061.000000	66.166831	49347.865311
1586.116600	49129.000000	62.486119	49356.437225
1587.714500	49268.000000	60.972332	49362.268130
1589.310500	49451.000000	60.313383	49365.009139
1590.906300	49302.000000	61.136799	49366.361508
1592.501800	49367.000000	62.950240	49368.735782
1594.095700	49311.000000	66.315439	49371.728381
1595.687900	49489.000000	69.882473	49377.066469
1597.279700	49315.000000	73.464165	49383.534697
1598.869900	49527.000000	78.533085	49391.385233
1600.459700	49664.000000	83.495569	49399.411938
1602.048100	49459.000000	88.978666	49406.718993
1603.636000	49311.000000	95.426960	49413.787123
1605.223900	49751.000000	108.426629	49419.887465
1606.809800	49294.000000	123.563673	49425.595741
1608.394200	49240.000000	140.784188	49430.510098
1609.978300	49498.000000	158.856537	49435.833217
1611.560700	49453.000000	180.700841	49442.972736
1613.142900	49764.000000	204.931708	49451.317240
1614.724700	49779.000000	231.201528	49461.707858
1616.304900	49597.000000	258.856550	49471.455394
1617.883500	49735.000000	270.330405	49486.318790
1619.461800	49776.000000	278.976101	49503.513857
1621.038300	49777.000000	288.562274	49521.517813
1622.614700	49969.000000	298.636731	49539.917289
1624.190800	49947.000000	307.726434	49558.774463
1625.765300	50003.000000	319.843747	49579.099151
1627.337900	50126.000000	333.071663	49599.369145
1628.910400	49839.000000	346.190875	49619.927575
1630.482700	50234.000000	342.475782	49642.482032
1632.053200	50083.000000	334.315797	49664.032430
1633.622100	49925.000000	323.611807	49685.798148
1635.190600	49870.000000	311.859393	49707.116531
1636.759000	50384.000000	302.989399	49726.335834
1638.325700	50318.000000	300.451602	49743.984569
1639.890700	50090.000000	299.677365	49761.025343
1641.455400	50227.000000	300.005238	49777.116176
1643.019900	49930.000000	295.354202	49794.061380
1644.582800	50058.000000	284.754094	49807.249427
1646.143900	49999.000000	271.308826	49817.828881
1647.704700	50243.000000	252.839975	49824.821592
1649.265500	50278.000000	235.211678	49832.860964
1650.824500	50162.000000	238.440431	49839.137477
1652.381600	50290.000000	239.969888	49843.728278
1653.938700	50277.000000	238.349665	49847.129064
1655.495500	50040.000000	230.043536	49851.232229
1657.050700	50228.000000	213.886243	49852.423972
1658.604100	50110.000000	193.722631	49853.004875
1660.157200	50147.000000	169.286052	49850.870100
1661.710200	50334.000000	142.044199	49843.681069
1663.261500	49858.000000	132.070071	49829.288613
1664.811200	50058.000000	123.873339	49813.234050
1666.361900	49856.000000	116.115513	49797.088523
1667.909700	49937.000000	105.576296	49781.052383
1669.457200	50144.000000	83.419016	49763.118665
1671.004300	49768.000000	60.277881	49742.518207
1672.549900	49673.000000	41.253262	49718.073082
1674.093600	49561.000000	26.011251	49689.600211
1675.637300	49903.000000	28.081641	49659.853269
1677.180800	49673.000000	30.826707	49628.440190
1678.722400	49749.000000	34.230945	49595.683377
1680.263900	49467.000000	39.524812	49562.525863
1681.803700	49454.000000	46.048791	49527.779933
1683.341800	49543.000000	53.755953	49492.415103
1684.881200	49459.000000	62.919745	49455.429617
1686.417500	49566.000000	70.107018	49416.775116
1687.953400	49437.000000	65.311975	49376.539108
1689.489100	49426.000000	60.240765	49336.462000
1691.023200	49270.000000	55.467415	49297.201264
1692.557100	49201.000000	49.210396	49259.154148
1694.089200	49136.000000	43.143054	49221.203178
1695.619800	48935.000000	37.233464	49179.092622
1697.151500	48898.000000	30.895560	49135.610698
1698.680200	49034.000000	26.143790	49092.619288
1700.208500	48837.000000	24.483323	49048.898440
1701.736600	48877.000000	23.257536	49006.052112
1703.263100	49112.000000	22.574258	48962.497071
1704.789300	48930.000000	21.812763	48919.256950
1706.314000	49117.000000	21.485034	48876.747995
1707.838100	49146.000000	21.256987	48834.178589
1709.361000	48672.000000	21.241020	48791.913739
1710.883300	48742.000000	22.843279	48748.270037
1712.404100	48714.000000	25.577890	48703.668335
1713.923100	48887.000000	28.951050	48658.776470
1715.443500	48688.000000	32.729369	48616.588767
1716.960700	48523.000000	43.020529	48575.897940
1718.479100	49284.000000	55.102637	48537.895155
1719.994500	48655.000000	65.403096	48500.373385
1721.509600	48335.000000	74.562043	48461.580710
1723.024400	48219.000000	81.368153	48420.223486
1724.537600	48483.000000	84.575640	48375.858405
1726.050700	48516.000000	85.104377	48332.432614
1727.561900	48459.000000	81.931208	48288.504505
1729.073000	48423.000000	76.350598	48244.844971
1730.582400	48329.000000	68.882094	48203.377208
1732.091700	48566.000000	61.166026	48162.176291
1733.599200	47939.000000	56.275035	48120.308402
1735.106600	48282.000000	51.547257	48078.596821
1736.612100	47920.000000	46.165433	48036.409118
1738.117600	47926.000000	41.277996	47996.247666
1739.621300	47994.000000	38.106730	47956.414663
1741.125000	47660.000000	35.133091	47917.282025
1742.626800	47860.000000	31.778120	47879.153157
1744.128400	47827.000000	28.983403	47841.893053
1745.628500	47892.000000	26.437474	47805.240622
1747.128300	47931.000000	24.266903	47771.023205
1748.626300	47558.000000	22.281947	47738.792889
1750.124300	47475.000000	20.528968	47705.895312
1751.620500	47645.000000	18.784468	47673.719978
1753.116600	47609.000000	17.636852	47641.853806
1754.612400	47731.000000	17.550397	47609.823266
1756.105100	47666.000000	17.514524	47577.893189
1757.599100	47613.000000	17.471120	47547.015242
1759.091300	47692.000000	17.356223	47514.026414
1760.582000	47370.000000	17.365349	47479.536392
1762.072400	47474.000000	17.199132	47444.781251
1763.561000	47326.000000	16.884937	47410.286624
1765.049600	47255.000000	17.432515	47378.889952
1766.536500	47440.000000	18.552111	47349.424826
1768.023200	47338.000000	19.584497	47321.917152
1769.508100	47137.000000	20.596345	47294.610980
1770.992900	47221.000000	21.406284	47268.454524
1772.477500	47579.000000	21.878985	47243.110122
1773.959000	47411.000000	22.052137	47217.941604
1775.441700	47220.000000	21.789772	47192.966815
1776.922700	46989.000000	21.614141	47169.264659
1778.402100	47324.000000	21.891736	47146.989715
1779.881300	47131.000000	22.242802	47125.211043
1781.358900	46952.000000	22.484362	47103.467491
1782.836200	47045.000000	21.937085	47080.841357
1784.311900	47334.000000	19.933559	47056.651565
1785.787400	47082.000000	18.025446	47032.257967
1787.262600	47017.000000	16.748135	47007.645595
1788.736200	47042.000000	15.370168	46983.491785
1790.208300	46957.000000	14.216893	46959.827050
1791.679800	47149.000000	13.084101	46936.231402
1793.150000	46963.000000	11.945473	46912.891950
1794.619900	47091.000000	10.774999	46890.742226
1796.089600	47043.000000	10.005839	46869.351878
1797.557600	46888.000000	9.302971	46849.192998
1799.023900	46646.000000	8.647095	46828.450049
1800.490100	46924.000000	8.045503	46808.623648
1801.954600	46681.000000	7.571491	46789.823182
1803.418900	46949.000000	7.122159	46773.153460
1804.883100	46339.000000	6.698127	46757.350487
1806.345500	46958.000000	6.307446	46743.295116
1807.806400	46534.000000	6.150792	46728.394299
1809.266800	46481.000000	6.110412	46714.412620
1810.727400	46507.000000	6.100709	46699.473517
1812.186000	46730.000000	6.254420	46684.196753
1813.643300	46618.000000	6.423564	46668.109662
1815.100100	46855.000000	6.670747	46651.784797
1816.556800	46432.000000	6.913954	46634.946677
1818.010400	46604.000000	7.164031	46618.539773
1819.465300	46694.000000	7.380306	46601.774194
1820.918500	46891.000000	7.696806	46584.911318
1822.370100	46464.000000	8.022713	46568.004400
1823.821400	46703.000000	8.186834	46553.648502
1825.272600	46579.000000	8.236766	46542.250085
1826.722200	46462.000000	8.102277	46531.460492
1828.169900	46488.000000	7.793467	46520.985820
1829.617600	46488.000000	7.527332	46510.829233
1831.065200	46576.000000	7.200008	46500.201131
1832.511000	46445.000000	6.907905	46489.745457
1833.956500	46426.000000	6.619101	46479.526116
1835.400500	46482.000000	6.468110	46471.589223
1836.842900	46819.000000	6.517612	46464.702733
1838.285200	46554.000000	6.662309	46460.970044
1839.727100	46141.000000	6.754245	46457.967370
1841.167400	46516.000000	6.807364	46457.297518
1842.606100	46375.000000	6.891530	46456.929345
1844.044400	46238.000000	6.803047	46456.503887
1845.482800	46234.000000	6.661846	46455.909742
1846.919400	46319.000000	6.552597	46455.665349
1848.356000	46204.000000	6.364940	46453.923504
1849.790800	46340.000000	6.281822	46451.726840
1851.224000	46446.000000	6.354399	46448.505391
1852.656900	46004.000000	6.279743	46446.371768
1854.089700	46471.000000	6.118463	46447.352797
1855.520800	46573.000000	5.963961	46451.316350
1856.951800	46279.000000	5.757788	46457.180359
1858.381100	46362.000000	5.463170	46462.959161
1859.808700	46612.000000	5.171588	46471.735744
1861.236300	46689.000000	4.866712	46480.709799
1862.663500	46616.000000	4.687258	46490.841630
1864.089100	46221.000000	4.576657	46502.898097
1865.514600	46354.000000	4.503141	46517.548764
1866.938500	46491.000000	4.421823	46533.593252
1868.360700	46700.000000	4.294302	46552.093767
1869.784200	46656.000000	4.068135	46569.158433
1871.204500	46624.000000	3.848279	46585.303960
1872.624600	46407.000000	3.704078	46601.000137
1874.044700	46689.000000	3.681630	46616.522446
1875.463000	46666.000000	3.676983	46631.096541
1876.881200	46731.000000	3.685249	46645.987860
1878.297700	46685.000000	3.541249	46662.397067
1879.714100	46681.000000	3.263267	46678.573108
1881.128800	46743.000000	3.091634	46691.454295
1882.541900	46962.000000	3.066153	46701.650319
1883.956200	46948.000000	3.108613	46711.391523
1885.367400	46903.000000	3.308122	46719.793887
1886.778600	46606.000000	3.306480	46731.006058
1888.189500	47231.000000	3.187045	46752.512990
