Raman_Shift Original_Spectrum Predicted_Raman Predicted_Baseline
294.894650	35810.000000	7.389368	36201.256191
297.232540	35947.000000	10.603718	36226.528475
299.568300	36253.000000	12.458435	36304.454410
301.905240	36349.000000	10.973787	36395.561962
304.238400	36835.000000	10.823472	36485.055807
306.571040	36873.000000	11.153226	36522.049094
308.903260	37523.000000	10.361332	36542.233813
311.233340	37547.000000	9.127682	36540.012087
313.562930	37415.000000	8.002897	36518.499934
315.890440	37522.000000	7.446526	36507.866145
318.215790	37172.000000	8.717398	36501.661494
320.540680	36963.000000	10.071487	36498.349443
322.865110	36793.000000	11.374314	36501.635979
325.187410	36535.000000	11.726087	36504.117839
327.509250	36447.000000	12.385376	36519.597728
329.828920	36473.000000	13.113161	36544.461762
332.148160	36286.000000	14.238752	36560.008862
334.465270	36164.000000	14.357293	36586.619783
336.781950	36206.000000	13.795835	36614.075208
339.096470	35942.000000	12.764807	36650.008041
341.408870	36065.000000	11.096061	36691.450380
343.722530	36081.000000	10.059665	36724.918155
346.032350	36295.000000	9.863310	36766.805462
348.341740	36215.000000	10.335785	36795.227368
350.650670	36727.000000	10.119455	36836.611208
352.957460	36679.000000	10.356554	36871.863832
355.263760	36932.000000	10.593740	36909.580269
357.568020	36907.000000	10.786152	36942.921088
359.871800	37023.000000	10.480923	36984.642232
362.173430	37090.000000	10.557625	37028.787359
364.474640	37329.000000	10.905392	37081.964392
366.773710	37288.000000	12.148456	37127.662860
369.072360	37057.000000	13.942072	37184.662257
371.368870	37342.000000	15.503072	37241.265851
373.664920	37265.000000	16.518347	37301.424205
375.958890	37467.000000	18.447149	37352.129335
378.252380	37456.000000	20.649443	37405.685990
380.543790	37669.000000	21.546671	37460.257670
382.834750	37654.000000	21.662977	37516.277516
385.123570	37528.000000	22.416621	37560.837738
387.411960	37663.000000	24.137065	37609.891821
389.698210	37631.000000	27.193973	37652.422619
391.984070	37693.000000	32.547465	37693.546946
394.267790	37573.000000	42.541480	37727.808817
396.551060	37337.000000	57.368571	37779.365297
398.832210	37591.000000	74.219593	37830.112124
401.112950	37650.000000	84.205607	37882.936917
403.391570	37880.000000	79.586780	37922.990210
405.669770	37832.000000	64.550371	37968.939478
407.945860	38070.000000	49.021760	38008.429561
410.221470	37969.000000	38.495485	38047.601011
412.495030	38065.000000	34.848191	38070.987006
414.768100	37996.000000	34.025169	38103.389349
417.039090	38026.000000	33.767786	38133.204035
419.309630	38218.000000	32.881108	38168.909717
421.579740	38196.000000	30.751391	38193.668577
423.846100	38294.000000	27.710795	38227.239659
426.113680	38313.000000	26.550455	38251.999142
428.377470	38463.000000	26.354726	38284.333651
430.642520	38299.000000	26.784344	38298.220991
432.905460	38606.000000	27.598202	38326.657834
435.166320	38704.000000	27.117044	38351.780759
437.426700	38573.000000	26.501076	38385.540408
439.685060	38671.000000	26.308056	38397.443754
441.942900	38741.000000	26.897091	38421.384869
444.198730	38814.000000	27.061822	38437.423612
446.454070	38767.000000	26.292678	38459.498976
448.708980	38684.000000	25.423567	38461.860104
450.961820	38889.000000	24.861102	38471.128496
453.212550	38712.000000	24.739293	38467.805243
455.462890	38693.000000	24.691344	38473.823194
457.711120	38697.000000	24.918141	38465.511949
459.958920	38524.000000	25.985499	38467.199714
462.204590	38602.000000	26.528296	38457.299655
464.449890	38331.000000	26.790920	38454.546458
466.694760	38523.000000	27.179603	38449.336916
468.937500	38286.000000	27.665798	38446.653420
471.178160	38428.000000	28.928094	38431.571201
473.418460	38085.000000	30.635977	38416.350825
475.656620	37955.000000	32.791364	38400.984823
477.894380	38205.000000	34.450365	38388.635265
480.131680	37984.000000	37.437501	38362.379074
482.366910	38017.000000	40.271258	38338.119947
484.600040	37935.000000	42.755085	38307.786858
486.832790	37980.000000	43.030560	38285.889481
489.063450	38186.000000	41.809880	38256.034966
491.293670	38004.000000	41.019396	38225.287404
493.523500	37951.000000	41.114350	38183.424368
495.751190	38004.000000	42.427082	38148.127559
497.976840	38104.000000	45.023461	38104.914063
500.202090	38083.000000	47.997387	38061.573611
502.426910	37864.000000	50.986093	38017.271034
504.649660	37878.000000	53.323116	37976.432357
506.870270	37954.000000	54.937236	37926.886009
509.090550	37745.000000	56.815128	37879.868197
511.310360	37666.000000	60.042012	37829.537089
513.528140	37866.000000	64.128157	37781.663570
515.743770	37476.000000	70.627342	37727.314063
517.959110	37678.000000	78.919251	37674.811016
520.173890	37607.000000	90.631264	37621.242536
522.386660	37503.000000	105.072052	37574.084699
524.597410	37608.000000	125.131401	37516.899848
526.807740	37450.000000	153.381466	37464.814385
529.017580	37399.000000	200.779173	37412.256573
531.225400	37547.000000	269.108670	37365.629585
533.431210	37494.000000	367.136146	37311.399566
535.636470	37646.000000	515.410697	37258.239336
537.841430	37792.000000	732.050800	37207.865287
540.044310	38012.000000	1012.358434	37169.248958
542.245120	38278.000000	1282.181638	37120.242795
544.445500	38257.000000	1429.036143	37074.730404
546.645450	37882.000000	1366.168622	37024.615245
548.843380	37782.000000	1143.564865	36984.311151
551.040830	37757.000000	877.145662	36938.714746
553.236330	37284.000000	650.299467	36892.131944
555.429690	37051.000000	466.444907	36848.460411
557.622680	36886.000000	337.615629	36818.632656
559.815250	36823.000000	256.934396	36788.171367
562.005800	36709.000000	208.786526	36758.435717
564.195920	36428.000000	176.054074	36735.097641
566.383910	36491.000000	153.315294	36722.967144
568.569950	36632.000000	136.925498	36710.259123
570.755550	36571.000000	129.124176	36694.831510
572.940730	36577.000000	123.003141	36675.195688
575.123900	36483.000000	117.027003	36662.537453
577.306640	36379.000000	109.991354	36647.216881
579.487300	36464.000000	105.351528	36632.874616
581.665950	36557.000000	103.848771	36615.392063
583.844120	36646.000000	106.658872	36603.579577
586.021970	36619.000000	107.995214	36585.561196
588.197750	36606.000000	110.748421	36566.107095
590.373170	36801.000000	114.859518	36544.611744
592.546450	36726.000000	118.160279	36529.267524
594.719420	36651.000000	121.235874	36505.839210
596.890260	36896.000000	126.037934	36481.770516
599.059140	36597.000000	134.669058	36455.542330
601.229190	36596.000000	148.044297	36445.127602
603.395570	36783.000000	161.699401	36432.569563
605.561580	36826.000000	179.617256	36417.123902
607.727170	36990.000000	206.634618	36393.733551
609.890750	36825.000000	237.442313	36379.421157
612.053960	36985.000000	278.036549	36363.594007
614.215030	37139.000000	336.251205	36347.511079
616.375790	37195.000000	431.559615	36326.539109
618.534480	37221.000000	566.760446	36298.538521
620.692750	37413.000000	772.227238	36264.059456
622.849000	37776.000000	1063.680917	36256.190067
625.004820	37764.000000	1459.890124	36246.519649
627.158750	38613.000000	1978.095325	36248.508622
629.310490	39051.000000	2555.975951	36238.232674
631.463560	39526.000000	3046.474616	36245.643405
633.612920	39413.000000	3162.057867	36230.116219
635.763490	39221.000000	2804.343556	36188.223312
637.910460	38271.000000	2177.461435	36145.115612
640.058650	37643.000000	1573.720888	36121.887689
642.203190	37158.000000	1107.063610	36092.443291
644.348880	36881.000000	788.517014	36067.209591
646.491030	36620.000000	583.215101	36032.406913
648.634400	36231.000000	460.860216	35991.582861
650.774050	35998.000000	374.587717	35954.535432
652.914980	36050.000000	308.822968	35922.230172
655.052250	36171.000000	262.769926	35892.186468
657.190730	36027.000000	238.542673	35860.266433
659.325620	35622.000000	220.908271	35830.591149
661.461730	35894.000000	206.837479	35806.310240
663.594180	35774.000000	197.075344	35784.589916
665.727910	35639.000000	192.302115	35764.879414
667.857910	35701.000000	189.647927	35750.109295
669.989200	35727.000000	190.281208	35743.080677
672.118470	35867.000000	192.603188	35733.647989
674.245670	35594.000000	197.037460	35727.358701
676.372560	35775.000000	203.423754	35719.886982
678.497380	35812.000000	209.356776	35712.160729
680.621830	35919.000000	217.960128	35701.182168
682.744320	35811.000000	229.449274	35693.646349
684.866390	35659.000000	245.289745	35689.565095
686.986450	35624.000000	263.083367	35691.635283
689.106080	35746.000000	282.143182	35691.223921
691.223750	35689.000000	306.858732	35686.109285
693.341000	35680.000000	339.670336	35671.024266
695.457820	35789.000000	380.172604	35669.239106
697.571110	35967.000000	430.206315	35669.699010
699.685610	35889.000000	486.745419	35664.145941
701.798100	36302.000000	553.494893	35638.745456
703.908570	36516.000000	638.413663	35619.327450
706.018620	36635.000000	756.572241	35594.956303
708.126770	36600.000000	898.405926	35553.911012
710.234380	36774.000000	1074.060794	35489.169181
712.340150	37050.000000	1330.360411	35428.344620
714.445430	37405.000000	1607.816441	35365.684180
716.550350	37776.000000	2027.876292	35322.229841
718.653260	38445.000000	2623.261408	35317.660990
720.754270	39791.000000	3778.266527	35372.797436
722.854800	41793.000000	5557.072756	35389.330310
724.953370	44629.000000	8403.444266	35518.147453
727.051570	48428.000000	11711.616685	35614.186053
729.149350	51243.000000	15004.176659	35528.763816
731.243530	51691.000000	16023.692301	35502.406185
733.338990	49634.000000	13354.644365	35350.756611
735.432370	45750.000000	9777.432802	35329.533842
737.523800	42363.000000	6646.557818	35192.260139
739.614870	39929.000000	4663.000595	35151.039351
741.705570	38497.000000	3370.504269	35086.280717
743.792600	37403.000000	2540.433363	34929.428136
745.880920	36884.000000	1962.381284	34879.417529
747.967220	36650.000000	1583.403908	34937.700485
750.051570	36364.000000	1296.644403	34938.160077
752.135500	36086.000000	1086.016572	34970.506411
754.219120	36042.000000	911.802947	34992.077686
756.300720	36018.000000	768.567381	35012.455328
758.380310	35680.000000	670.343461	35013.849974
760.459530	35556.000000	583.916780	35024.649303
762.538390	35308.000000	518.016362	35040.038331
764.615300	35720.000000	460.368107	35055.259329
766.690190	35541.000000	421.783789	35055.686560
768.764710	35401.000000	394.384529	35049.964528
770.838810	35467.000000	361.284747	35043.475471
772.909360	35259.000000	330.322052	35037.235347
774.981140	35078.000000	303.293761	35028.032922
777.050960	35262.000000	279.773906	35013.981286
779.120420	35355.000000	258.296408	35000.264464
781.187870	35271.000000	242.232772	34986.624189
783.253420	35139.000000	228.262175	34981.977236
785.318480	34930.000000	215.210374	34980.774268
787.383240	35217.000000	202.058999	34983.347922
789.445980	34928.000000	188.986758	34982.902955
791.506770	34905.000000	177.122599	34980.603126
793.567260	34980.000000	168.030016	34972.450576
795.627260	35164.000000	158.885886	34967.720852
797.685360	35122.000000	151.367453	34958.084973
799.741520	35082.000000	143.416500	34946.114726
801.797240	35017.000000	135.739703	34927.668181
803.852600	35057.000000	130.807896	34914.233587
805.906010	34786.000000	126.325734	34898.096204
807.959050	35116.000000	122.319373	34886.495934
810.010130	34966.000000	119.762843	34866.561703
812.059200	35034.000000	117.477649	34842.581069
814.107970	35250.000000	115.698460	34811.723666
816.156370	35072.000000	114.846672	34784.629816
818.202760	35015.000000	113.079132	34755.363716
820.247190	34763.000000	109.771612	34733.573068
822.292850	34710.000000	105.620142	34707.933297
824.335020	35011.000000	102.442660	34683.111582
826.376770	34760.000000	100.004295	34658.493057
828.418090	34783.000000	97.354434	34636.107461
830.457520	34697.000000	95.151407	34603.565093
832.496640	34818.000000	94.843120	34575.836464
834.533690	34638.000000	94.322276	34546.363750
836.568910	34471.000000	93.056395	34517.601738
838.603700	34414.000000	91.871824	34485.070573
840.638060	34541.000000	91.508528	34454.965257
842.670530	34316.000000	91.351166	34423.374747
844.702640	34309.000000	90.288631	34391.568598
846.732790	34457.000000	88.756935	34349.742280
848.762570	34367.000000	88.576177	34311.641553
850.790470	34202.000000	88.237123	34279.939956
852.816350	34174.000000	86.848418	34249.609357
854.843440	34124.000000	86.262638	34208.695378
856.867070	34363.000000	86.691357	34164.974681
858.890200	34123.000000	88.077290	34122.797368
860.913150	34160.000000	89.011450	34082.315288
862.934020	33964.000000	89.843809	34036.301297
864.954530	33887.000000	91.573494	34001.081657
866.973140	33985.000000	92.881198	33956.276546
868.991390	33636.000000	93.299746	33912.669425
871.007690	34098.000000	94.878982	33866.638009
873.023620	33903.000000	96.501810	33819.424163
875.037660	33689.000000	97.719179	33775.048461
877.051270	33754.000000	97.665765	33729.201256
879.062990	33710.000000	98.616640	33676.465456
881.074340	33739.000000	101.604340	33631.150967
883.083740	33686.000000	105.276430	33585.215079
885.092770	33662.000000	109.698381	33532.257107
887.099850	33524.000000	113.552854	33478.875949
889.104980	33695.000000	118.095440	33430.958867
891.111450	33348.000000	124.233074	33387.871705
893.114260	33223.000000	131.321923	33344.298345
895.118410	33508.000000	142.187160	33289.664744
897.119020	33493.000000	157.959856	33240.574877
899.120790	33566.000000	182.697158	33191.923754
901.119080	33356.000000	214.783045	33143.840198
903.118650	33460.000000	260.945054	33092.064968
905.114620	33575.000000	321.730447	33042.320408
907.111880	33312.000000	402.458705	32999.780586
909.107180	33441.000000	493.491460	32954.420511
911.100520	33516.000000	574.098869	32907.540234
913.093630	33454.000000	629.264953	32859.997952
915.084660	33402.000000	634.239993	32803.886312
917.075380	33371.000000	587.001681	32743.334333
919.064210	33491.000000	516.454270	32683.933356
921.052730	33185.000000	440.166973	32628.423511
923.039310	32996.000000	371.482203	32577.227362
925.025450	32811.000000	310.099040	32530.754712
927.009770	32666.000000	266.331124	32485.417508
928.993650	32555.000000	235.444315	32437.109912
930.975590	32889.000000	215.812499	32391.238125
932.957280	32520.000000	201.719439	32347.270829
934.937010	32411.000000	193.921929	32303.063469
936.916380	32576.000000	190.870868	32251.167351
938.895390	32584.000000	191.401328	32203.760581
940.870970	32263.000000	192.809491	32159.297286
942.847660	32443.000000	196.978202	32118.385641
944.822510	32186.000000	203.611990	32075.031654
946.795470	32179.000000	216.328918	32032.144104
948.768010	32212.000000	235.344509	31991.624995
950.738710	32191.000000	261.813460	31955.353457
952.708980	32192.000000	301.243935	31920.127127
954.677310	32323.000000	364.943437	31884.332763
956.645390	32303.000000	459.491046	31859.961149
958.613160	32567.000000	608.409399	31844.420116
960.578920	32628.000000	841.264482	31846.394309
962.542720	32977.000000	1163.234760	31840.108133
964.506290	33351.000000	1526.965233	31834.800574
966.467960	33540.000000	1791.726155	31810.205698
968.429260	33857.000000	1833.116996	31797.638790
970.390140	33479.000000	1669.326189	31772.792337
972.347660	33258.000000	1489.456966	31724.732741
974.306270	33278.000000	1358.182856	31651.139170
976.263060	33126.000000	1333.931041	31620.929148
978.218020	33179.000000	1533.611429	31641.025340
980.172490	33865.000000	2197.424759	31734.146914
982.125120	35476.000000	3551.905362	31818.138099
984.077390	37577.000000	5688.107890	31796.222674
986.029360	38794.000000	7242.394125	31731.044433
987.979370	38855.000000	6609.426995	31668.007015
989.927490	37141.000000	4769.875241	31590.274313
991.875310	34991.000000	2943.752169	31438.767914
993.822750	33455.000000	1714.473582	31440.051241
995.768370	32752.000000	1060.827524	31411.693512
997.711980	32427.000000	709.760498	31386.495791
999.655270	31800.000000	516.532956	31417.137051
1001.596700	31866.000000	398.955325	31421.538611
1003.537700	31744.000000	322.161295	31400.307908
1005.478600	31586.000000	270.542795	31393.374739
1007.417400	31791.000000	235.418994	31380.382195
1009.354300	31722.000000	206.963268	31365.822658
1011.291000	31709.000000	184.437140	31362.780154
1013.227200	31394.000000	166.776814	31368.887449
1015.161600	31731.000000	153.803806	31369.543115
1017.094100	31559.000000	143.451817	31366.622160
1019.026200	31680.000000	132.727508	31357.185233
1020.958000	31710.000000	123.007119	31345.806669
1022.888000	31456.000000	114.925563	31339.206759
1024.816000	31561.000000	107.017277	31338.684778
1026.743800	31433.000000	100.255474	31336.392612
1028.671100	31686.000000	95.351448	31329.892626
1030.596600	31510.000000	91.715804	31324.058535
1032.521700	31485.000000	88.751860	31318.342570
1034.444900	31592.000000	85.877697	31317.886867
1036.366300	31580.000000	84.425903	31307.370777
1038.287400	31673.000000	84.228905	31295.475872
1040.208100	31499.000000	83.361190	31280.567751
1042.127000	31455.000000	80.800590	31278.569481
1044.043800	31329.000000	80.505347	31277.216998
1045.960400	31346.000000	81.957286	31273.279347
1047.876700	31323.000000	82.414885	31266.258158
1049.791000	31189.000000	82.024780	31258.336181
1051.705100	31181.000000	81.839238	31251.607682
1053.617300	31360.000000	83.875421	31234.299771
1055.527600	31091.000000	87.311472	31218.299768
1057.437500	31099.000000	91.971145	31214.512877
1059.347300	31338.000000	98.897526	31198.774527
1061.255000	31323.000000	110.156389	31176.545524
1063.162500	31234.000000	129.551018	31170.127102
1065.068000	31263.000000	157.124648	31170.822208
1066.971700	31333.000000	195.677119	31160.437314
1068.875000	31412.000000	248.609284	31142.847719
1070.778100	31602.000000	319.672608	31119.171814
1072.679200	31510.000000	390.129684	31098.010889
1074.580000	31357.000000	435.861135	31093.231826
1076.479000	31352.000000	438.953154	31094.886296
1078.377600	31332.000000	400.643907	31088.411086
1080.274400	31523.000000	342.910547	31073.745675
1082.169200	31618.000000	285.106650	31050.467945
1084.065300	31128.000000	231.001136	31031.008340
1085.958000	31225.000000	185.661871	31022.002184
1087.850300	30955.000000	148.457662	31018.830779
1089.742400	31136.000000	125.983811	31016.435929
1091.632600	31173.000000	112.745173	31003.874272
1093.522500	30982.000000	103.168095	30991.577690
1095.410400	30991.000000	94.797981	30995.405966
1097.298100	30957.000000	86.848778	30990.622994
1099.183800	31010.000000	82.489390	30986.042513
1101.069300	31135.000000	80.309001	30977.660750
1102.952900	30954.000000	80.609004	30977.677903
1104.834600	30978.000000	80.274768	30978.494247
1106.717700	31063.000000	81.246656	30973.441532
1108.597200	31133.000000	81.990328	30957.879224
1110.477900	30936.000000	82.435733	30950.516024
1112.355300	30966.000000	84.322353	30941.262723
1114.232300	30809.000000	88.024995	30942.942553
1116.109100	31121.000000	93.339069	30938.095442
1117.984000	31199.000000	99.687061	30927.764554
1119.858500	30880.000000	109.307430	30934.527573
1121.731300	31099.000000	122.731970	30943.061147
1123.603600	31122.000000	144.985127	30940.381034
1125.474100	31288.000000	176.170878	30933.692170
1127.344400	31333.000000	220.632345	30936.724600
1129.212600	31181.000000	284.757988	30954.988511
1131.080700	31304.000000	379.698425	30972.322307
1132.946900	31582.000000	505.144979	30990.470483
1134.812700	31735.000000	621.027883	30993.831738
1136.676800	31795.000000	660.329516	30998.103639
1138.540400	31643.000000	595.181419	30992.746430
1140.402300	31788.000000	480.023688	30979.249661
1142.263800	31375.000000	371.901888	30968.330766
1144.123400	31446.000000	285.293933	30971.887861
1145.982800	31114.000000	225.208139	30963.745073
1147.841800	30959.000000	181.968446	30970.184752
1149.697500	31418.000000	157.976144	30978.042278
1151.554400	31139.000000	144.086605	30970.370110
1153.407800	31069.000000	135.369386	30981.994865
1155.262600	31104.000000	128.521253	31003.660151
1157.115500	31259.000000	123.139520	31008.329664
1158.966400	31098.000000	120.784352	31009.205577
1160.817100	31314.000000	119.885919	31009.170785
1162.666000	31351.000000	119.800202	31009.152971
1164.514500	31253.000000	120.628293	31007.125529
1166.361300	31083.000000	123.160737	31016.768176
1168.207600	31365.000000	125.726408	31013.430337
1170.052200	31002.000000	128.267031	31019.904613
1171.896500	31071.000000	131.245434	31044.494121
1173.740400	31114.000000	135.092662	31059.989821
1175.580900	31205.000000	139.601789	31069.095181
1177.422900	31372.000000	145.819791	31070.054098
1179.262700	31396.000000	158.043871	31064.120492
1181.100700	31153.000000	172.981310	31072.106141
1182.938600	31082.000000	190.108200	31087.868996
1184.774500	31195.000000	207.722513	31110.109842
1186.610200	31410.000000	226.859828	31131.305073
1188.444000	31157.000000	251.647315	31150.178013
1190.277500	31563.000000	292.218933	31162.542974
1192.110700	31720.000000	349.222861	31168.122998
1193.942000	31788.000000	425.120928	31172.958596
1195.771600	31760.000000	525.759846	31185.397576
1197.600700	31861.000000	640.391862	31201.437174
1199.428100	31859.000000	768.789787	31231.625454
1201.255200	32103.000000	882.183985	31241.726877
1203.082000	32267.000000	927.906257	31242.225987
1204.907000	32109.000000	891.175050	31232.930796
1206.730100	32109.000000	794.770907	31235.522537
1208.552900	31941.000000	680.876588	31235.022843
1210.373900	31892.000000	585.063116	31255.584073
1212.194600	31803.000000	512.309616	31265.101087
1214.015000	31778.000000	462.348679	31283.940518
1215.833500	31629.000000	436.789422	31312.586231
1217.650300	31630.000000	426.469249	31339.606179
1219.466700	31790.000000	431.250277	31356.155662
1221.281300	31723.000000	438.593951	31365.980925
1223.095600	31980.000000	455.573388	31381.697455
1224.909500	31866.000000	479.106682	31398.363898
1226.721700	31993.000000	514.569654	31409.126315
1228.532000	32005.000000	554.459196	31432.963306
1230.342000	32089.000000	607.478974	31470.131391
1232.151700	32093.000000	677.265584	31515.290764
1233.959700	32356.000000	770.845116	31540.646596
1235.765900	32634.000000	894.626270	31552.647181
1237.571700	32779.000000	1038.142742	31557.684026
1239.377100	32884.000000	1218.843556	31578.396172
1241.180800	33182.000000	1444.459244	31600.844468
1242.982700	33411.000000	1725.043271	31622.782297
1244.784200	33641.000000	2082.718219	31643.355351
1246.585300	34155.000000	2530.441976	31717.557719
1248.384900	34579.000000	3079.213641	31819.451530
1250.182500	35270.000000	3769.359398	31896.726974
1251.979700	36301.000000	4538.782175	31985.714707
1253.776900	37206.000000	5355.608298	32044.869084
1255.572000	37851.000000	5944.211239	32089.816708
1257.365500	37841.000000	6122.821173	32115.870953
1259.160000	37741.000000	5779.871380	32119.432559
1260.951300	37123.000000	5061.607725	32099.509842
1262.742300	35983.000000	4222.968862	32113.166920
1264.533100	35406.000000	3429.913335	32054.765876
1266.322000	34760.000000	2783.785749	32026.997573
1268.109000	33859.000000	2282.400473	31994.672866
1269.895800	33668.000000	1873.366324	31956.157355
1271.682400	33339.000000	1562.399111	31961.429130
1273.466900	33336.000000	1325.388289	32001.241115
1275.251500	33067.000000	1155.265175	32024.265224
1277.033900	32896.000000	1021.662921	32030.060225
1278.814700	32941.000000	926.172984	32031.209517
1280.595200	33009.000000	837.078288	32068.133258
1282.375400	32794.000000	775.021665	32098.311075
1284.153800	32610.000000	720.516342	32115.665272
1285.931900	32919.000000	684.380084	32131.452748
1287.708100	32830.000000	655.376841	32155.642952
1289.482500	32894.000000	644.546863	32185.837261
1291.256800	32949.000000	648.261368	32210.759950
1293.030600	32898.000000	655.790770	32230.788308
1294.802900	33032.000000	658.539922	32248.405285
1296.574600	33130.000000	672.485451	32276.526450
1298.344600	33060.000000	694.197762	32300.236369
1300.114400	32958.000000	725.397759	32327.718399
1301.882300	33166.000000	777.498313	32362.266699
1303.648300	33326.000000	855.245406	32391.116926
1305.415800	33494.000000	961.628022	32405.564210
1307.179700	33714.000000	1100.860281	32427.769952
1308.943500	33906.000000	1291.947118	32469.490474
1310.707000	34066.000000	1532.358052	32535.797314
1312.468600	34354.000000	1852.666936	32609.209630
1314.230000	34951.000000	2245.736244	32666.095918
1315.989500	35433.000000	2643.049702	32703.562022
1317.748800	35888.000000	3017.633258	32737.752792
1319.506200	36192.000000	3279.536742	32772.633883
1321.263400	36452.000000	3530.637474	32789.327475
1323.018900	36390.000000	3802.130162	32780.107003
1324.774000	36935.000000	4199.199199	32833.098114
1326.527300	37571.000000	4716.039159	32966.518492
1328.278900	38399.000000	5491.748423	33075.890557
1330.031700	39466.000000	6505.877158	33208.333562
1331.781100	40848.000000	7771.172281	33312.244197
1333.531900	41949.000000	8858.523366	33364.939078
1335.279300	42448.000000	9291.419439	33390.717785
1337.027800	42144.000000	8723.074030	33349.402090
1338.773200	40986.000000	7497.371052	33287.890630
1340.518300	39408.000000	6158.048904	33315.518286
1342.263100	38260.000000	4846.757215	33257.411916
1344.006000	37027.000000	3848.548668	33225.885661
1345.748700	36318.000000	3107.177511	33216.780476
1347.489500	35814.000000	2561.944116	33193.906815
1349.230200	35603.000000	2183.284907	33194.530081
1350.969100	35050.000000	1938.857598	33247.605051
1352.707500	35234.000000	1788.720757	33243.361058
1354.445900	35194.000000	1702.492912	33231.140167
1356.180900	35284.000000	1685.878823	33227.571559
1357.917000	35041.000000	1730.734964	33267.211624
1359.649900	35420.000000	1859.426863	33286.394389
1361.384200	35560.000000	2058.876676	33312.332101
1363.115000	36035.000000	2323.100837	33360.029500
1364.847000	36322.000000	2647.035117	33406.747193
1366.577400	36461.000000	3020.007455	33445.357143
1368.305900	36912.000000	3340.495415	33472.197392
1370.034300	37063.000000	3521.202608	33517.251125
1371.760600	37399.000000	3490.003233	33549.970857
1373.486900	36889.000000	3320.583588	33607.813513
1375.211300	36869.000000	3039.374741	33629.907859
1376.935400	36436.000000	2763.955759	33631.401767
1378.657800	36167.000000	2542.080053	33613.040170
1380.380000	36078.000000	2399.678023	33608.742344
1382.100200	35943.000000	2320.691789	33597.068950
1383.820300	35894.000000	2299.264739	33616.201305
1385.540200	36050.000000	2341.150646	33639.195543
1387.256500	36165.000000	2389.095110	33651.369292
1388.974200	36140.000000	2334.317439	33627.219073
1390.690300	35906.000000	2153.407055	33614.073863
1392.404400	35848.000000	1863.526165	33603.952565
1394.118400	35255.000000	1588.491318	33609.764213
1395.830400	35088.000000	1324.861018	33583.355240
1397.542200	34810.000000	1109.379774	33569.825429
1399.252300	34709.000000	937.856880	33575.029992
1400.962200	34367.000000	810.494128	33586.423026
1402.671800	34400.000000	713.974465	33590.849052
1404.379500	34245.000000	623.729309	33595.795036
1406.085600	34164.000000	550.556630	33607.296044
1407.791300	34175.000000	493.772288	33618.944234
1409.495200	34034.000000	451.722086	33629.020724
1411.199000	34137.000000	418.928257	33641.608324
1412.902500	34191.000000	387.577578	33644.999723
1414.604000	34182.000000	366.273322	33647.178197
1416.304000	34245.000000	354.630072	33648.149346
1418.003700	33923.000000	337.197111	33654.026961
1419.701500	33829.000000	320.280316	33657.157292
1421.399000	33823.000000	304.623568	33657.141734
1423.096400	33836.000000	294.299137	33652.208818
1424.792000	33715.000000	283.643100	33656.014068
1426.485700	33759.000000	275.726083	33657.062075
1428.179300	33842.000000	267.845297	33654.378268
1429.871100	33878.000000	264.296954	33651.860001
1431.562500	33968.000000	262.983697	33655.769180
1433.253900	33880.000000	261.272342	33660.033711
1434.943400	33774.000000	259.965989	33666.162748
1436.631000	33988.000000	264.297498	33663.723518
1438.318500	33731.000000	270.970765	33668.356780
1440.005600	33832.000000	288.156855	33675.244752
1441.691000	33753.000000	310.761435	33679.511461
1443.374800	33948.000000	347.909118	33676.270044
1445.058200	33994.000000	394.805576	33685.890676
1446.741300	34241.000000	468.604983	33694.874973
1448.422900	34264.000000	575.294758	33705.260140
1450.102400	34548.000000	728.334933	33705.697328
1451.781700	34823.000000	954.840012	33715.811470
1453.460900	35157.000000	1266.696849	33723.646008
1455.138200	35212.000000	1629.881848	33730.879997
1456.813800	35879.000000	1950.873430	33715.755149
1458.489100	35817.000000	2105.221592	33705.698884
1460.164300	35730.000000	1994.157561	33693.162315
1461.837600	35542.000000	1708.399621	33685.403079
1463.509200	35029.000000	1346.865280	33676.973279
1465.180500	34819.000000	1017.066687	33679.651485
1466.851600	34350.000000	752.509424	33682.873299
1468.520900	34246.000000	568.896056	33679.702206
1470.189900	34373.000000	442.485938	33661.293622
1471.857200	34180.000000	360.222931	33649.802571
1473.522800	33996.000000	302.595135	33646.533461
1475.188100	33895.000000	262.122487	33645.150639
1476.853100	33718.000000	234.307178	33645.042042
1478.516500	33813.000000	210.520459	33643.718964
1480.178000	34041.000000	192.631134	33641.394865
1481.839200	33812.000000	180.179339	33641.767953
1483.500400	34092.000000	168.656724	33639.742573
1485.159700	33875.000000	160.828807	33641.114193
1486.818600	33920.000000	155.549447	33643.462252
1488.476000	33847.000000	150.333701	33647.662682
1490.131500	33830.000000	146.428383	33647.969492
1491.788300	33787.000000	142.369231	33654.431166
1493.441800	33831.000000	139.611522	33656.849549
1495.095100	33747.000000	137.942243	33658.553494
1496.748000	33843.000000	137.496653	33659.717566
1498.399400	33798.000000	135.392461	33664.110608
1500.050400	33739.000000	134.432912	33664.933331
1501.699700	33764.000000	134.078795	33664.768102
1503.347300	33983.000000	135.200782	33661.939292
1504.996100	33706.000000	135.445553	33664.415551
1506.641600	33618.000000	136.318364	33666.795971
1508.287000	33802.000000	137.827111	33671.708039
1509.932000	33838.000000	140.573871	33671.527873
1511.575300	33575.000000	144.267830	33683.580268
1513.218500	34015.000000	144.675983	33688.619913
1514.859700	33723.000000	145.267276	33690.995977
1516.500900	33787.000000	149.046301	33690.111643
1518.140300	34143.000000	154.182077	33693.870840
1519.777800	33886.000000	160.469187	33700.058377
1521.416700	33915.000000	169.785381	33708.913852
1523.052200	33963.000000	184.073485	33709.512224
1524.689200	34009.000000	201.681905	33711.278714
1526.322800	33780.000000	229.224942	33724.760605
1527.956200	33957.000000	260.945598	33733.722810
1529.589400	33916.000000	301.676359	33731.994905
1531.220800	34095.000000	350.597788	33738.069177
1532.851900	34359.000000	419.030397	33747.276269
1534.481400	34449.000000	515.718051	33755.407972
1536.110600	34365.000000	656.175994	33750.817650
1537.738000	34554.000000	841.164909	33756.160371
1539.365200	35023.000000	1086.559634	33772.464227
1540.990700	35176.000000	1388.777169	33795.727001
1542.616000	35535.000000	1732.884188	33806.455073
1544.239500	35926.000000	2112.320690	33810.567755
1545.862700	36387.000000	2426.650052	33807.253525
1547.484400	36444.000000	2591.954992	33810.636211
1549.105600	36342.000000	2507.688270	33795.999271
1550.725100	36182.000000	2232.646578	33787.292223
1552.344500	35631.000000	1863.774631	33775.390433
1553.962000	35130.000000	1508.582321	33778.791789
1555.579300	34959.000000	1185.063992	33767.663246
1557.195100	34734.000000	923.044132	33763.944501
1558.810400	34711.000000	711.395209	33760.760028
1560.424100	34444.000000	564.657430	33759.465577
1562.037500	34215.000000	457.651821	33756.391567
1563.649200	34222.000000	374.171766	33755.308398
1565.260600	33972.000000	308.178271	33763.551498
1566.870500	33987.000000	265.128759	33769.510328
1568.479900	33938.000000	232.287983	33773.072246
1570.089100	33950.000000	204.086090	33775.675461
1571.695200	33714.000000	183.462724	33786.586498
1573.302500	33938.000000	168.176750	33799.292342
1574.906500	33775.000000	155.183584	33807.961428
1576.511800	33825.000000	142.495925	33820.161315
1578.115500	34095.000000	131.114044	33830.571997
1579.717400	33967.000000	122.781601	33842.908487
1581.319100	33842.000000	115.413918	33856.921538
1582.919100	34112.000000	108.628038	33873.186188
1584.518700	33751.000000	102.896039	33892.642467
1586.116600	33880.000000	97.524428	33913.110036
1587.714500	33737.000000	92.593525	33931.879572
1589.310500	34086.000000	87.581331	33950.808425
1590.906300	33831.000000	82.744079	33972.597206
1592.501800	33994.000000	77.994441	33992.189465
1594.095700	34035.000000	73.343447	34008.161618
1595.687900	33990.000000	68.218406	34032.274497
1597.279700	33913.000000	64.891389	34055.279314
1598.869900	33966.000000	62.511334	34076.824452
1600.459700	34077.000000	60.351875	34096.271707
1602.048100	34157.000000	57.771934	34116.333516
1603.636000	33976.000000	56.377760	34137.370519
1605.223900	34241.000000	54.653137	34156.855737
1606.809800	33999.000000	52.747891	34173.573444
1608.394200	34083.000000	49.982792	34200.127732
1609.978300	34103.000000	47.651604	34220.039247
1611.560700	34067.000000	45.680085	34239.509841
1613.142900	34247.000000	43.777616	34256.626774
1614.724700	34447.000000	42.292420	34273.726593
1616.304900	34265.000000	41.640931	34294.495059
1617.883500	34342.000000	39.963549	34322.076818
1619.461800	34341.000000	37.563698	34344.175208
1621.038300	34453.000000	35.026627	34370.341161
1622.614700	34615.000000	33.274325	34391.835267
1624.190800	34720.000000	31.997265	34410.731137
1625.765300	34585.000000	31.008149	34428.581488
1627.337900	34734.000000	30.356220	34452.437967
1628.910400	34479.000000	29.609268	34469.060768
1630.482700	34831.000000	28.884317	34488.112221
1632.053200	34772.000000	28.366259	34501.713911
1633.622100	34795.000000	27.701878	34518.883742
1635.190600	34731.000000	26.924522	34532.196671
1636.759000	34980.000000	26.211160	34544.043384
1638.325700	35048.000000	25.822044	34544.837480
1639.890700	34955.000000	25.734582	34550.298444
1641.455400	34988.000000	25.663850	34555.667926
1643.019900	34799.000000	25.290551	34565.058917
1644.582800	34852.000000	23.697769	34569.396572
1646.143900	34759.000000	21.793132	34577.264716
1647.704700	34868.000000	19.988765	34580.003600
1649.265500	34822.000000	19.023722	34582.899933
1650.824500	34694.000000	18.752649	34576.965375
1652.381600	34829.000000	18.854464	34575.387763
1653.938700	34684.000000	19.593930	34569.353631
1655.495500	34527.000000	20.760299	34565.650755
1657.050700	34762.000000	20.833731	34553.507500
1658.604100	34562.000000	20.486737	34537.875140
1660.157200	34773.000000	19.556312	34515.376279
1661.710200	34632.000000	18.809165	34493.865992
1663.261500	34375.000000	18.167685	34467.295834
1664.811200	34607.000000	17.679778	34448.215132
1666.361900	34399.000000	17.785569	34417.840970
1667.909700	34566.000000	18.515356	34384.072919
1669.457200	34490.000000	18.925551	34343.785628
1671.004300	34278.000000	18.942583	34311.623506
1672.549900	34164.000000	18.355616	34281.622120
1674.093600	34018.000000	18.195305	34252.718528
1675.637300	34145.000000	17.832563	34214.502670
1677.180800	34120.000000	17.317927	34175.910923
1678.722400	34125.000000	17.056168	34138.282858
1680.263900	33883.000000	17.064949	34105.913498
1681.803700	33913.000000	16.782302	34065.984671
1683.341800	34000.000000	16.414552	34026.606608
1684.881200	33999.000000	16.528697	33987.717386
1686.417500	33909.000000	16.938268	33954.545530
1687.953400	33819.000000	17.107219	33919.283882
1689.489100	33879.000000	16.911994	33886.188572
1691.023200	33758.000000	17.324864	33846.701601
1692.557100	33577.000000	18.065564	33811.916971
1694.089200	33739.000000	18.480342	33770.799178
1695.619800	33530.000000	18.418533	33731.515087
1697.151500	33428.000000	18.736702	33694.503441
1698.680200	33476.000000	18.737031	33656.195789
1700.208500	33436.000000	18.593877	33613.731581
1701.736600	33307.000000	18.014462	33578.117693
1703.263100	33601.000000	17.573115	33534.340986
1704.789300	33399.000000	17.351974	33494.432385
1706.314000	33538.000000	17.258737	33454.647627
1707.838100	33519.000000	16.773674	33420.355573
1709.361000	33198.000000	17.428387	33389.925245
1710.883300	33305.000000	17.953155	33357.006522
1712.404100	33262.000000	18.377174	33321.555685
1713.923100	33158.000000	18.498853	33289.412544
1715.443500	33299.000000	18.833557	33254.503136
1716.960700	33040.000000	19.074870	33220.044763
1718.479100	33298.000000	18.952987	33181.753914
1719.994500	33078.000000	18.277116	33152.617726
1721.509600	33043.000000	18.124365	33126.462508
1723.024400	32714.000000	17.743705	33100.232143
1724.537600	33022.000000	17.457036	33064.634748
1726.050700	32997.000000	16.776716	33035.078329
1727.561900	32944.000000	16.726130	33001.760380
1729.073000	32959.000000	16.239361	32970.447585
1730.582400	32897.000000	15.490418	32938.970339
1732.091700	33106.000000	14.269499	32912.342927
1733.599200	32699.000000	14.167817	32884.270926
1735.106600	32853.000000	14.426871	32851.398256
1736.612100	32770.000000	14.741987	32812.734319
1738.117600	32673.000000	14.942429	32773.845097
1739.621300	32624.000000	15.017744	32746.371469
1741.125000	32412.000000	14.833781	32728.664098
1742.626800	32459.000000	14.229998	32698.810827
1744.128400	32384.000000	13.469048	32660.974125
1745.628500	32702.000000	13.575874	32618.948505
1747.128300	32710.000000	14.096760	32583.462196
1748.626300	32414.000000	14.758361	32550.604928
1750.124300	32338.000000	14.741436	32532.398447
1751.620500	32280.000000	14.771017	32514.030160
1753.116600	32293.000000	14.818184	32491.309126
1754.612400	32298.000000	14.736634	32464.892995
1756.105100	32320.000000	14.360816	32435.900254
1757.599100	32315.000000	14.395769	32405.484084
1759.091300	32343.000000	14.481588	32372.580297
1760.582000	32289.000000	14.611400	32340.049443
1762.072400	32285.000000	14.584079	32314.116709
1763.561000	32149.000000	14.639706	32292.359823
1765.049600	31889.000000	14.631984	32274.470576
1766.536500	32263.000000	14.487909	32252.073155
1768.023200	32135.000000	13.897926	32228.962541
1769.508100	31942.000000	13.744879	32207.631175
1770.992900	32113.000000	13.686124	32187.618531
1772.477500	32096.000000	13.760029	32162.704088
1773.959000	32239.000000	13.444397	32140.042020
1775.441700	32003.000000	13.750699	32117.009043
1776.922700	32018.000000	14.093892	32099.851969
1778.402100	31958.000000	14.119218	32081.452721
1779.881300	31960.000000	13.730328	32064.964343
1781.358900	31905.000000	13.604584	32050.850784
1782.836200	31872.000000	13.421840	32037.845755
1784.311900	32003.000000	13.045967	32022.476175
1785.787400	31943.000000	12.233400	32007.466147
1787.262600	31921.000000	11.807088	31988.977749
1788.736200	31973.000000	11.330991	31975.961363
1790.208300	31931.000000	11.005867	31960.138569
1791.679800	31987.000000	10.400681	31946.328864
1793.150000	31779.000000	10.341047	31929.744958
1794.619900	31990.000000	10.481723	31917.322899
1796.089600	31876.000000	10.678785	31904.438446
1797.557600	31790.000000	10.471620	31894.679190
1799.023900	31731.000000	10.302573	31878.870088
1800.490100	31828.000000	10.192657	31865.153421
1801.954600	31802.000000	10.312222	31850.909018
1803.418900	31749.000000	10.141651	31840.315525
1804.883100	31488.000000	10.371596	31828.308250
1806.345500	31823.000000	10.594386	31814.204649
1807.806400	31662.000000	10.769034	31794.631682
1809.266800	31592.000000	10.616503	31781.516655
1810.727400	31570.000000	10.712849	31768.759781
1812.186000	31616.000000	10.814254	31751.804187
1813.643300	31596.000000	10.724139	31735.602238
1815.100100	31721.000000	10.331226	31722.893127
1816.556800	31561.000000	10.081042	31712.856778
1818.010400	31446.000000	9.819660	31710.741004
1819.465300	31737.000000	9.560784	31701.546203
1820.918500	31697.000000	9.088972	31684.348833
1822.370100	31543.000000	9.223679	31667.767884
1823.821400	31653.000000	9.407363	31659.356443
1825.272600	31435.000000	9.450628	31649.386839
1826.722200	31524.000000	9.182575	31642.540408
1828.169900	31497.000000	9.251359	31633.439579
1829.617600	31358.000000	9.520625	31625.015691
1831.065200	31580.000000	9.510226	31619.354803
1832.511000	31425.000000	9.150951	31608.959679
1833.956500	31387.000000	8.856418	31603.029321
1835.400500	31455.000000	8.704544	31600.362472
1836.842900	31710.000000	8.718910	31588.698879
1838.285200	31403.000000	8.536196	31577.944047
1839.727100	31331.000000	8.575514	31575.755461
1841.167400	31574.000000	8.631386	31571.493731
1842.606100	31378.000000	8.785182	31560.870366
1844.044400	31341.000000	8.702361	31556.491327
1845.482800	31264.000000	9.061061	31554.528647
1846.919400	31430.000000	9.451189	31550.127825
1848.356000	31261.000000	9.577662	31546.235605
1849.790800	31382.000000	9.480779	31543.836670
1851.224000	31521.000000	9.587609	31532.723530
1852.656900	31301.000000	9.689623	31525.037262
1854.089700	31470.000000	9.618756	31524.842317
1855.520800	31411.000000	9.177198	31528.926060
1856.951800	31228.000000	8.992908	31539.665489
1858.381100	31456.000000	8.662903	31552.473551
1859.808700	31603.000000	8.342139	31551.061323
1861.236300	31570.000000	7.873350	31545.635677
1862.663500	31521.000000	7.775309	31550.998468
1864.089100	31330.000000	7.625396	31568.581528
1865.514600	31553.000000	7.306898	31585.843931
1866.938500	31569.000000	6.816940	31590.224371
1868.360700	31545.000000	7.094452	31591.820031
1869.784200	31600.000000	7.537748	31598.354362
1871.204500	31453.000000	7.755008	31605.281229
1872.624600	31404.000000	7.690670	31620.726267
1874.044700	31607.000000	7.658802	31631.828672
1875.463000	31613.000000	7.655338	31628.407557
1876.881200	31673.000000	7.947793	31626.120798
1878.297700	31559.000000	8.283947	31628.719034
1879.714100	31562.000000	8.420268	31633.855141
1881.128800	31588.000000	8.378432	31641.058168
1882.541900	31775.000000	7.993507	31651.527972
1883.956200	31885.000000	7.300086	31648.474344
1885.367400	31918.000000	7.443718	31614.937801
1886.778600	31678.000000	8.674745	31597.459448
1888.189500	31961.000000	10.691465	31636.119807
