Raman_Shift Original_Spectrum Predicted_Raman Predicted_Baseline
294.894650	35810.000000	34.483351	36372.937701
297.232540	35947.000000	35.827321	36380.482233
299.568300	36253.000000	34.401597	36451.079586
301.905240	36349.000000	33.948921	36447.746998
304.238400	36835.000000	35.326630	36499.975597
306.571040	36873.000000	37.697803	36563.216984
308.903260	37523.000000	40.767709	36624.494292
311.233340	37547.000000	45.298109	36672.940356
313.562930	37415.000000	48.233300	36684.923983
315.890440	37522.000000	49.047446	36686.161179
318.215790	37172.000000	48.280368	36666.933607
320.540680	36963.000000	46.522548	36652.265862
322.865110	36793.000000	43.887482	36625.972331
325.187410	36535.000000	40.547814	36611.149625
327.509250	36447.000000	39.611465	36590.356887
329.828920	36473.000000	40.835307	36565.758589
332.148160	36286.000000	42.920091	36540.389221
334.465270	36164.000000	45.629078	36514.321596
336.781950	36206.000000	48.184656	36490.755124
339.096470	35942.000000	50.256073	36481.936679
341.408870	36065.000000	52.927016	36481.983976
343.722530	36081.000000	56.022330	36518.741399
346.032350	36295.000000	59.368557	36566.531525
348.341740	36215.000000	61.773243	36636.507791
350.650670	36727.000000	64.857929	36713.589844
352.957460	36679.000000	69.472225	36799.044753
355.263760	36932.000000	73.016450	36884.864349
357.568020	36907.000000	75.130833	36970.008715
359.871800	37023.000000	77.020535	37049.455008
362.173430	37090.000000	78.754245	37127.347338
364.474640	37329.000000	79.352097	37197.612988
366.773710	37288.000000	78.897275	37254.952178
369.072360	37057.000000	78.552415	37324.456716
371.368870	37342.000000	78.738735	37403.567572
373.664920	37265.000000	77.220756	37483.162602
375.958890	37467.000000	74.744171	37556.737192
378.252380	37456.000000	72.738287	37633.938111
380.543790	37669.000000	71.414801	37702.565161
382.834750	37654.000000	67.902183	37759.375368
385.123570	37528.000000	63.439207	37805.650116
387.411960	37663.000000	58.824546	37848.707407
389.698210	37631.000000	54.453232	37891.771543
391.984070	37693.000000	55.051804	37919.757195
394.267790	37573.000000	57.619662	37947.219466
396.551060	37337.000000	59.606030	37986.414564
398.832210	37591.000000	62.170782	38036.391565
401.112950	37650.000000	64.056049	38079.212992
403.391570	37880.000000	66.251049	38120.781664
405.669770	37832.000000	68.360259	38148.093330
407.945860	38070.000000	70.476343	38174.108679
410.221470	37969.000000	72.131878	38180.313330
412.495030	38065.000000	74.613738	38189.783980
414.768100	37996.000000	77.918687	38196.823801
417.039090	38026.000000	82.389097	38209.622682
419.309630	38218.000000	85.239213	38215.739585
421.579740	38196.000000	87.978641	38224.525047
423.846100	38294.000000	91.499329	38232.187200
426.113680	38313.000000	96.234683	38244.006531
428.377470	38463.000000	122.348468	38245.349523
430.642520	38299.000000	155.428520	38255.862580
432.905460	38606.000000	187.950789	38256.662899
435.166320	38704.000000	223.953050	38250.710292
437.426700	38573.000000	269.426798	38236.827308
439.685060	38671.000000	314.900449	38221.132092
441.942900	38741.000000	371.323819	38192.446317
444.198730	38814.000000	439.469923	38169.997553
446.454070	38767.000000	537.312897	38141.520259
448.708980	38684.000000	647.617449	38104.507680
450.961820	38889.000000	772.088536	38064.324319
453.212550	38712.000000	906.384379	38027.137487
455.462890	38693.000000	1019.648743	37988.262890
457.711120	38697.000000	1032.294531	37962.563064
459.958920	38524.000000	1029.239114	37917.659314
462.204590	38602.000000	1008.680062	37889.551684
464.449890	38331.000000	990.895211	37855.088178
466.694760	38523.000000	969.142371	37855.171570
468.937500	38286.000000	950.490844	37835.314820
471.178160	38428.000000	935.692720	37833.930753
473.418460	38085.000000	914.760269	37812.135439
475.656620	37955.000000	885.123648	37810.719011
477.894380	38205.000000	857.042701	37802.898786
480.131680	37984.000000	830.859401	37802.479956
482.366910	38017.000000	802.292646	37792.097590
484.600040	37935.000000	774.286224	37799.121230
486.832790	37980.000000	751.928710	37791.228814
489.063450	38186.000000	731.737923	37796.342517
491.293670	38004.000000	716.541896	37785.818259
493.523500	37951.000000	699.227761	37795.646127
495.751190	38004.000000	677.390283	37799.545660
497.976840	38104.000000	646.563724	37812.622102
500.202090	38083.000000	597.030679	37805.561122
502.426910	37864.000000	525.405506	37795.251569
504.649660	37878.000000	450.459335	37775.762617
506.870270	37954.000000	375.237782	37764.423726
509.090550	37745.000000	311.998942	37735.807652
511.310360	37666.000000	297.116376	37708.300573
513.528140	37866.000000	289.012115	37675.043146
515.743770	37476.000000	283.737130	37649.928934
517.959110	37678.000000	283.526393	37616.701379
520.173890	37607.000000	286.684067	37578.697425
522.386660	37503.000000	295.733671	37529.185928
524.597410	37608.000000	310.456123	37491.934373
526.807740	37450.000000	337.194855	37447.460032
529.017580	37399.000000	380.815745	37406.907006
531.225400	37547.000000	451.048839	37373.097570
533.431210	37494.000000	552.183639	37358.522552
535.636470	37646.000000	692.582966	37349.708463
537.841430	37792.000000	868.761837	37348.840310
540.044310	38012.000000	1070.359163	37340.914288
542.245120	38278.000000	1261.751565	37322.994858
544.445500	38257.000000	1368.971450	37287.109944
546.645450	37882.000000	1332.641102	37233.798488
548.843380	37782.000000	1174.417446	37157.427138
551.040830	37757.000000	961.292196	37091.730028
553.236330	37284.000000	759.225476	37001.568420
555.429690	37051.000000	591.013117	36912.335333
557.622680	36886.000000	470.551949	36822.487381
559.815250	36823.000000	389.782656	36762.987454
562.005800	36709.000000	331.855440	36700.883067
564.195920	36428.000000	293.710566	36659.622449
566.383910	36491.000000	264.194386	36627.544341
568.569950	36632.000000	242.950807	36606.932080
570.755550	36571.000000	225.076963	36582.644325
572.940730	36577.000000	211.365100	36559.682138
575.123900	36483.000000	200.161683	36535.508270
577.306640	36379.000000	192.201414	36525.375459
579.487300	36464.000000	187.291506	36519.432187
581.665950	36557.000000	185.347243	36516.683346
583.844120	36646.000000	184.459292	36514.677570
586.021970	36619.000000	186.077822	36516.007494
588.197750	36606.000000	190.002481	36518.883290
590.373170	36801.000000	196.544981	36518.180055
592.546450	36726.000000	205.318424	36507.795822
594.719420	36651.000000	216.566105	36508.685757
596.890260	36896.000000	229.944572	36508.733054
599.059140	36597.000000	243.362461	36508.288709
601.229190	36596.000000	259.681311	36507.617212
603.395570	36783.000000	279.261240	36516.224688
605.561580	36826.000000	300.462500	36520.320878
607.727170	36990.000000	327.261812	36520.482062
609.890750	36825.000000	361.549121	36513.916458
612.053960	36985.000000	407.644754	36505.117927
614.215030	37139.000000	474.076838	36502.566365
616.375790	37195.000000	570.037024	36507.047779
618.534480	37221.000000	716.011669	36526.057535
620.692750	37413.000000	930.231834	36547.526747
622.849000	37776.000000	1241.523438	36593.265045
625.004820	37764.000000	1664.750804	36629.141868
627.158750	38613.000000	2199.959674	36685.840056
629.310490	39051.000000	2792.472883	36727.508924
631.463560	39526.000000	3275.370539	36757.383354
633.612920	39413.000000	3386.698906	36729.002521
635.763490	39221.000000	3021.516921	36647.140957
637.910460	38271.000000	2378.011376	36554.917563
640.058650	37643.000000	1758.394826	36448.996641
642.203190	37158.000000	1283.363291	36344.263128
644.348880	36881.000000	959.864410	36226.087241
646.491030	36620.000000	746.219046	36142.988481
648.634400	36231.000000	604.187148	36052.856124
650.774050	35998.000000	514.021535	35975.474106
652.914980	36050.000000	455.061053	35906.965300
655.052250	36171.000000	418.517557	35855.951493
657.190730	36027.000000	394.878583	35790.163522
659.325620	35622.000000	376.850439	35732.602160
661.461730	35894.000000	366.135203	35677.942732
663.594180	35774.000000	361.911396	35636.640418
665.727910	35639.000000	362.192885	35600.440604
667.857910	35701.000000	366.788652	35567.751989
669.989200	35727.000000	374.078027	35537.160010
672.118470	35867.000000	381.449473	35508.756151
674.245670	35594.000000	391.887927	35493.011149
676.372560	35775.000000	402.374846	35484.983065
678.497380	35812.000000	416.206799	35477.302242
680.621830	35919.000000	431.615897	35475.264727
682.744320	35811.000000	459.476305	35469.378710
684.866390	35659.000000	492.449482	35466.367867
686.986450	35624.000000	532.304174	35469.652536
689.106080	35746.000000	575.760068	35476.784461
691.223750	35689.000000	629.310889	35474.925556
693.341000	35680.000000	687.538031	35472.902976
695.457820	35789.000000	750.944414	35489.183806
697.571110	35967.000000	820.917801	35531.050576
699.685610	35889.000000	899.635421	35557.561301
701.798100	36302.000000	991.085489	35559.851483
703.908570	36516.000000	1098.179819	35595.252844
706.018620	36635.000000	1228.830352	35595.482485
708.126770	36600.000000	1387.842115	35609.918100
710.234380	36774.000000	1583.176602	35586.532104
712.340150	37050.000000	1844.699218	35683.909652
714.445430	37405.000000	2205.946042	35754.052703
716.550350	37776.000000	2753.069304	36021.917506
718.653260	38445.000000	3531.333241	36137.859220
720.754270	39791.000000	4598.818552	36487.771664
722.854800	41793.000000	6104.049770	36771.558834
724.953370	44629.000000	8069.223925	37333.320592
727.051570	48428.000000	10420.424456	37768.711594
729.149350	51243.000000	12275.211833	38165.316371
731.243530	51691.000000	12520.106981	38148.095197
733.338990	49634.000000	10797.699598	37997.134856
735.432370	45750.000000	8394.207613	37329.437240
737.523800	42363.000000	6385.993592	36753.733998
739.614870	39929.000000	4956.344918	36092.700314
741.705570	38497.000000	3865.954986	35758.862707
743.792600	37403.000000	3071.688401	35455.706073
745.880920	36884.000000	2499.797255	35315.505854
747.967220	36650.000000	2095.504965	35253.258331
750.051570	36364.000000	1802.587406	35155.812949
752.135500	36086.000000	1606.543305	35024.608540
754.219120	36042.000000	1446.384429	34951.732829
756.300720	36018.000000	1306.273047	34944.165893
758.380310	35680.000000	1186.074504	34946.630951
760.459530	35556.000000	1076.530752	34942.452613
762.538390	35308.000000	979.444923	34945.334011
764.615300	35720.000000	894.824561	34950.586494
766.690190	35541.000000	818.068065	34954.452421
768.764710	35401.000000	745.937752	34940.486044
770.838810	35467.000000	677.963451	34911.288089
772.909360	35259.000000	616.222234	34882.888586
774.981140	35078.000000	561.088395	34865.709731
777.050960	35262.000000	515.069581	34857.540377
779.120420	35355.000000	473.021402	34846.967577
781.187870	35271.000000	432.224421	34837.864726
783.253420	35139.000000	393.195136	34821.471254
785.318480	34930.000000	364.374431	34826.464846
787.383240	35217.000000	333.305824	34841.589383
789.445980	34928.000000	300.969273	34855.605547
791.506770	34905.000000	268.455435	34871.079834
793.567260	34980.000000	239.345871	34886.078038
795.627260	35164.000000	212.855333	34890.122574
797.685360	35122.000000	189.381939	34893.699739
799.741520	35082.000000	171.003305	34890.709433
801.797240	35017.000000	159.998567	34873.416069
803.852600	35057.000000	150.205472	34844.850403
805.906010	34786.000000	141.653384	34829.321973
807.959050	35116.000000	137.537027	34816.295940
810.010130	34966.000000	135.833568	34798.888067
812.059200	35034.000000	134.433243	34780.351905
814.107970	35250.000000	132.101569	34766.577206
816.156370	35072.000000	130.391283	34736.953576
818.202760	35015.000000	128.712397	34698.449890
820.247190	34763.000000	127.512676	34653.797562
822.292850	34710.000000	126.142651	34627.393255
824.335020	35011.000000	122.593239	34598.400048
826.376770	34760.000000	115.858399	34566.723344
828.418090	34783.000000	107.346929	34529.031801
830.457520	34697.000000	97.250962	34503.462042
832.496640	34818.000000	88.932744	34468.609577
834.533690	34638.000000	86.713887	34424.733298
836.568910	34471.000000	86.348617	34367.755060
838.603700	34414.000000	86.481398	34324.559612
840.638060	34541.000000	88.566521	34278.813224
842.670530	34316.000000	89.099238	34235.021582
844.702640	34309.000000	88.906441	34192.538703
846.732790	34457.000000	87.916982	34162.312033
848.762570	34367.000000	86.168578	34126.154539
850.790470	34202.000000	84.720091	34088.211573
852.816350	34174.000000	83.108163	34052.115067
854.843440	34124.000000	81.943994	34024.113234
856.867070	34363.000000	80.447285	33987.338386
858.890200	34123.000000	78.580901	33943.746512
860.913150	34160.000000	76.331570	33884.208000
862.934020	33964.000000	73.179073	33836.397337
864.954530	33887.000000	69.631970	33795.518831
866.973140	33985.000000	66.729233	33734.967785
868.991390	33636.000000	64.664442	33676.019867
871.007690	34098.000000	63.868207	33619.637823
873.023620	33903.000000	72.289561	33558.664214
875.037660	33689.000000	82.621286	33492.232130
877.051270	33754.000000	93.483431	33422.921759
879.062990	33710.000000	103.515784	33365.113487
881.074340	33739.000000	114.519792	33318.425510
883.083740	33686.000000	126.940841	33266.738340
885.092770	33662.000000	142.017380	33212.383544
887.099850	33524.000000	161.011442	33163.055324
889.104980	33695.000000	196.226386	33104.551751
891.111450	33348.000000	234.060657	33036.241468
893.114260	33223.000000	279.612158	32974.103475
895.118410	33508.000000	330.423259	32920.649504
897.119020	33493.000000	387.865990	32876.358129
899.120790	33566.000000	447.763470	32822.928429
901.119080	33356.000000	510.012977	32774.168710
903.118650	33460.000000	569.955966	32729.071414
905.114620	33575.000000	613.566198	32694.500866
907.111880	33312.000000	644.975844	32656.900184
909.107180	33441.000000	681.095104	32623.424629
911.100520	33516.000000	718.975914	32586.759933
913.093630	33454.000000	741.216430	32548.868621
915.084660	33402.000000	740.172857	32504.419485
917.075380	33371.000000	723.078950	32450.877765
919.064210	33491.000000	691.103371	32388.314720
921.052730	33185.000000	641.019484	32319.780398
923.039310	32996.000000	579.224085	32251.431219
925.025450	32811.000000	517.031600	32183.317905
927.009770	32666.000000	458.953701	32123.170753
928.993650	32555.000000	408.992764	32068.577292
930.975590	32889.000000	370.681922	32023.031917
932.957280	32520.000000	337.961840	31972.998906
934.937010	32411.000000	315.146931	31928.929548
936.916380	32576.000000	297.710859	31889.422351
938.895390	32584.000000	287.391406	31852.732917
940.870970	32263.000000	283.514258	31824.190278
942.847660	32443.000000	285.403833	31793.299424
944.822510	32186.000000	292.089838	31763.982448
946.795470	32179.000000	298.261720	31742.539062
948.768010	32212.000000	310.600601	31729.672969
950.738710	32191.000000	326.839171	31722.631748
952.708980	32192.000000	356.199204	31729.845044
954.677310	32323.000000	402.715183	31741.899927
956.645390	32303.000000	477.593170	31770.932498
958.613160	32567.000000	595.137817	31814.589250
960.578920	32628.000000	776.236379	31871.996896
962.542720	32977.000000	1032.941057	31920.037045
964.506290	33351.000000	1354.107359	31980.005743
966.467960	33540.000000	1675.682534	32033.537194
968.429260	33857.000000	1802.546176	32072.085067
970.390140	33479.000000	1668.211437	32069.869564
972.347660	33258.000000	1434.600259	32052.511789
974.306270	33278.000000	1280.216313	32061.686209
976.263060	33126.000000	1300.404611	32069.706202
978.218020	33179.000000	1561.072143	32067.008081
980.172490	33865.000000	2268.556073	32120.391729
982.125120	35476.000000	3695.863223	32228.235035
984.077390	37577.000000	5739.109250	32416.170304
986.029360	38794.000000	7110.405577	32615.233183
987.979370	38855.000000	6555.376831	32610.863167
989.927490	37141.000000	4893.948036	32390.086499
991.875310	34991.000000	3123.512173	32063.644065
993.822750	33455.000000	1972.285077	31731.737555
995.768370	32752.000000	1249.970118	31552.463904
997.711980	32427.000000	836.457511	31407.213149
999.655270	31800.000000	608.532193	31305.824204
1001.596700	31866.000000	482.495902	31238.557106
1003.537700	31744.000000	407.666885	31195.953340
1005.478600	31586.000000	355.087408	31166.031457
1007.417400	31791.000000	312.435508	31152.875979
1009.354300	31722.000000	279.030472	31143.226719
1011.291000	31709.000000	248.213286	31138.868995
1013.227200	31394.000000	221.114730	31142.149151
1015.161600	31731.000000	199.011633	31144.102807
1017.094100	31559.000000	181.390280	31133.407252
1019.026200	31680.000000	166.092638	31124.424667
1020.958000	31710.000000	153.220622	31121.554627
1022.888000	31456.000000	139.843390	31118.842348
1024.816000	31561.000000	128.033248	31101.580411
1026.743800	31433.000000	117.689437	31094.104802
1028.671100	31686.000000	108.466475	31083.962501
1030.596600	31510.000000	102.512507	31077.589976
1032.521700	31485.000000	98.766155	31060.185836
1034.444900	31592.000000	95.324396	31044.833681
1036.366300	31580.000000	92.976717	31029.279735
1038.287400	31673.000000	92.352955	31016.786574
1040.208100	31499.000000	94.962501	30992.909870
1042.127000	31455.000000	97.744461	30975.583366
1044.043800	31329.000000	102.323513	30957.162647
1045.960400	31346.000000	109.730179	30944.049799
1047.876700	31323.000000	118.205078	30924.425801
1049.791000	31189.000000	129.382959	30903.540336
1051.705100	31181.000000	143.218598	30897.305346
1053.617300	31360.000000	155.344583	30885.488660
1055.527600	31091.000000	162.762092	30858.860781
1057.437500	31099.000000	170.986346	30842.007561
1059.347300	31338.000000	180.060104	30837.214515
1061.255000	31323.000000	199.773640	30825.805612
1063.162500	31234.000000	233.736344	30808.617733
1065.068000	31263.000000	282.240091	30801.165617
1066.971700	31333.000000	345.735740	30790.541319
1068.875000	31412.000000	413.920234	30785.742360
1070.778100	31602.000000	466.602902	30771.606709
1072.679200	31510.000000	504.156482	30763.206004
1074.580000	31357.000000	516.012647	30761.482766
1076.479000	31352.000000	500.651158	30764.148837
1078.377600	31332.000000	462.109703	30764.837447
1080.274400	31523.000000	409.660954	30772.808899
1082.169200	31618.000000	351.163760	30771.782518
1084.065300	31128.000000	290.641360	30774.084836
1085.958000	31225.000000	245.130098	30762.878190
1087.850300	30955.000000	201.733227	30750.529410
1089.742400	31136.000000	167.704945	30733.811081
1091.632600	31173.000000	140.077299	30723.265663
1093.522500	30982.000000	127.840908	30710.840336
1095.410400	30991.000000	118.767569	30705.511618
1097.298100	30957.000000	114.443518	30706.463630
1099.183800	31010.000000	112.243661	30704.420203
1101.069300	31135.000000	112.250594	30697.421456
1102.952900	30954.000000	113.580343	30690.208160
1104.834600	30978.000000	115.563511	30686.902799
1106.717700	31063.000000	118.415416	30688.008372
1108.597200	31133.000000	118.734109	30682.481441
1110.477900	30936.000000	120.026556	30688.505304
1112.355300	30966.000000	121.838457	30689.202783
1114.232300	30809.000000	124.434194	30697.075595
1116.109100	31121.000000	126.852129	30696.499160
1117.984000	31199.000000	131.491148	30707.803823
1119.858500	30880.000000	137.052065	30729.575177
1121.731300	31099.000000	147.796920	30747.571466
1123.603600	31122.000000	162.837160	30761.452739
1125.474100	31288.000000	189.852013	30779.890883
1127.344400	31333.000000	228.816401	30800.220761
1129.212600	31181.000000	295.655043	30823.629627
1131.080700	31304.000000	397.753796	30831.700652
1132.946900	31582.000000	541.247397	30844.768537
1134.812700	31735.000000	689.526926	30847.054052
1136.676800	31795.000000	744.638323	30849.654311
1138.540400	31643.000000	664.783624	30842.358401
1140.402300	31788.000000	519.387088	30840.094356
1142.263800	31375.000000	387.363223	30836.836448
1144.123400	31446.000000	289.334735	30850.042179
1145.982800	31114.000000	222.822876	30834.041243
1147.841800	30959.000000	177.467079	30829.498686
1149.697500	31418.000000	148.690686	30827.222817
1151.554400	31139.000000	129.461684	30828.018158
1153.407800	31069.000000	120.744883	30820.508010
1155.262600	31104.000000	115.622234	30829.972436
1157.115500	31259.000000	113.654702	30829.216303
1158.966400	31098.000000	113.339812	30828.497042
1160.817100	31314.000000	114.831697	30828.473705
1162.666000	31351.000000	116.615661	30832.501438
1164.514500	31253.000000	118.048571	30825.006693
1166.361300	31083.000000	121.378203	30827.394892
1168.207600	31365.000000	125.138791	30816.780551
1170.052200	31002.000000	131.323926	30812.999728
1171.896500	31071.000000	139.134709	30810.115841
1173.740400	31114.000000	149.410705	30806.824638
1175.580900	31205.000000	163.276643	30794.574809
1177.422900	31372.000000	178.692510	30787.243114
1179.262700	31396.000000	193.662397	30795.357703
1181.100700	31153.000000	204.630028	30807.373224
1182.938600	31082.000000	215.800208	30817.985853
1184.774500	31195.000000	230.361982	30834.276796
1186.610200	31410.000000	249.918612	30848.355815
1188.444000	31157.000000	279.742458	30872.117855
1190.277500	31563.000000	321.992137	30891.939599
1192.110700	31720.000000	384.483265	30919.304941
1193.942000	31788.000000	466.415619	30938.229282
1195.771600	31760.000000	563.879009	30971.505068
1197.600700	31861.000000	670.711804	30995.956030
1199.428100	31859.000000	775.786355	31027.507956
1201.255200	32103.000000	851.267148	31051.933868
1203.082000	32267.000000	864.271867	31076.478490
1204.907000	32109.000000	810.669625	31075.223091
1206.730100	32109.000000	722.637250	31081.316967
1208.552900	31941.000000	625.079148	31087.454562
1210.373900	31892.000000	536.415416	31094.580731
1212.194600	31803.000000	460.026018	31092.109139
1214.015000	31778.000000	405.427657	31099.013447
1215.833500	31629.000000	372.711853	31118.439076
1217.650300	31630.000000	359.844709	31141.478900
1219.466700	31790.000000	372.263307	31156.967968
1221.281300	31723.000000	393.969239	31178.421000
1223.095600	31980.000000	422.732418	31200.494186
1224.909500	31866.000000	454.127749	31221.051682
1226.721700	31993.000000	488.340495	31237.593269
1228.532000	32005.000000	535.401948	31265.749596
1230.342000	32089.000000	593.316173	31298.676098
1232.151700	32093.000000	664.416293	31335.150359
1233.959700	32356.000000	749.993646	31376.282933
1235.765900	32634.000000	854.167449	31425.649737
1237.571700	32779.000000	984.217354	31491.841290
1239.377100	32884.000000	1156.767018	31543.348295
1241.180800	33182.000000	1376.167165	31606.039230
1242.982700	33411.000000	1654.215188	31658.827616
1244.784200	33641.000000	1995.860106	31734.777337
1246.585300	34155.000000	2441.481315	31812.593431
1248.384900	34579.000000	2981.328892	31883.459320
1250.182500	35270.000000	3644.238286	32014.902393
1251.979700	36301.000000	4387.209459	32154.470012
1253.776900	37206.000000	5157.830224	32326.128807
1255.572000	37851.000000	5788.046335	32454.614247
1257.365500	37841.000000	6007.776240	32539.809644
1259.160000	37741.000000	5656.360241	32533.643578
1260.951300	37123.000000	4902.283863	32471.954287
1262.742300	35983.000000	4038.062794	32349.822857
1264.533100	35406.000000	3254.481340	32215.920639
1266.322000	34760.000000	2597.704563	32082.983035
1268.109000	33859.000000	2082.433191	32003.870001
1269.895800	33668.000000	1700.668701	31973.212988
1271.682400	33339.000000	1413.395226	31940.917687
1273.466900	33336.000000	1194.273573	31928.939972
1275.251500	33067.000000	1025.764867	31919.328053
1277.033900	32896.000000	903.336119	31927.863493
1278.814700	32941.000000	810.597201	31937.017065
1280.595200	33009.000000	740.295767	31960.138880
1282.375400	32794.000000	683.161247	31989.155114
1284.153800	32610.000000	637.129481	32025.748241
1285.931900	32919.000000	606.722879	32068.268926
1287.708100	32830.000000	589.793424	32103.556090
1289.482500	32894.000000	580.583259	32147.604133
1291.256800	32949.000000	581.125815	32199.033969
1293.030600	32898.000000	589.357636	32256.255538
1294.802900	33032.000000	600.813408	32311.935902
1296.574600	33130.000000	620.807966	32363.967221
1298.344600	33060.000000	650.043261	32407.290248
1300.114400	32958.000000	691.166849	32449.033173
1301.882300	33166.000000	743.949557	32492.148341
1303.648300	33326.000000	815.175154	32548.582038
1305.415800	33494.000000	909.110972	32607.901488
1307.179700	33714.000000	1033.796997	32677.893312
1308.943500	33906.000000	1198.720058	32762.802125
1310.707000	34066.000000	1450.844527	32854.037566
1312.468600	34354.000000	1768.720871	32950.405380
1314.230000	34951.000000	2154.694504	33054.744335
1315.989500	35433.000000	2592.936566	33166.925607
1317.748800	35888.000000	3001.166973	33261.788000
1319.506200	36192.000000	3319.994551	33355.082115
1321.263400	36452.000000	3589.954435	33449.472314
1323.018900	36390.000000	3878.579615	33566.287782
1324.774000	36935.000000	4303.903462	33725.960150
1326.527300	37571.000000	4890.478223	33846.584913
1328.278900	38399.000000	5690.332728	33974.029192
1330.031700	39466.000000	6752.780571	34123.171079
1331.781100	40848.000000	8007.209777	34313.655731
1333.531900	41949.000000	9181.703536	34510.597079
1335.279300	42448.000000	9707.571045	34629.982157
1337.027800	42144.000000	9181.391125	34610.999783
1338.773200	40986.000000	7922.582569	34425.800597
1340.518300	39408.000000	6575.175081	34164.189609
1342.263100	38260.000000	5398.167723	33933.004438
1344.006000	37027.000000	4429.010261	33721.674771
1345.748700	36318.000000	3696.658563	33565.017602
1347.489500	35814.000000	3174.258377	33440.391866
1349.230200	35603.000000	2827.843750	33360.197374
1350.969100	35050.000000	2607.304969	33286.266499
1352.707500	35234.000000	2465.439078	33241.834788
1354.445900	35194.000000	2403.547373	33260.223457
1356.180900	35284.000000	2398.373615	33274.293763
1357.917000	35041.000000	2448.811142	33306.318039
1359.649900	35420.000000	2555.904227	33358.092025
1361.384200	35560.000000	2711.424707	33430.458823
1363.115000	36035.000000	2905.248171	33495.284046
1364.847000	36322.000000	3125.328449	33571.005682
1366.577400	36461.000000	3358.410489	33656.377821
1368.305900	36912.000000	3572.913116	33738.010367
1370.034300	37063.000000	3692.975602	33788.427357
1371.760600	37399.000000	3699.336147	33830.561729
1373.486900	36889.000000	3575.775532	33885.002718
1375.211300	36869.000000	3375.058495	33897.457451
1376.935400	36436.000000	3116.501291	33877.520420
1378.657800	36167.000000	2856.237652	33859.220744
1380.380000	36078.000000	2632.246950	33850.996626
1382.100200	35943.000000	2484.289828	33875.970190
1383.820300	35894.000000	2422.960712	33887.153498
1385.540200	36050.000000	2456.904104	33894.622728
1387.256500	36165.000000	2517.182724	33931.016087
1388.974200	36140.000000	2508.952849	33951.829361
1390.690300	35906.000000	2332.574598	33940.151299
1392.404400	35848.000000	2026.409766	33908.152850
1394.118400	35255.000000	1670.169294	33867.971356
1395.830400	35088.000000	1343.516200	33839.349680
1397.542200	34810.000000	1079.482085	33775.329133
1399.252300	34709.000000	868.741145	33720.740651
1400.962200	34367.000000	720.792891	33694.243617
1402.671800	34400.000000	629.867099	33679.063693
1404.379500	34245.000000	559.622375	33666.189509
1406.085600	34164.000000	508.880605	33659.068785
1407.791300	34175.000000	464.216219	33645.846095
1409.495200	34034.000000	424.854414	33640.497773
1411.199000	34137.000000	389.497628	33628.677819
1412.902500	34191.000000	357.005669	33618.818834
1414.604000	34182.000000	332.313321	33608.043154
1416.304000	34245.000000	316.563632	33578.493581
1418.003700	33923.000000	305.188082	33543.443838
1419.701500	33829.000000	298.236321	33513.352214
1421.399000	33823.000000	292.718822	33491.798986
1423.096400	33836.000000	286.949336	33476.639599
1424.792000	33715.000000	283.948140	33462.078273
1426.485700	33759.000000	283.821437	33459.891398
1428.179300	33842.000000	282.724363	33460.773242
1429.871100	33878.000000	284.741263	33462.051512
1431.562500	33968.000000	288.131670	33457.072855
1433.253900	33880.000000	292.253278	33454.365711
1434.943400	33774.000000	299.329739	33463.214651
1436.631000	33988.000000	309.249460	33465.274570
1438.318500	33731.000000	323.863004	33470.120670
1440.005600	33832.000000	342.662587	33473.208060
1441.691000	33753.000000	377.274131	33496.195763
1443.374800	33948.000000	425.618910	33517.582205
1445.058200	33994.000000	497.714372	33551.822295
1446.741300	34241.000000	598.696857	33587.281533
1448.422900	34264.000000	746.181395	33629.301396
1450.102400	34548.000000	941.956571	33668.326597
1451.781700	34823.000000	1198.917571	33728.263401
1453.460900	35157.000000	1504.105108	33774.222627
1455.138200	35212.000000	1840.683621	33824.378237
1456.813800	35879.000000	2133.704176	33860.383883
1458.489100	35817.000000	2253.852388	33873.821278
1460.164300	35730.000000	2129.941401	33868.038568
1461.837600	35542.000000	1838.331361	33827.021904
1463.509200	35029.000000	1497.347515	33777.866381
1465.180500	34819.000000	1181.390054	33707.519206
1466.851600	34350.000000	919.390653	33654.823235
1468.520900	34246.000000	715.359620	33610.794484
1470.189900	34373.000000	571.685971	33587.065584
1471.857200	34180.000000	469.421716	33553.751524
1473.522800	33996.000000	400.666233	33532.917713
1475.188100	33895.000000	347.769988	33510.793807
1476.853100	33718.000000	310.201414	33507.362267
1478.516500	33813.000000	279.144884	33507.430724
1480.178000	34041.000000	251.255012	33520.817087
1481.839200	33812.000000	229.794473	33532.267376
1483.500400	34092.000000	216.074209	33542.329863
1485.159700	33875.000000	205.218598	33536.631168
1486.818600	33920.000000	196.460558	33534.562536
1488.476000	33847.000000	189.418578	33528.998265
1490.131500	33830.000000	182.859217	33524.794412
1491.788300	33787.000000	177.882175	33519.339671
1493.441800	33831.000000	173.939195	33520.222760
1495.095100	33747.000000	170.015761	33525.208885
1496.748000	33843.000000	166.681286	33521.764277
1498.399400	33798.000000	163.850628	33510.970549
1500.050400	33739.000000	162.220526	33502.737095
1501.699700	33764.000000	162.426995	33503.285992
1503.347300	33983.000000	164.102925	33499.547643
1504.996100	33706.000000	168.294857	33483.224495
1506.641600	33618.000000	174.109209	33474.552919
1508.287000	33802.000000	180.843931	33479.284510
1509.932000	33838.000000	187.678596	33484.424351
1511.575300	33575.000000	195.465935	33492.081525
1513.218500	34015.000000	204.032861	33503.185797
1514.859700	33723.000000	213.398298	33511.388134
1516.500900	33787.000000	223.425002	33519.706847
1518.140300	34143.000000	235.902080	33523.672347
1519.777800	33886.000000	249.520300	33525.300368
1521.416700	33915.000000	262.932355	33538.429708
1523.052200	33963.000000	277.097625	33544.201216
1524.689200	34009.000000	297.037651	33540.209578
1526.322800	33780.000000	324.415440	33534.645929
1527.956200	33957.000000	361.856748	33543.134539
1529.589400	33916.000000	413.626921	33558.902567
1531.220800	34095.000000	479.578759	33582.456592
1532.851900	34359.000000	562.119249	33607.608144
1534.481400	34449.000000	685.703162	33625.742901
1536.110600	34365.000000	849.810269	33642.188027
1537.738000	34554.000000	1060.154317	33678.444472
1539.365200	35023.000000	1315.710091	33721.801105
1540.990700	35176.000000	1624.264834	33782.368954
1542.616000	35535.000000	1961.231837	33835.633113
1544.239500	35926.000000	2292.147283	33893.984215
1545.862700	36387.000000	2564.872033	33946.185431
1547.484400	36444.000000	2693.265368	33984.974769
1549.105600	36342.000000	2611.354951	33984.210545
1550.725100	36182.000000	2359.110372	33944.692457
1552.344500	35631.000000	2022.464803	33895.174114
1553.962000	35130.000000	1676.853140	33841.408355
1555.579300	34959.000000	1370.737940	33793.126586
1557.195100	34734.000000	1115.577968	33738.114918
1558.810400	34711.000000	915.383924	33698.888704
1560.424100	34444.000000	758.208119	33663.395238
1562.037500	34215.000000	640.435387	33646.956335
1563.649200	34222.000000	544.622693	33621.196765
1565.260600	33972.000000	468.466164	33608.016394
1566.870500	33987.000000	405.776435	33600.346773
1568.479900	33938.000000	356.619162	33604.818851
1570.089100	33950.000000	318.278973	33597.356467
1571.695200	33714.000000	289.079268	33601.794317
1573.302500	33938.000000	263.824215	33611.684419
1574.906500	33775.000000	243.005611	33625.420533
1576.511800	33825.000000	224.375147	33637.605173
1578.115500	34095.000000	208.489167	33657.890088
1579.717400	33967.000000	195.125072	33665.107273
1581.319100	33842.000000	185.001440	33670.551434
1582.919100	34112.000000	175.989255	33667.165948
1584.518700	33751.000000	168.232352	33676.436207
1586.116600	33880.000000	159.041080	33694.356882
1587.714500	33737.000000	148.600876	33713.693985
1589.310500	34086.000000	139.334935	33731.679382
1590.906300	33831.000000	130.867358	33750.777510
1592.501800	33994.000000	124.591051	33774.294195
1594.095700	34035.000000	121.555140	33794.879696
1595.687900	33990.000000	118.409562	33806.496147
1597.279700	33913.000000	115.096947	33823.884728
1598.869900	33966.000000	112.628865	33845.163507
1600.459700	34077.000000	111.391893	33867.044081
1602.048100	34157.000000	111.052479	33881.302332
1603.636000	33976.000000	110.935296	33897.827738
1605.223900	34241.000000	111.331585	33920.409058
1606.809800	33999.000000	110.507384	33939.870628
1608.394200	34083.000000	109.859419	33963.949901
1609.978300	34103.000000	109.080192	33992.463291
1611.560700	34067.000000	108.834711	34029.846780
1613.142900	34247.000000	107.978333	34067.574418
1614.724700	34447.000000	107.623108	34103.458709
1616.304900	34265.000000	106.555060	34134.221207
1617.883500	34342.000000	110.537693	34168.044957
1619.461800	34341.000000	111.745125	34199.982418
1621.038300	34453.000000	112.355876	34236.552518
1622.614700	34615.000000	112.183762	34284.047037
1624.190800	34720.000000	113.111182	34328.957010
1625.765300	34585.000000	113.342748	34368.038221
1627.337900	34734.000000	113.448730	34404.219987
1628.910400	34479.000000	113.155524	34444.286350
1630.482700	34831.000000	114.883429	34483.543681
1632.053200	34772.000000	116.073444	34512.747859
1633.622100	34795.000000	116.808166	34534.551264
1635.190600	34731.000000	116.894816	34565.993349
1636.759000	34980.000000	119.313830	34594.343065
1638.325700	35048.000000	123.074476	34611.623360
1639.890700	34955.000000	127.652604	34617.908914
1641.455400	34988.000000	132.548724	34626.045284
1643.019900	34799.000000	137.391197	34625.841159
1644.582800	34852.000000	141.782110	34615.483686
1646.143900	34759.000000	145.221457	34593.514741
1647.704700	34868.000000	147.289389	34579.974039
1649.265500	34822.000000	145.047690	34560.029540
1650.824500	34694.000000	136.698541	34541.180968
1652.381600	34829.000000	127.196366	34519.644543
1653.938700	34684.000000	116.800649	34500.257032
1655.495500	34527.000000	103.628125	34483.112405
1657.050700	34762.000000	86.924138	34462.063888
1658.604100	34562.000000	68.452330	34435.137446
1660.157200	34773.000000	50.135185	34412.897164
1661.710200	34632.000000	38.482904	34379.169876
1663.261500	34375.000000	37.845420	34348.118616
1664.811200	34607.000000	37.736466	34310.262154
1666.361900	34399.000000	37.493892	34277.101811
1667.909700	34566.000000	36.896344	34246.497385
1669.457200	34490.000000	35.665055	34206.155330
1671.004300	34278.000000	34.124511	34155.363696
1672.549900	34164.000000	32.215578	34106.777606
1674.093600	34018.000000	30.510976	34063.721560
1675.637300	34145.000000	29.183977	34021.320830
1677.180800	34120.000000	28.337255	33976.474957
1678.722400	34125.000000	27.955790	33931.236392
1680.263900	33883.000000	27.078073	33890.626734
1681.803700	33913.000000	25.793823	33853.341573
1683.341800	34000.000000	25.058975	33810.490274
1684.881200	33999.000000	24.679724	33766.979926
1686.417500	33909.000000	24.590738	33723.505672
1687.953400	33819.000000	24.930091	33679.433980
1689.489100	33879.000000	25.445173	33630.997873
1691.023200	33758.000000	25.751263	33583.990018
1692.557100	33577.000000	25.526203	33541.969533
1694.089200	33739.000000	24.610242	33494.038760
1695.619800	33530.000000	23.639992	33447.503877
1697.151500	33428.000000	22.638971	33398.613623
1698.680200	33476.000000	21.720316	33357.444488
1700.208500	33436.000000	20.915517	33321.731650
1701.736600	33307.000000	20.211219	33289.707996
1703.263100	33601.000000	19.755436	33257.661627
1704.789300	33399.000000	19.281140	33219.640247
1706.314000	33538.000000	18.715938	33180.103801
1707.838100	33519.000000	18.465278	33136.372213
1709.361000	33198.000000	18.518560	33094.013801
1710.883300	33305.000000	18.876383	33051.758385
1712.404100	33262.000000	19.200787	33014.756075
1713.923100	33158.000000	19.544848	32979.377740
1715.443500	33299.000000	19.863112	32945.539677
1716.960700	33040.000000	20.144060	32910.668542
1718.479100	33298.000000	20.167893	32870.587866
1719.994500	33078.000000	20.132498	32835.623382
1721.509600	33043.000000	19.992571	32799.035233
1723.024400	32714.000000	20.126693	32763.427880
1724.537600	33022.000000	20.282188	32731.268558
1726.050700	32997.000000	20.775526	32704.839047
1727.561900	32944.000000	21.385232	32674.029874
1729.073000	32959.000000	22.039811	32647.084762
1730.582400	32897.000000	22.376648	32616.928415
1732.091700	33106.000000	22.837743	32577.500254
1733.599200	32699.000000	23.177171	32536.768307
1735.106600	32853.000000	23.358909	32498.498306
1736.612100	32770.000000	22.807545	32460.775957
1738.117600	32673.000000	22.280350	32426.774843
1739.621300	32624.000000	21.679284	32392.840941
1741.125000	32412.000000	20.983468	32359.887212
1742.626800	32459.000000	19.949126	32325.885476
1744.128400	32384.000000	18.968871	32291.889963
1745.628500	32702.000000	18.117062	32268.348384
1747.128300	32710.000000	17.646606	32240.301743
1748.626300	32414.000000	17.377076	32206.895579
1750.124300	32338.000000	17.282515	32180.011143
1751.620500	32280.000000	17.128148	32151.108485
1753.116600	32293.000000	16.925190	32123.889546
1754.612400	32298.000000	16.501667	32097.938920
1756.105100	32320.000000	16.224649	32074.931303
1757.599100	32315.000000	15.847706	32052.760099
1759.091300	32343.000000	15.566004	32028.237725
1760.582000	32289.000000	15.249031	32003.045566
1762.072400	32285.000000	15.106192	31980.284548
1763.561000	32149.000000	15.117875	31950.963838
1765.049600	31889.000000	14.956702	31930.152586
1766.536500	32263.000000	14.650762	31908.973380
1768.023200	32135.000000	14.646879	31891.518209
1769.508100	31942.000000	14.550833	31867.295488
1770.992900	32113.000000	14.726750	31847.257795
1772.477500	32096.000000	14.878063	31828.037691
1773.959000	32239.000000	15.149944	31805.957348
1775.441700	32003.000000	15.438654	31783.434527
1776.922700	32018.000000	15.639044	31762.694688
1778.402100	31958.000000	15.464708	31745.009410
1779.881300	31960.000000	15.300650	31731.574504
1781.358900	31905.000000	15.121847	31713.922521
1782.836200	31872.000000	15.004584	31698.663561
1784.311900	32003.000000	14.881722	31681.745774
1785.787400	31943.000000	14.855677	31668.566336
1787.262600	31921.000000	14.631474	31650.711939
1788.736200	31973.000000	14.453268	31634.287662
1790.208300	31931.000000	14.087738	31616.720160
1791.679800	31987.000000	13.875605	31602.732157
1793.150000	31779.000000	13.637741	31588.209882
1794.619900	31990.000000	13.592327	31571.387156
1796.089600	31876.000000	13.669336	31553.441588
1797.557600	31790.000000	13.882610	31538.923203
1799.023900	31731.000000	13.925000	31522.561936
1800.490100	31828.000000	14.147669	31502.874305
1801.954600	31802.000000	14.242804	31482.290360
1803.418900	31749.000000	14.401862	31470.630345
1804.883100	31488.000000	14.430930	31458.401986
1806.345500	31823.000000	14.691446	31444.340237
1807.806400	31662.000000	14.977072	31426.067011
1809.266800	31592.000000	15.460243	31416.430354
1810.727400	31570.000000	15.796099	31408.644980
1812.186000	31616.000000	15.959620	31397.461361
1813.643300	31596.000000	15.707287	31381.351205
1815.100100	31721.000000	15.559532	31378.279841
1816.556800	31561.000000	15.393296	31366.486648
1818.010400	31446.000000	15.414044	31357.040424
1819.465300	31737.000000	15.441381	31344.803353
1820.918500	31697.000000	15.476162	31333.242289
1822.370100	31543.000000	15.535080	31316.528939
1823.821400	31653.000000	15.630086	31305.193159
1825.272600	31435.000000	15.548456	31286.688892
1826.722200	31524.000000	15.393980	31277.304591
1828.169900	31497.000000	15.198635	31266.680138
1829.617600	31358.000000	15.247967	31262.412806
1831.065200	31580.000000	15.420239	31254.675196
1832.511000	31425.000000	15.462457	31251.388971
1833.956500	31387.000000	15.679779	31240.345999
1835.400500	31455.000000	15.818995	31238.891298
1836.842900	31710.000000	15.963909	31235.692822
1838.285200	31403.000000	16.042564	31228.775601
1839.727100	31331.000000	16.415700	31219.256098
1841.167400	31574.000000	16.254219	31211.710788
1842.606100	31378.000000	15.899856	31203.147654
1844.044400	31341.000000	15.547346	31199.439955
1845.482800	31264.000000	15.505779	31209.403803
1846.919400	31430.000000	15.394210	31220.774744
1848.356000	31261.000000	15.134432	31213.352500
1849.790800	31382.000000	15.124562	31216.614298
1851.224000	31521.000000	14.974397	31215.077760
1852.656900	31301.000000	14.784147	31220.740205
1854.089700	31470.000000	14.755405	31225.920497
1855.520800	31411.000000	14.737790	31233.875613
1856.951800	31228.000000	14.868252	31241.145541
1858.381100	31456.000000	15.094533	31253.083737
1859.808700	31603.000000	15.242519	31253.418396
1861.236300	31570.000000	15.507594	31263.836236
1862.663500	31521.000000	15.848240	31268.994435
1864.089100	31330.000000	16.072733	31282.294294
1865.514600	31553.000000	16.234176	31289.359008
1866.938500	31569.000000	16.142126	31299.621265
1868.360700	31545.000000	16.112896	31302.580609
1869.784200	31600.000000	15.969320	31314.488623
1871.204500	31453.000000	15.761851	31311.942818
1872.624600	31404.000000	15.821183	31316.406339
1874.044700	31607.000000	16.152796	31320.298715
1875.463000	31613.000000	16.359616	31327.565531
1876.881200	31673.000000	16.465195	31329.479047
1878.297700	31559.000000	16.613553	31335.980550
1879.714100	31562.000000	16.891584	31338.882329
1881.128800	31588.000000	17.449381	31342.280885
1882.541900	31775.000000	18.333978	31340.399575
1883.956200	31885.000000	19.586425	31336.814942
1885.367400	31918.000000	20.923483	31313.445905
1886.778600	31678.000000	21.695652	31290.110630
1888.189500	31961.000000	21.787256	31324.068336
