Raman_Shift Original_Spectrum Predicted_Raman Predicted_Baseline
294.894650 54616.000000 37.665787 54382.625000
297.232540 54396.000000 37.422787 54376.707031
299.568300 54370.000000 39.142887 54376.398438
301.905240 54374.000000 41.343777 54375.644531
304.238400 54397.000000 45.344906 54368.906250
306.571040 54111.000000 48.960991 54360.433594
308.903260 54645.000000 51.229530 54356.160156
311.233340 54710.000000 54.275860 54352.105469
313.562930 54456.000000 57.362263 54352.867188
315.890440 54524.000000 65.092926 54356.148438
318.215790 54092.000000 73.443871 54366.648438
320.540680 54378.000000 83.398758 54384.179688
322.865110 54370.000000 94.020844 54407.816406
325.187410 54145.000000 108.006165 54439.632812
327.509250 54556.000000 124.021545 54483.257812
329.828920 54717.000000 143.932709 54541.835938
332.148160 54589.000000 162.474731 54606.941406
334.465270 54743.000000 191.534332 54679.273438
336.781950 54962.000000 222.335373 54753.179688
339.096470 54704.000000 260.256104 54825.703125
341.408870 55033.000000 303.308777 54900.113281
343.722530 55051.000000 349.268860 54978.429688
346.032350 55561.000000 402.858337 55058.804688
348.341740 55398.000000 464.087402 55140.878906
350.650670 55879.000000 529.455811 55224.445312
352.957460 55955.000000 601.074463 55310.089844
355.263760 56080.000000 658.252319 55399.765625
357.568020 55946.000000 698.940186 55490.761719
359.871800 56142.000000 723.624146 55583.535156
362.173430 56244.000000 736.257019 55680.011719
364.474640 56772.000000 741.160828 55779.945312
366.773710 56569.000000 743.491150 55880.800781
369.072360 56409.000000 743.616394 55981.265625
371.368870 56573.000000 748.759644 56078.734375
373.664920 56587.000000 757.660034 56176.417969
375.958890 56770.000000 764.227600 56272.464844
378.252380 56908.000000 775.236511 56366.437500
380.543790 57274.000000 788.834351 56458.925781
382.834750 57286.000000 798.407471 56544.570312
385.123570 57392.000000 794.300171 56624.242188
387.411960 57433.000000 774.701294 56697.160156
389.698210 57690.000000 744.861206 56763.636719
391.984070 57698.000000 700.859985 56827.773438
394.267790 57533.000000 649.804321 56888.968750
396.551060 57526.000000 595.411438 56948.972656
398.832210 57626.000000 546.375854 57007.449219
401.112950 57722.000000 500.115784 57063.210938
403.391570 57961.000000 451.231262 57114.601562
405.669770 57758.000000 414.203613 57163.644531
407.945860 58113.000000 376.319641 57208.285156
410.221470 57725.000000 339.615753 57249.187500
412.495030 57839.000000 304.707947 57287.531250
414.768100 57820.000000 271.035339 57323.402344
417.039090 57694.000000 239.529419 57356.679688
419.309630 57593.000000 213.342163 57386.246094
421.579740 57538.000000 191.380234 57410.800781
423.846100 57698.000000 171.691742 57434.492188
426.113680 57653.000000 157.040207 57458.007812
428.377470 57733.000000 143.421326 57478.281250
430.642520 57532.000000 130.644318 57495.472656
432.905460 57672.000000 122.856934 57511.175781
435.166320 57757.000000 115.013145 57525.062500
437.426700 57668.000000 107.536133 57535.851562
439.685060 57621.000000 100.322151 57541.726562
441.942900 57527.000000 97.800941 57545.007812
444.198730 57711.000000 94.275002 57547.156250
446.454070 58010.000000 90.748528 57549.460938
448.708980 57597.000000 88.421364 57552.699219
450.961820 57807.000000 86.614662 57555.195312
453.212550 57567.000000 85.501816 57556.601562
455.462890 57735.000000 84.481178 57557.378906
457.711120 57657.000000 83.172310 57557.640625
459.958920 57592.000000 82.087997 57557.085938
462.204590 57779.000000 80.673164 57554.757812
464.449890 57580.000000 79.931839 57549.378906
466.694760 57902.000000 79.579819 57540.335938
468.937500 57527.000000 79.321648 57528.675781
471.178160 57568.000000 80.595444 57513.187500
473.418460 57517.000000 82.081573 57495.800781
475.656620 57567.000000 84.823547 57476.601562
477.894380 57592.000000 88.853806 57454.425781
480.131680 57521.000000 95.421249 57429.746094
482.366910 57622.000000 102.478577 57402.476562
484.600040 57525.000000 110.254478 57370.433594
486.832790 57445.000000 119.090637 57335.148438
489.063450 57853.000000 130.476028 57297.820312
491.293670 57770.000000 144.788925 57256.554688
493.523500 57376.000000 164.772995 57209.351562
495.751190 57273.000000 191.156891 57157.320312
497.976840 57578.000000 226.391678 57102.195312
500.202090 57549.000000 274.814178 57042.886719
502.426910 57263.000000 345.559418 56980.039062
504.649660 57342.000000 444.236511 56912.437500
506.870270 57461.000000 579.506470 56841.027344
509.090550 57280.000000 751.752930 56766.871094
511.310360 57437.000000 951.423828 56692.902344
513.528140 57837.000000 1137.609863 56619.457031
515.743770 57653.000000 1218.473145 56543.093750
517.959110 57467.000000 1117.929321 56464.867188
520.173890 57467.000000 889.308899 56386.984375
522.386660 56737.000000 661.339783 56309.851562
524.597410 56649.000000 490.824524 56232.136719
526.807740 56262.000000 367.843872 56155.718750
529.017580 56394.000000 282.522888 56081.707031
531.225400 56322.000000 225.180634 56009.914062
533.431210 55899.000000 189.696075 55941.273438
535.636470 55855.000000 166.169052 55876.949219
537.841430 55677.000000 151.398483 55817.250000
540.044310 55882.000000 142.608917 55759.789062
542.245120 56263.000000 137.256302 55707.003906
544.445500 55945.000000 134.558121 55658.476562
546.645450 55560.000000 134.021149 55613.117188
548.843380 55585.000000 136.101868 55567.460938
551.040830 55642.000000 141.460480 55522.679688
553.236330 55718.000000 150.203400 55480.097656
555.429690 55792.000000 164.530457 55440.886719
557.622680 55766.000000 185.766022 55404.042969
559.815250 55719.000000 213.456345 55368.785156
562.005800 55675.000000 256.211334 55335.476562
564.195920 55656.000000 323.794220 55306.300781
566.383910 55779.000000 423.930115 55279.648438
568.569950 56033.000000 565.877625 55254.460938
570.755550 56041.000000 718.179504 55231.628906
572.940730 56152.000000 779.640747 55211.699219
575.123900 55931.000000 693.803589 55191.750000
577.306640 55802.000000 535.872559 55170.332031
579.487300 55597.000000 402.260284 55148.847656
581.665950 55548.000000 317.807434 55127.046875
583.844120 55619.000000 267.683624 55104.847656
586.021970 55264.000000 239.028412 55083.078125
588.197750 55223.000000 224.151901 55061.285156
590.373170 55332.000000 216.524750 55039.816406
592.546450 55358.000000 211.964752 55016.449219
594.719420 54899.000000 210.514236 54993.007812
596.890260 55405.000000 212.976593 54968.886719
599.059140 54952.000000 219.070709 54944.042969
601.229190 54842.000000 225.494873 54919.371094
603.395570 55268.000000 238.118454 54895.644531
605.561580 54948.000000 251.516571 54870.429688
607.727170 55138.000000 269.861908 54842.101562
609.890750 54966.000000 289.818787 54812.871094
612.053960 55107.000000 311.685883 54782.867188
614.215030 55019.000000 340.641296 54754.437500
616.375790 55175.000000 374.055450 54723.480469
618.534480 54854.000000 410.364563 54689.796875
620.692750 55105.000000 459.538422 54654.203125
622.849000 55421.000000 514.304138 54616.648438
625.004820 54794.000000 576.994995 54577.109375
627.158750 55140.000000 654.889404 54536.898438
629.310490 55253.000000 750.652100 54497.957031
631.463560 55376.000000 873.978149 54459.890625
633.612920 55213.000000 1033.428467 54423.078125
635.763490 55551.000000 1252.552979 54385.476562
637.910460 55696.000000 1525.769653 54350.843750
640.058650 56029.000000 1892.205322 54316.980469
642.203190 56595.000000 2379.709961 54282.535156
644.348880 57396.000000 3035.857422 54250.437500
646.491030 58159.000000 3820.312500 54219.976562
648.634400 58799.000000 4724.022949 54193.890625
650.774050 59700.000000 5635.322266 54167.664062
652.914980 60555.000000 6371.889648 54141.937500
655.052250 60796.000000 6587.135742 54113.281250
657.190730 60335.000000 6117.799805 54086.761719
659.325620 59020.000000 5257.889648 54063.660156
661.461730 58712.000000 4331.131836 54040.976562
663.594180 57439.000000 3537.941895 54017.656250
665.727910 56782.000000 2914.630127 53994.781250
667.857910 56494.000000 2459.910645 53976.078125
669.989200 55915.000000 2102.392334 53963.378906
672.118470 56040.000000 1806.597290 53951.492188
674.245670 55370.000000 1548.528198 53940.617188
676.372560 55315.000000 1340.791260 53928.921875
678.497380 55351.000000 1172.216919 53918.792969
680.621830 55091.000000 1028.148071 53908.406250
682.744320 54744.000000 912.933105 53895.640625
684.866390 54635.000000 815.580017 53881.550781
686.986450 54446.000000 738.419556 53868.929688
689.106080 54641.000000 680.812317 53855.414062
691.223750 54267.000000 636.552002 53844.226562
693.341000 54525.000000 604.262329 53833.433594
695.457820 54364.000000 587.230042 53825.953125
697.571110 54169.000000 582.921448 53818.242188
699.685610 54127.000000 593.501526 53811.335938
701.798100 54553.000000 617.157593 53804.781250
703.908570 54562.000000 662.557007 53796.566406
706.018620 54641.000000 715.175171 53785.914062
708.126770 54278.000000 767.220459 53776.531250
710.234380 54558.000000 787.390869 53767.914062
712.340150 54426.000000 762.953064 53761.179688
714.445430 54361.000000 704.493713 53754.742188
716.550350 54319.000000 623.802795 53749.031250
718.653260 54043.000000 540.355652 53745.347656
720.754270 54269.000000 462.433746 53741.152344
722.854800 54067.000000 403.351166 53736.468750
724.953370 53908.000000 356.074951 53731.457031
727.051570 53945.000000 314.933655 53725.800781
729.149350 53812.000000 277.406921 53719.234375
731.243530 53866.000000 246.808426 53710.664062
733.338990 54081.000000 218.082611 53696.929688
735.432370 53926.000000 190.834503 53677.925781
737.523800 53975.000000 175.678543 53658.539062
739.614870 53977.000000 160.326080 53639.367188
741.705570 53514.000000 148.344025 53622.203125
743.792600 53622.000000 139.682037 53605.289062
745.880920 53377.000000 132.085602 53590.164062
747.967220 53687.000000 124.935753 53575.476562
750.051570 53371.000000 117.994530 53563.433594
752.135500 53479.000000 110.626083 53552.890625
754.219120 53701.000000 105.667923 53543.156250
756.300720 53636.000000 101.557983 53534.167969
758.380310 53607.000000 96.862129 53524.562500
760.459530 53312.000000 90.304726 53512.773438
762.538390 53139.000000 85.693375 53501.785156
764.615300 53803.000000 81.631699 53490.210938
766.690190 53666.000000 77.840317 53477.781250
768.764710 53543.000000 75.436142 53465.402344
770.838810 53641.000000 73.607742 53453.039062
772.909360 53442.000000 69.726936 53439.500000
774.981140 53259.000000 66.319046 53425.019531
777.050960 53569.000000 63.093391 53408.679688
779.120420 53593.000000 60.981335 53391.605469
781.187870 53621.000000 59.162830 53374.187500
783.253420 53259.000000 57.692486 53354.093750
785.318480 53238.000000 58.303272 53333.007812
787.383240 53473.000000 58.054558 53309.003906
789.445980 56541.000000 56.176952 53287.968750
791.506770 53147.000000 55.750072 53269.816406
793.567260 53390.000000 56.832062 53256.839844
795.627260 53514.000000 56.844299 53238.617188
797.685360 53531.000000 57.729561 53217.390625
799.741520 53252.000000 59.066204 53195.414062
801.797240 53134.000000 60.481934 53169.664062
803.852600 53207.000000 59.900665 53141.855469
805.906010 52665.000000 59.748283 53112.902344
807.959050 53205.000000 58.024231 53080.148438
810.010130 52840.000000 57.407845 53046.656250
812.059200 53241.000000 56.355415 53013.394531
814.107970 53172.000000 55.046165 52981.789062
816.156370 53085.000000 54.170856 52951.089844
818.202760 53103.000000 53.078400 52920.316406
820.247190 52798.000000 51.598328 52890.433594
822.292850 52922.000000 50.581581 52858.492188
824.335020 52960.000000 49.538254 52822.425781
826.376770 52907.000000 49.231323 52781.769531
828.418090 52760.000000 48.374073 52739.265625
830.457520 52615.000000 47.534378 52695.246094
832.496640 52855.000000 46.705360 52650.203125
834.533690 52886.000000 46.486271 52602.046875
836.568910 52375.000000 46.736259 52552.632812
838.603700 52454.000000 46.330482 52501.453125
840.638060 52733.000000 45.641991 52448.781250
842.670530 52402.000000 46.093540 52392.468750
844.702640 52185.000000 46.767639 52335.183594
846.732790 52374.000000 47.686501 52276.597656
848.762570 52491.000000 48.364170 52216.023438
850.790470 51992.000000 49.579590 52152.464844
852.816350 52241.000000 50.176735 52086.500000
854.843440 51997.000000 50.352444 52020.789062
856.867070 52158.000000 50.562325 51953.320312
858.890200 52271.000000 51.713989 51884.093750
860.913150 52045.000000 52.845276 51814.414062
862.934020 51587.000000 55.781799 51743.484375
864.954530 51664.000000 59.670635 51673.476562
866.973140 51545.000000 65.023026 51602.332031
868.991390 51247.000000 72.598801 51530.683594
871.007690 51755.000000 82.814972 51458.421875
873.023620 51516.000000 96.349930 51384.578125
875.037660 51108.000000 120.757790 51309.937500
877.051270 51452.000000 156.129730 51232.945312
879.062990 51509.000000 206.323364 51155.410156
881.074340 51394.000000 274.148224 51074.214844
883.083740 51234.000000 353.173767 50990.679688
885.092770 51571.000000 423.659607 50905.703125
887.099850 51224.000000 448.409241 50819.121094
889.104980 51273.000000 415.076019 50730.562500
891.111450 50642.000000 349.027771 50639.554688
893.114260 50566.000000 272.164581 50547.816406
895.118410 50797.000000 208.900192 50455.480469
897.119020 50779.000000 158.819183 50360.484375
899.120790 50540.000000 122.041405 50264.523438
901.119080 50297.000000 96.832695 50169.375000
903.118650 50374.000000 81.562714 50074.414062
905.114620 50157.000000 71.722023 49979.800781
907.111880 49923.000000 64.741280 49885.000000
909.107180 49871.000000 59.684284 49792.242188
911.100520 49922.000000 55.623058 49699.828125
913.093630 49664.000000 52.776001 49608.730469
915.084660 49490.000000 51.089642 49520.523438
917.075380 49504.000000 49.920586 49433.003906
919.064210 49264.000000 49.212730 49344.773438
921.052730 49199.000000 48.835278 49257.039062
923.039310 49334.000000 49.389400 49169.644531
925.025450 49219.000000 49.780319 49083.488281
927.009770 48846.000000 50.911549 48998.640625
928.993650 48975.000000 52.440208 48915.218750
930.975590 48956.000000 54.775299 48833.417969
932.957280 48726.000000 56.986195 48754.570312
934.937010 48644.000000 58.857811 48677.570312
936.916380 48834.000000 60.325489 48601.519531
938.895390 48710.000000 62.724007 48528.933594
940.870970 48280.000000 64.672836 48459.933594
942.847660 48432.000000 66.884964 48392.210938
944.822510 48451.000000 69.808891 48326.160156
946.795470 48054.000000 75.329330 48265.218750
948.768010 48235.000000 82.462326 48206.160156
950.738710 48212.000000 93.588036 48148.332031
952.708980 48120.000000 108.709755 48092.441406
954.677310 48201.000000 133.528000 48038.035156
956.645390 48290.000000 167.564178 47982.671875
958.613160 48192.000000 217.082123 47929.140625
960.578920 48200.000000 289.433289 47875.984375
962.542720 48238.000000 393.871185 47824.113281
964.506290 48318.000000 544.785828 47774.203125
966.467960 48296.000000 742.387817 47725.781250
968.429260 48664.000000 942.638062 47676.882812
970.390140 48731.000000 1054.890625 47627.531250
972.347660 48590.000000 998.974243 47580.445312
974.306270 48514.000000 812.153015 47536.671875
976.263060 48188.000000 602.968140 47495.031250
978.218020 47567.000000 437.819641 47451.113281
980.172490 47717.000000 320.434143 47407.320312
982.125120 47531.000000 244.943802 47367.632812
984.077390 47841.000000 193.372070 47328.500000
986.029360 47335.000000 156.609161 47294.566406
987.979370 47553.000000 129.484467 47259.648438
989.927490 47499.000000 109.265945 47224.246094
991.875310 47370.000000 94.661514 47190.003906
993.822750 47206.000000 84.141373 47157.621094
995.768370 47351.000000 77.354515 47125.957031
997.711980 47447.000000 71.532867 47094.886719
999.655270 46886.000000 67.453537 47067.472656
1001.596700 47129.000000 63.779152 47042.796875
1003.537700 47001.000000 60.026897 47019.382812
1005.478600 46759.000000 57.926613 46998.058594
1007.417400 47247.000000 56.563118 46979.703125
1009.354300 47200.000000 55.750725 46961.562500
1011.291000 46909.000000 55.578613 46943.839844
1013.227200 46833.000000 54.864265 46925.296875
1015.161600 46946.000000 54.130116 46907.277344
1017.094100 46883.000000 54.338867 46890.410156
1019.026200 46893.000000 54.336102 46876.714844
1020.958000 47005.000000 54.186085 46863.589844
1022.888000 46530.000000 54.327496 46851.042969
1024.816000 47010.000000 55.049644 46838.492188
1026.743800 46589.000000 55.747627 46824.695312
1028.671100 46785.000000 57.004051 46812.648438
1030.596600 46800.000000 57.902660 46802.253906
1032.521700 46890.000000 59.473206 46793.734375
1034.444900 46972.000000 61.352867 46785.925781
1036.366300 47066.000000 64.231010 46778.933594
1038.287400 47403.000000 67.035538 46772.367188
1040.208100 46936.000000 70.068573 46765.109375
1042.127000 46629.000000 72.548630 46757.875000
1044.043800 46907.000000 77.637352 46751.843750
1045.960400 47109.000000 84.490463 46741.496094
1047.876700 46755.000000 93.794128 46728.781250
1049.791000 46745.000000 105.109268 46717.406250
1051.705100 46967.000000 120.448753 46706.769531
1053.617300 47149.000000 139.159393 46694.453125
1055.527600 46835.000000 166.179993 46680.152344
1057.437500 46902.000000 201.871994 46666.027344
1059.347300 47235.000000 251.002487 46649.527344
1061.255000 47116.000000 312.991272 46630.296875
1063.162500 46675.000000 389.604950 46613.261719
1065.068000 47080.000000 474.758942 46594.015625
1066.971700 47157.000000 564.985168 46574.207031
1068.875000 47121.000000 649.712219 46553.855469
1070.778100 47417.000000 708.846741 46535.527344
1072.679200 47427.000000 717.842896 46515.183594
1074.580000 47061.000000 668.944031 46495.167969
1076.479000 47068.000000 576.616821 46476.777344
1078.377600 46992.000000 475.102142 46457.132812
1080.274400 47116.000000 386.043121 46437.429688
1082.169200 47064.000000 316.389679 46417.292969
1084.065300 46571.000000 262.487427 46398.828125
1085.958000 46406.000000 219.314301 46382.093750
1087.850300 46320.000000 182.268219 46365.933594
1089.742400 46533.000000 154.777679 46348.953125
1091.632600 46538.000000 133.243927 46333.515625
1093.522500 46395.000000 116.323654 46320.789062
1095.410400 46481.000000 106.088943 46308.511719
1097.298100 46413.000000 97.896591 46296.160156
1099.183800 46368.000000 91.404518 46286.902344
1101.069300 46390.000000 86.855202 46280.125000
1102.952900 46282.000000 82.603668 46274.039062
1104.834600 46271.000000 79.619987 46268.992188
1106.717700 46462.000000 78.041382 46264.015625
1108.597200 46316.000000 76.595665 46259.988281
1110.477900 46127.000000 75.312012 46254.484375
1112.355300 46059.000000 74.778625 46247.628906
1114.232300 46181.000000 74.642967 46245.726562
1116.109100 46351.000000 74.470291 46245.480469
1117.984000 46390.000000 74.414825 46245.613281
1119.858500 45862.000000 76.425156 46242.128906
1121.731300 46115.000000 79.249680 46239.183594
1123.603600 46495.000000 82.232727 46237.179688
1125.474100 46487.000000 83.239433 46236.335938
1127.344400 46436.000000 83.947708 46236.832031
1129.212600 46121.000000 84.944420 46238.250000
1131.080700 46208.000000 87.226974 46240.449219
1132.946900 46349.000000 91.552383 46244.355469
1134.812700 46229.000000 98.389801 46248.425781
1136.676800 46171.000000 105.967545 46252.011719
1138.540400 46087.000000 115.412827 46256.253906
1140.402300 46659.000000 125.910263 46262.375000
1142.263800 46329.000000 139.512756 46269.343750
1144.123400 46580.000000 155.854233 46274.359375
1145.982800 46220.000000 175.899704 46276.847656
1147.841800 46255.000000 199.774979 46280.738281
1149.697500 46883.000000 228.883133 46289.609375
1151.554400 46531.000000 267.135132 46298.070312
1153.407800 46586.000000 316.974426 46310.097656
1155.262600 46772.000000 386.266144 46323.503906
1157.115500 47043.000000 483.299469 46338.554688
1158.966400 46906.000000 595.884888 46352.437500
1160.817100 47179.000000 691.158875 46366.582031
1162.666000 47193.000000 734.928101 46378.652344
1164.514500 47136.000000 716.551270 46390.687500
1166.361300 46992.000000 654.514893 46404.339844
1168.207600 47182.000000 583.570190 46419.332031
1170.052200 46725.000000 525.186096 46437.078125
1171.896500 47008.000000 483.902496 46455.621094
1173.740400 47006.000000 461.611755 46475.269531
1175.580900 47115.000000 458.731262 46496.847656
1177.422900 47243.000000 466.280945 46518.023438
1179.262700 47329.000000 495.537750 46538.523438
1181.100700 47050.000000 544.039246 46561.101562
1182.938600 47050.000000 617.038147 46584.582031
1184.774500 47249.000000 716.986755 46608.531250
1186.610200 47606.000000 848.619446 46633.605469
1188.444000 47404.000000 1017.775513 46655.660156
1190.277500 48122.000000 1228.525757 46675.824219
1192.110700 48435.000000 1473.724731 46699.050781
1193.942000 48339.000000 1732.724243 46722.496094
1195.771600 48677.000000 1968.774414 46745.664062
1197.600700 48959.000000 2128.636963 46768.996094
1199.428100 48851.000000 2158.952637 46795.089844
1201.255200 49026.000000 2060.333496 46819.929688
1203.082000 48894.000000 1864.043579 46842.167969
1204.907000 48364.000000 1605.899658 46866.324219
1206.730100 48225.000000 1364.968506 46894.984375
1208.552900 48196.000000 1178.224854 46922.921875
1210.373900 48221.000000 1052.283081 46950.835938
1212.194600 47829.000000 981.779419 46978.855469
1214.015000 48103.000000 963.976685 47003.703125
1215.833500 47918.000000 995.955872 47028.773438
1217.650300 48232.000000 1087.648438 47054.828125
1219.466700 48421.000000 1254.079834 47084.257812
1221.281300 48342.000000 1496.692139 47114.613281
1223.095600 49146.000000 1821.418213 47143.167969
1224.909500 49539.000000 2193.858643 47177.125000
1226.721700 49920.000000 2533.426270 47212.210938
1228.532000 49749.000000 2753.343262 47248.816406
1230.342000 50091.000000 2774.748291 47286.062500
1232.151700 49679.000000 2588.265137 47323.566406
1233.959700 49675.000000 2257.065674 47359.570312
1235.765900 49422.000000 1879.384399 47397.699219
1237.571700 49006.000000 1518.345459 47437.121094
1239.377100 48665.000000 1225.706055 47478.796875
1241.180800 48653.000000 1007.767883 47520.406250
1242.982700 48288.000000 871.000122 47562.265625
1244.784200 48477.000000 796.244446 47598.929688
1246.585300 48417.000000 766.871704 47635.246094
1248.384900 48147.000000 773.603638 47668.351562
1250.182500 48331.000000 813.061340 47701.058594
1251.979700 48467.000000 884.949890 47731.652344
1253.776900 48882.000000 999.488770 47763.785156
1255.572000 49179.000000 1159.838501 47794.750000
1257.365500 48891.000000 1368.621704 47826.035156
1259.160000 49426.000000 1661.114502 47857.089844
1260.951300 50038.000000 2063.644531 47899.019531
1262.742300 50351.000000 2605.758301 47952.273438
1264.533100 51249.000000 3281.500732 48005.812500
1266.322000 52182.000000 4055.933594 48055.156250
1268.109000 52633.000000 4842.581543 48099.164062
1269.895800 53621.000000 5475.580078 48139.894531
1271.682400 53865.000000 5730.139648 48179.839844
1273.466900 53863.000000 5464.505371 48216.625000
1275.251500 52917.000000 4795.838379 48255.699219
1277.033900 52209.000000 3997.619141 48293.429688
1278.814700 51648.000000 3234.285156 48337.316406
1280.595200 51093.000000 2579.768311 48387.585938
1282.375400 50421.000000 2052.335693 48440.480469
1284.153800 49812.000000 1643.846924 48499.308594
1285.931900 50038.000000 1329.845581 48561.519531
1287.708100 49825.000000 1095.252563 48625.910156
1289.482500 49561.000000 922.168945 48692.050781
1291.256800 49669.000000 794.268311 48757.273438
1293.030600 49531.000000 697.943298 48823.839844
1294.802900 49669.000000 623.238586 48889.804688
1296.574600 49905.000000 565.481750 48957.765625
1298.344600 49537.000000 521.068481 49024.871094
1300.114400 49303.000000 494.188080 49092.097656
1301.882300 49734.000000 473.134674 49160.980469
1303.648300 49615.000000 460.832184 49232.320312
1305.415800 49770.000000 458.942200 49302.378906
1307.179700 49932.000000 458.527832 49371.679688
1308.943500 50246.000000 463.985687 49440.902344
1310.707000 50084.000000 476.054260 49512.605469
1312.468600 49973.000000 500.776031 49583.144531
1314.230000 50438.000000 534.609436 49657.898438
1315.989500 50331.000000 582.901917 49736.015625
1317.748800 50636.000000 660.263184 49816.285156
1319.506200 50868.000000 769.957153 49898.992188
1321.263400 51144.000000 925.078430 49979.976562
1323.018900 51007.000000 1128.544922 50059.039062
1324.774000 51678.000000 1378.930908 50137.890625
1326.527300 51934.000000 1672.667236 50215.890625
1328.278900 52401.000000 1982.553711 50297.515625
1330.031700 52548.000000 2287.328857 50379.460938
1331.781100 53018.000000 2525.814941 50461.535156
1333.531900 53208.000000 2609.987061 50542.398438
1335.279300 53093.000000 2490.428467 50621.359375
1337.027800 53032.000000 2210.414551 50697.675781
1338.773200 52655.000000 1870.599854 50773.703125
1340.518300 52332.000000 1535.214111 50846.171875
1342.263100 52326.000000 1244.280884 50915.101562
1344.006000 51730.000000 1009.488892 50981.496094
1345.748700 52053.000000 828.158203 51047.507812
1347.489500 51970.000000 696.502197 51112.687500
1349.230200 51757.000000 599.774780 51176.949219
1350.969100 51625.000000 526.767212 51240.804688
1352.707500 51946.000000 475.363617 51301.726562
1354.445900 51837.000000 441.393890 51359.488281
1356.180900 51945.000000 421.033203 51414.472656
1357.917000 51665.000000 412.379486 51465.976562
1359.649900 51951.000000 418.188477 51511.671875
1361.384200 51792.000000 438.073822 51553.132812
1363.115000 52201.000000 476.638336 51591.011719
1364.847000 51909.000000 537.782288 51626.222656
1366.577400 52341.000000 633.193970 51656.460938
1368.305900 52447.000000 771.809448 51682.355469
1370.034300 52555.000000 978.692017 51706.839844
1371.760600 53223.000000 1258.291748 51730.996094
1373.486900 53270.000000 1596.254272 51752.367188
1375.211300 53817.000000 1931.686768 51771.503906
1376.935400 53732.000000 2142.621582 51785.078125
1378.657800 54034.000000 2144.099121 51792.804688
1380.380000 53828.000000 1942.132568 51800.601562
1382.100200 53534.000000 1618.888184 51804.914062
1383.820300 53066.000000 1295.427979 51809.894531
1385.540200 52886.000000 1008.384277 51812.886719
1387.256500 52592.000000 783.641479 51814.777344
1388.974200 52656.000000 615.534546 51813.546875
1390.690300 52188.000000 495.719147 51809.433594
1392.404400 52299.000000 410.146057 51802.343750
1394.118400 52190.000000 350.661560 51791.707031
1395.830400 52172.000000 307.815796 51777.636719
1397.542200 52100.000000 277.449982 51762.835938
1399.252300 52154.000000 253.085129 51747.746094
1400.962200 51739.000000 234.709229 51732.648438
1402.671800 52033.000000 219.289108 51717.761719
1404.379500 51872.000000 210.593552 51703.156250
1406.085600 51862.000000 203.372818 51688.015625
1407.791300 51979.000000 196.971405 51673.183594
1409.495200 51704.000000 193.267456 51659.320312
1411.199000 52003.000000 189.102173 51642.968750
1412.902500 51936.000000 187.466934 51625.894531
1414.604000 51947.000000 187.438568 51608.066406
1416.304000 52085.000000 187.968460 51589.113281
1418.003700 51635.000000 187.384399 51568.972656
1419.701500 51836.000000 186.223709 51546.777344
1421.399000 51667.000000 186.217270 51526.406250
1423.096400 51735.000000 189.079437 51506.406250
1424.792000 51539.000000 193.275894 51487.246094
1426.485700 51522.000000 200.441498 51468.875000
1428.179300 51415.000000 208.465729 51453.531250
1429.871100 51791.000000 219.614059 51440.128906
1431.562500 51812.000000 231.485428 51427.941406
1433.253900 51666.000000 247.462723 51417.003906
1434.943400 51673.000000 267.200562 51405.855469
1436.631000 51814.000000 292.996490 51394.039062
1438.318500 51639.000000 323.801453 51381.355469
1440.005600 51405.000000 365.943787 51368.023438
1441.691000 51470.000000 419.616028 51356.253906
1443.374800 51727.000000 487.836029 51345.066406
1445.058200 51758.000000 571.471680 51335.246094
1446.741300 52075.000000 675.075317 51327.285156
1448.422900 52127.000000 812.028564 51320.925781
1450.102400 52290.000000 986.187622 51315.187500
1451.781700 52657.000000 1196.501221 51308.515625
1453.460900 52707.000000 1448.869019 51302.332031
1455.138200 52718.000000 1733.543945 51300.605469
1456.813800 53432.000000 2029.462524 51299.210938
1458.489100 53498.000000 2312.055908 51296.382812
1460.164300 53510.000000 2544.986816 51292.257812
1461.837600 53988.000000 2693.367676 51285.054688
1463.509200 53849.000000 2735.031738 51276.914062
1465.180500 53866.000000 2654.334717 51269.261719
1466.851600 53556.000000 2452.091553 51259.957031
1468.520900 53157.000000 2168.966309 51252.328125
1470.189900 53199.000000 1855.015869 51244.585938
1471.857200 52830.000000 1560.607544 51236.871094
1473.522800 52532.000000 1300.441040 51228.632812
1475.188100 52194.000000 1076.993286 51220.210938
1476.853100 51740.000000 890.387329 51211.816406
1478.516500 51875.000000 737.270752 51204.082031
1480.178000 51934.000000 616.194031 51196.039062
1481.839200 51461.000000 519.904663 51189.484375
1483.500400 51861.000000 443.731506 51182.617188
1485.159700 51476.000000 392.008575 51176.875000
1486.818600 51419.000000 349.569336 51170.953125
1488.476000 51086.000000 318.102509 51166.902344
1490.131500 51438.000000 294.152100 51162.863281
1491.788300 51384.000000 275.425964 51159.820312
1493.441800 51242.000000 260.785950 51156.683594
1495.095100 51442.000000 251.337433 51155.195312
1496.748000 51262.000000 245.010468 51157.312500
1498.399400 51574.000000 239.625565 51159.882812
1500.050400 51352.000000 235.330444 51164.941406
1501.699700 51510.000000 233.909348 51170.773438
1503.347300 51740.000000 234.712982 51178.000000
1504.996100 51582.000000 235.107025 51183.847656
1506.641600 51277.000000 238.993561 51190.386719
1508.287000 51410.000000 245.098602 51198.250000
1509.932000 51487.000000 255.488846 51207.253906
1511.575300 51096.000000 268.265076 51215.746094
1513.218500 51875.000000 285.801086 51224.328125
1514.859700 51596.000000 306.351166 51233.531250
1516.500900 51506.000000 334.666199 51242.625000
1518.140300 51837.000000 367.907593 51250.812500
1519.777800 51820.000000 411.235168 51258.378906
1521.416700 51694.000000 465.682465 51266.226562
1523.052200 51907.000000 533.752991 51271.632812
1524.689200 51937.000000 616.603638 51276.542969
1526.322800 51826.000000 723.693115 51278.828125
1527.956200 52097.000000 861.399536 51280.730469
1529.589400 52087.000000 1035.693115 51284.468750
1531.220800 52386.000000 1250.843384 51288.214844
1532.851900 52933.000000 1512.190063 51291.531250
1534.481400 53422.000000 1817.436157 51295.335938
1536.110600 53390.000000 2150.281738 51300.230469
1537.738000 53749.000000 2487.839355 51308.054688
1539.365200 54025.000000 2789.981689 51318.125000
1540.990700 54388.000000 3016.049805 51326.070312
1542.616000 54313.000000 3133.583496 51331.855469
1544.239500 54294.000000 3115.385498 51335.628906
1545.862700 54277.000000 2953.644287 51334.953125
1547.484400 54000.000000 2678.142578 51333.984375
1549.105600 53668.000000 2345.452637 51330.351562
1550.725100 53581.000000 2012.771484 51326.339844
1552.344500 52979.000000 1708.385010 51317.890625
1553.962000 52253.000000 1440.301392 51308.750000
1555.579300 52329.000000 1208.370483 51301.710938
1557.195100 52199.000000 1005.878235 51296.273438
1558.810400 52405.000000 838.162231 51291.195312
1560.424100 51926.000000 703.345337 51289.523438
1562.037500 51839.000000 599.255432 51289.593750
1563.649200 51761.000000 518.531799 51291.464844
1565.260600 51659.000000 453.974274 51295.531250
1566.870500 51634.000000 403.271942 51300.847656
1568.479900 51507.000000 360.761139 51307.519531
1570.089100 51854.000000 327.432037 51314.035156
1571.695200 51254.000000 300.389709 51321.976562
1573.302500 51636.000000 277.723724 51330.144531
1574.906500 51360.000000 258.159576 51342.363281
1576.511800 51413.000000 235.536697 51353.851562
1578.115500 51821.000000 216.290359 51364.796875
1579.717400 51541.000000 199.946274 51376.636719
1581.319100 51360.000000 186.796921 51390.687500
1582.919100 51946.000000 173.105423 51405.515625
1584.518700 51334.000000 160.443192 51421.289062
1586.116600 51611.000000 148.643112 51439.242188
1587.714500 51599.000000 138.705597 51459.851562
1589.310500 51624.000000 129.204880 51480.609375
1590.906300 51589.000000 120.149582 51501.480469
1592.501800 51600.000000 112.053787 51522.699219
1594.095700 51502.000000 105.595276 51543.703125
1595.687900 51438.000000 98.465012 51564.304688
1597.279700 51320.000000 91.133308 51585.789062
1598.869900 51697.000000 83.517624 51605.675781
1600.459700 51705.000000 77.410645 51624.343750
1602.048100 51797.000000 73.826752 51641.457031
1603.636000 51402.000000 70.057243 51659.105469
1605.223900 51795.000000 66.662178 51676.660156
1606.809800 51370.000000 64.325638 51695.800781
1608.394200 51538.000000 61.509014 51715.207031
1609.978300 51581.000000 59.171875 51736.640625
1611.560700 51565.000000 57.645824 51756.875000
1613.142900 52064.000000 56.879162 51775.304688
1614.724700 52073.000000 55.736938 51792.734375
1616.304900 51880.000000 54.980125 51809.695312
1617.883500 51825.000000 54.047279 51825.941406
1619.461800 51990.000000 51.909355 51842.000000
1621.038300 52024.000000 48.459988 51858.238281
1622.614700 52291.000000 45.736996 51873.011719
1624.190800 51935.000000 43.408012 51886.242188
1625.765300 52027.000000 41.075184 51897.839844
1627.337900 52153.000000 38.480194 51908.437500
1628.910400 51734.000000 35.597759 51918.281250
1630.482700 52062.000000 33.155506 51927.496094
1632.053200 52083.000000 31.365976 51935.550781
1633.622100 52174.000000 30.087597 51942.628906
1635.190600 51774.000000 29.010830 51950.656250
1636.759000 52245.000000 28.222256 51958.062500
1638.325700 52260.000000 27.416128 51966.511719
1639.890700 52326.000000 26.551157 51974.804688
1641.455400 52323.000000 26.037079 51980.906250
1643.019900 51969.000000 25.316896 51985.000000
1644.582800 51957.000000 24.231415 51986.125000
1646.143900 51969.000000 23.160585 51984.863281
1647.704700 51980.000000 22.131805 51981.023438
1649.265500 52364.000000 21.024426 51971.933594
1650.824500 51798.000000 20.616026 51958.160156
1652.381600 52075.000000 20.671906 51941.554688
1653.938700 52242.000000 20.930729 51922.648438
1655.495500 51826.000000 21.229731 51900.054688
1657.050700 52032.000000 21.552425 51873.429688
1658.604100 51916.000000 21.933466 51845.644531
1660.157200 52085.000000 22.019249 51815.765625
1661.710200 52103.000000 21.708500 51780.878906
1663.261500 51512.000000 21.501436 51740.664062
1664.811200 51772.000000 20.976223 51695.871094
1666.361900 51501.000000 20.067234 51648.589844
1667.909700 51699.000000 19.450809 51600.859375
1669.457200 52024.000000 18.961285 51553.011719
1671.004300 51379.000000 18.619358 51504.640625
1672.549900 51261.000000 18.310719 51455.578125
1674.093600 51081.000000 18.223780 51405.531250
1675.637300 51239.000000 18.122959 51354.476562
1677.180800 51229.000000 18.031879 51301.101562
1678.722400 51430.000000 18.195484 51246.441406
1680.263900 51070.000000 18.542782 51193.324219
1681.803700 51016.000000 18.845327 51141.746094
1683.341800 51141.000000 19.055996 51091.476562
1684.881200 50914.000000 19.303558 51042.019531
1686.417500 50904.000000 19.424768 50991.417969
1687.953400 51023.000000 19.730709 50940.222656
1689.489100 51126.000000 19.913715 50888.652344
1691.023200 50770.000000 19.553671 50837.085938
1692.557100 50621.000000 19.041054 50786.804688
1694.089200 50783.000000 18.035877 50738.039062
1695.619800 50614.000000 16.974327 50689.347656
1697.151500 50453.000000 16.355625 50640.675781
1698.680200 50495.000000 15.847467 50590.937500
1700.208500 50583.000000 15.229505 50540.808594
1701.736600 50233.000000 14.825506 50490.984375
1703.263100 50541.000000 13.951785 50441.523438
1704.789300 50421.000000 13.215816 50393.906250
1706.314000 50403.000000 12.550444 50345.113281
1707.838100 50650.000000 11.996722 50295.957031
1709.361000 49992.000000 11.702744 50246.292969
1710.883300 50242.000000 11.406601 50196.523438
1712.404100 50193.000000 11.130694 50147.613281
1713.923100 50189.000000 11.030623 50097.527344
1715.443500 50291.000000 10.990850 50047.847656
1716.960700 49706.000000 11.059932 49997.492188
1718.479100 50036.000000 10.708130 49947.757812
1719.994500 50027.000000 10.271910 49897.003906
1721.509600 50268.000000 10.010329 49844.769531
1723.024400 49484.000000 9.939095 49791.875000
1724.537600 49705.000000 9.768154 49738.914062
1726.050700 49897.000000 9.727248 49686.960938
1727.561900 49915.000000 9.612422 49634.007812
1729.073000 49744.000000 9.641243 49581.878906
1730.582400 49476.000000 9.642695 49529.691406
1732.091700 49953.000000 9.668007 49477.175781
1733.599200 49361.000000 9.932410 49424.765625
1735.106600 49622.000000 10.247447 49372.156250
1736.612100 49235.000000 10.234003 49320.863281
1738.117600 49047.000000 10.215575 49269.832031
1739.621300 49215.000000 10.274540 49217.859375
1741.125000 48904.000000 10.454340 49166.000000
1742.626800 48904.000000 10.659170 49114.464844
1744.128400 48858.000000 10.842601 49065.378906
1745.628500 49128.000000 11.099005 49017.757812
1747.128300 49106.000000 11.365757 48971.855469
1748.626300 49037.000000 11.658757 48927.957031
1750.124300 48929.000000 11.916459 48884.339844
1751.620500 48845.000000 12.209888 48841.187500
1753.116600 48563.000000 12.442657 48801.175781
1754.612400 48914.000000 12.369900 48762.484375
1756.105100 48781.000000 12.155197 48725.265625
1757.599100 48749.000000 11.843613 48687.023438
1759.091300 48702.000000 11.488608 48648.128906
1760.582000 48606.000000 11.268156 48608.101562
1762.072400 48920.000000 11.243674 48569.023438
1763.561000 48449.000000 11.105161 48531.906250
1765.049600 48157.000000 10.831117 48497.355469
1766.536500 48650.000000 10.619061 48462.066406
1768.023200 48282.000000 10.584751 48428.734375
1769.508100 48133.000000 10.603385 48394.230469
1770.992900 48140.000000 10.751671 48360.113281
1772.477500 48223.000000 10.651070 48327.167969
1773.959000 48397.000000 10.396980 48295.562500
1775.441700 48269.000000 9.873355 48265.527344
1776.922700 48072.000000 9.328443 48237.851562
1778.402100 48347.000000 9.025122 48210.242188
1779.881300 48222.000000 9.016742 48182.738281
1781.358900 48101.000000 9.058823 48154.210938
1782.836200 48023.000000 9.161534 48126.003906
1784.311900 48168.000000 9.054997 48097.328125
1785.787400 48278.000000 8.944956 48068.488281
1787.262600 48160.000000 8.903540 48040.125000
1788.736200 48240.000000 8.931691 48010.742188
1790.208300 47943.000000 8.972194 47981.093750
1791.679800 48230.000000 9.057498 47951.539062
1793.150000 47915.000000 9.071439 47924.445312
1794.619900 48122.000000 9.007111 47896.988281
1796.089600 47970.000000 8.922014 47871.207031
1797.557600 47761.000000 8.897642 47845.496094
1799.023900 47702.000000 8.947035 47819.957031
1800.490100 47950.000000 8.958711 47792.945312
1801.954600 47756.000000 8.930593 47765.906250
1803.418900 47909.000000 8.813700 47738.367188
1804.883100 47366.000000 8.768929 47713.664062
1806.345500 47860.000000 8.759442 47690.367188
1807.806400 47840.000000 9.013025 47666.941406
1809.266800 47525.000000 9.278251 47644.484375
1810.727400 47251.000000 9.498610 47625.074219
1812.186000 47587.000000 9.562745 47607.855469
1813.643300 47623.000000 9.372128 47590.972656
1815.100100 47685.000000 9.168443 47570.796875
1816.556800 47489.000000 9.141914 47552.375000
1818.010400 47296.000000 9.114717 47536.078125
1819.465300 47601.000000 9.106791 47520.597656
1820.918500 47731.000000 9.051168 47505.800781
1822.370100 47367.000000 8.969911 47492.304688
1823.821400 47622.000000 8.907309 47479.992188
1825.272600 47419.000000 8.655490 47470.093750
1826.722200 47338.000000 8.390260 47461.347656
1828.169900 47393.000000 8.240157 47452.355469
1829.617600 47426.000000 8.075945 47442.988281
1831.065200 47558.000000 7.887583 47433.109375
1832.511000 47334.000000 7.724687 47422.238281
1833.956500 47414.000000 7.500169 47409.984375
1835.400500 47335.000000 7.312659 47399.433594
1836.842900 47618.000000 7.357802 47389.527344
1838.285200 47275.000000 7.586023 47381.859375
1839.727100 47128.000000 7.915296 47376.464844
1841.167400 47443.000000 8.216023 47370.585938
1842.606100 47194.000000 8.395014 47364.101562
1844.044400 47190.000000 8.458556 47356.910156
1845.482800 47059.000000 8.489452 47350.550781
1846.919400 47402.000000 8.540275 47344.710938
1848.356000 47158.000000 8.520277 47340.753906
1849.790800 47228.000000 8.473857 47336.531250
1851.224000 47511.000000 8.405979 47333.406250
1852.656900 46951.000000 8.279474 47333.187500
1854.089700 47276.000000 8.249171 47332.945312
1855.520800 47450.000000 8.338414 47333.035156
1856.951800 47096.000000 8.296078 47335.914062
1858.381100 47389.000000 8.104139 47342.558594
1859.808700 47627.000000 7.668052 47351.851562
1861.236300 47623.000000 7.331901 47361.312500
1862.663500 47382.000000 7.207141 47373.394531
1864.089100 47053.000000 6.917676 47387.707031
1865.514600 47359.000000 6.581899 47404.628906
1866.938500 47299.000000 6.365733 47421.812500
1868.360700 47607.000000 6.178249 47437.914062
1869.784200 47584.000000 6.333701 47452.757812
1871.204500 47434.000000 6.319470 47466.164062
1872.624600 47178.000000 6.298896 47480.261719
1874.044700 47691.000000 6.073371 47492.101562
1875.463000 47340.000000 5.900661 47502.769531
1876.881200 47494.000000 5.737646 47511.121094
1878.297700 47592.000000 5.782161 47517.449219
1879.714100 47437.000000 5.916607 47523.511719
1881.128800 47452.000000 5.943302 47526.464844
1882.541900 47819.000000 6.010104 47527.960938
1883.956200 47786.000000 6.175545 47530.078125
1885.367400 47841.000000 6.472727 47529.960938
1886.778600 47684.000000 6.671526 47529.812500
1888.189500 48094.000000 6.777848 47529.808594
