Raman_Shift Original_Spectrum Predicted_Raman Predicted_Baseline
294.894650 52944.000000 60.732208 52898.527344
297.232540 52812.000000 59.820702 52900.960938
299.568300 52883.000000 61.958557 52909.492188
301.905240 53067.000000 65.524124 52917.972656
304.238400 53095.000000 72.562965 52924.851562
306.571040 52665.000000 80.472672 52932.691406
308.903260 53390.000000 88.091545 52943.195312
311.233340 53389.000000 96.214691 52954.265625
313.562930 53074.000000 104.832130 52968.226562
315.890440 53201.000000 117.242722 52986.078125
318.215790 52985.000000 129.403625 53009.269531
320.540680 52948.000000 144.210434 53039.191406
322.865110 53039.000000 161.891327 53073.593750
325.187410 52857.000000 181.292206 53113.007812
327.509250 53347.000000 203.169083 53160.957031
329.828920 53406.000000 229.031738 53220.738281
332.148160 53460.000000 254.948944 53284.753906
334.465270 53562.000000 288.548889 53352.921875
336.781950 53771.000000 323.736053 53421.882812
339.096470 53579.000000 368.106537 53490.011719
341.408870 53902.000000 421.661957 53560.730469
343.722530 53978.000000 477.510345 53635.113281
346.032350 54314.000000 539.952271 53709.445312
348.341740 54275.000000 606.595215 53782.859375
350.650670 54727.000000 672.865479 53854.402344
352.957460 54568.000000 739.279236 53925.460938
355.263760 54782.000000 798.557373 53999.492188
357.568020 54811.000000 848.258423 54075.968750
359.871800 54978.000000 888.767395 54152.980469
362.173430 54827.000000 918.893250 54232.160156
364.474640 55165.000000 942.970032 54309.960938
366.773710 55143.000000 953.331848 54385.464844
369.072360 54881.000000 955.641479 54458.867188
371.368870 55170.000000 949.717163 54529.679688
373.664920 55258.000000 938.957520 54598.574219
375.958890 55533.000000 913.017212 54665.382812
378.252380 55483.000000 885.119995 54728.351562
380.543790 55583.000000 853.559570 54787.972656
382.834750 55603.000000 818.221436 54842.351562
385.123570 55722.000000 773.635437 54892.812500
387.411960 55738.000000 723.074585 54939.007812
389.698210 55762.000000 668.223206 54981.214844
391.984070 55891.000000 611.063354 55018.921875
394.267790 55891.000000 554.356506 55053.753906
396.551060 55512.000000 498.913757 55087.625000
398.832210 55592.000000 448.694763 55119.937500
401.112950 55722.000000 406.244080 55151.066406
403.391570 56005.000000 367.375916 55180.742188
405.669770 55775.000000 332.162506 55208.914062
407.945860 56206.000000 298.029877 55235.832031
410.221470 55831.000000 267.083435 55261.214844
412.495030 56002.000000 238.216583 55284.664062
414.768100 55798.000000 216.477951 55306.031250
417.039090 55694.000000 196.307709 55326.460938
419.309630 55509.000000 179.738785 55343.679688
421.579740 55677.000000 165.256073 55357.332031
423.846100 55584.000000 152.654358 55371.011719
426.113680 55561.000000 143.555756 55384.687500
428.377470 55694.000000 135.857513 55399.425781
430.642520 55291.000000 128.046921 55414.519531
432.905460 55712.000000 121.191772 55427.527344
435.166320 55774.000000 113.650795 55438.593750
437.426700 55513.000000 107.281227 55445.601562
439.685060 55698.000000 102.881020 55448.765625
441.942900 55527.000000 101.202461 55451.812500
444.198730 55653.000000 97.675224 55454.703125
446.454070 55839.000000 95.050735 55457.363281
448.708980 55510.000000 94.051247 55458.964844
450.961820 55799.000000 92.128387 55458.847656
453.212550 55476.000000 90.418045 55456.050781
455.462890 55541.000000 87.987823 55452.617188
457.711120 55493.000000 84.869957 55447.296875
459.958920 55461.000000 83.839058 55440.199219
462.204590 55604.000000 81.528664 55431.031250
464.449890 55552.000000 79.705856 55418.859375
466.694760 55616.000000 78.943825 55403.375000
468.937500 55296.000000 78.547791 55386.878906
471.178160 55563.000000 79.977203 55369.179688
473.418460 55559.000000 81.028809 55351.093750
475.656620 55396.000000 83.338562 55331.625000
477.894380 55415.000000 86.829956 55309.648438
480.131680 55334.000000 92.171356 55284.835938
482.366910 55425.000000 97.806969 55255.984375
484.600040 55445.000000 106.999107 55223.234375
486.832790 55571.000000 118.285141 55188.417969
489.063450 55724.000000 133.348221 55150.437500
491.293670 55535.000000 153.874420 55105.171875
493.523500 55200.000000 183.953064 55052.871094
495.751190 55405.000000 228.935760 54996.855469
497.976840 55443.000000 286.967133 54937.500000
500.202090 55419.000000 354.502106 54873.699219
502.426910 55456.000000 425.391937 54804.652344
504.649660 55307.000000 506.214661 54732.089844
506.870270 55321.000000 598.096497 54657.460938
509.090550 55046.000000 708.809875 54580.835938
511.310360 55387.000000 872.331543 54503.152344
513.528140 55603.000000 1057.820557 54424.453125
515.743770 55481.000000 1139.639404 54343.484375
517.959110 55343.000000 986.287781 54262.796875
520.173890 54957.000000 721.601135 54184.468750
522.386660 54673.000000 503.846832 54108.058594
524.597410 54424.000000 364.044403 54034.972656
526.807740 54209.000000 275.493896 53967.179688
529.017580 54258.000000 218.205811 53905.511719
531.225400 54256.000000 178.759476 53845.730469
533.431210 53864.000000 150.737778 53788.722656
535.636470 53631.000000 131.277618 53736.925781
537.841430 53598.000000 119.558228 53689.218750
540.044310 53648.000000 113.433228 53644.246094
542.245120 54032.000000 111.140259 53601.898438
544.445500 54008.000000 111.363686 53563.648438
546.645450 53622.000000 113.285133 53530.230469
548.843380 53419.000000 116.293152 53497.808594
551.040830 53710.000000 120.818504 53465.910156
553.236330 53602.000000 128.821747 53436.328125
555.429690 53861.000000 141.856522 53408.968750
557.622680 53736.000000 160.266464 53383.144531
559.815250 53676.000000 190.892380 53359.796875
562.005800 53863.000000 241.166824 53338.582031
564.195920 53460.000000 324.249847 53320.578125
566.383910 53797.000000 449.276855 53302.863281
568.569950 54042.000000 598.742737 53284.972656
570.755550 53975.000000 688.260620 53265.957031
572.940730 54144.000000 633.093262 53245.625000
575.123900 53793.000000 485.814606 53224.875000
577.306640 53610.000000 351.999023 53204.019531
579.487300 53397.000000 261.655701 53183.515625
581.665950 53588.000000 208.677002 53162.871094
583.844120 53550.000000 179.499756 53142.218750
586.021970 53319.000000 163.154617 53121.941406
588.197750 53379.000000 154.651306 53103.398438
590.373170 53405.000000 149.360123 53085.785156
592.546450 53438.000000 144.576797 53067.339844
594.719420 53088.000000 141.475266 53047.714844
596.890260 53571.000000 141.538544 53030.527344
599.059140 52920.000000 144.528488 53014.492188
601.229190 53029.000000 147.736465 52999.277344
603.395570 53224.000000 156.485672 52985.109375
605.561580 53292.000000 166.374786 52968.468750
607.727170 53416.000000 178.620575 52949.203125
609.890750 53295.000000 190.582275 52928.722656
612.053960 53355.000000 204.149902 52906.882812
614.215030 53191.000000 223.551910 52888.156250
616.375790 53402.000000 245.321320 52871.109375
618.534480 53072.000000 269.388580 52853.437500
620.692750 53076.000000 303.547485 52835.339844
622.849000 53462.000000 341.037415 52816.546875
625.004820 52994.000000 384.633881 52797.578125
627.158750 53223.000000 436.232574 52777.226562
629.310490 53205.000000 501.996246 52756.914062
631.463560 53367.000000 586.119995 52736.550781
633.612920 53066.000000 700.871033 52715.671875
635.763490 53512.000000 862.204712 52693.554688
637.910460 53737.000000 1070.125244 52672.082031
640.058650 53843.000000 1357.311768 52648.410156
642.203190 54437.000000 1751.283203 52623.437500
644.348880 54971.000000 2284.807861 52597.136719
646.491030 55554.000000 2937.663574 52570.773438
648.634400 56173.000000 3689.351074 52548.726562
650.774050 56877.000000 4433.583008 52528.000000
652.914980 57548.000000 5005.391602 52509.718750
655.052250 57774.000000 5143.257812 52492.496094
657.190730 57321.000000 4764.841797 52478.316406
659.325620 56283.000000 4095.995361 52467.796875
661.461730 56067.000000 3371.930176 52459.988281
663.594180 55148.000000 2740.877930 52451.761719
665.727910 54511.000000 2229.929688 52442.371094
667.857910 54395.000000 1846.758179 52434.968750
669.989200 53849.000000 1543.135498 52430.773438
672.118470 53940.000000 1297.093384 52426.925781
674.245670 53394.000000 1088.011719 52423.824219
676.372560 53411.000000 919.998413 52419.734375
678.497380 53382.000000 788.282715 52417.144531
680.621830 53316.000000 677.263306 52415.250000
682.744320 52978.000000 592.900269 52412.410156
684.866390 52763.000000 525.327820 52408.500000
686.986450 52778.000000 472.905670 52403.871094
689.106080 52747.000000 434.643005 52397.964844
691.223750 52529.000000 407.168640 52392.812500
693.341000 52648.000000 388.396179 52387.906250
695.457820 52653.000000 379.782928 52382.910156
697.571110 52567.000000 383.028381 52376.742188
699.685610 52471.000000 401.510468 52368.042969
701.798100 52863.000000 433.047760 52356.953125
703.908570 52985.000000 492.160736 52345.074219
706.018620 53004.000000 562.610474 52332.171875
708.126770 52768.000000 627.931030 52321.753906
710.234380 52927.000000 642.988525 52313.667969
712.340150 52830.000000 590.007874 52307.175781
714.445430 52870.000000 497.816498 52302.585938
716.550350 52637.000000 397.844604 52299.460938
718.653260 52517.000000 311.923218 52298.074219
720.754270 52688.000000 250.492142 52296.609375
722.854800 52428.000000 205.709671 52295.324219
724.953370 52357.000000 175.873825 52294.585938
727.051570 52475.000000 152.500946 52292.511719
729.149350 52237.000000 133.300507 52289.191406
731.243530 52535.000000 118.021194 52284.699219
733.338990 52417.000000 105.643150 52277.363281
735.432370 52626.000000 94.968102 52267.527344
737.523800 52521.000000 87.814598 52257.226562
739.614870 52500.000000 81.742531 52247.714844
741.705570 52258.000000 76.527077 52238.773438
743.792600 52088.000000 71.424118 52228.605469
745.880920 51997.000000 67.998596 52218.144531
747.967220 52386.000000 63.607159 52207.328125
750.051570 52129.000000 59.704323 52195.570312
752.135500 52293.000000 56.072163 52182.996094
754.219120 52107.000000 53.500557 52170.750000
756.300720 52332.000000 51.269844 52159.273438
758.380310 52231.000000 49.829647 52148.425781
760.459530 52090.000000 48.250217 52137.550781
762.538390 51720.000000 46.829277 52126.281250
764.615300 52379.000000 45.426353 52114.390625
766.690190 52395.000000 43.937908 52102.890625
768.764710 52035.000000 42.398540 52091.441406
770.838810 52394.000000 40.121140 52081.515625
772.909360 52119.000000 37.640224 52071.589844
774.981140 51966.000000 35.925327 52062.234375
777.050960 52260.000000 35.103081 52052.472656
779.120420 52107.000000 34.716682 52043.375000
781.187870 52250.000000 34.727333 52034.511719
783.253420 51965.000000 34.691036 52025.093750
785.318480 52091.000000 34.056801 52014.671875
787.383240 52173.000000 32.444908 52004.078125
789.445980 52011.000000 31.562632 51992.527344
791.506770 51760.000000 31.238186 51980.781250
793.567260 52043.000000 31.081781 51967.570312
795.627260 51996.000000 31.044659 51952.914062
797.685360 52021.000000 31.537624 51937.191406
799.741520 51984.000000 31.884308 51919.953125
801.797240 52047.000000 31.820980 51900.613281
803.852600 51937.000000 31.140253 51881.000000
805.906010 51542.000000 31.020178 51861.457031
807.959050 52079.000000 30.710093 51841.078125
810.010130 51693.000000 30.827002 51818.855469
812.059200 51762.000000 30.848049 51794.960938
814.107970 51895.000000 30.719570 51768.988281
816.156370 51979.000000 30.786907 51743.488281
818.202760 51984.000000 30.615406 51718.082031
820.247190 51667.000000 30.000721 51693.003906
822.292850 51594.000000 29.764286 51667.742188
824.335020 51859.000000 29.465509 51640.421875
826.376770 51552.000000 29.480270 51611.757812
828.418090 51549.000000 29.593466 51581.066406
830.457520 51555.000000 29.431183 51546.656250
832.496640 51833.000000 29.561996 51510.203125
834.533690 51570.000000 29.827579 51470.808594
836.568910 51232.000000 29.861492 51430.570312
838.603700 51290.000000 29.459692 51388.796875
840.638060 51580.000000 29.009212 51346.605469
842.670530 51338.000000 29.204746 51304.222656
844.702640 51095.000000 29.404001 51260.468750
846.732790 51254.000000 29.558603 51214.636719
848.762570 51337.000000 29.437063 51166.214844
850.790470 50906.000000 29.296570 51116.316406
852.816350 51246.000000 29.262405 51064.609375
854.843440 50895.000000 28.849197 51010.476562
856.867070 51200.000000 28.532541 50955.175781
858.890200 51169.000000 28.589054 50897.695312
860.913150 51115.000000 28.618357 50838.476562
862.934020 50777.000000 29.131714 50776.433594
864.954530 50541.000000 29.762365 50712.859375
866.973140 50602.000000 30.311176 50647.179688
868.991390 50232.000000 30.849787 50580.542969
871.007690 50796.000000 32.051964 50513.859375
873.023620 50688.000000 33.188519 50446.781250
875.037660 50212.000000 34.976601 50379.992188
877.051270 50567.000000 37.250858 50313.234375
879.062990 50353.000000 39.987385 50245.515625
881.074340 50308.000000 44.039040 50176.878906
883.083740 50373.000000 50.955410 50105.960938
885.092770 50465.000000 59.888069 50033.351562
887.099850 50238.000000 66.975601 49958.386719
889.104980 50409.000000 68.258438 49881.351562
891.111450 49723.000000 63.824047 49801.359375
893.114260 49591.000000 56.611473 49719.046875
895.118410 49868.000000 50.725288 49634.976562
897.119020 49851.000000 45.194740 49548.812500
899.120790 49618.000000 40.463497 49460.757812
901.119080 49574.000000 38.411449 49371.785156
903.118650 49537.000000 37.679291 49281.843750
905.114620 49291.000000 37.423828 49192.382812
907.111880 49254.000000 37.284744 49102.578125
909.107180 48800.000000 37.522789 49012.234375
911.100520 49049.000000 38.181084 48922.039062
913.093630 48763.000000 38.769196 48833.507812
915.084660 48550.000000 39.360523 48747.589844
917.075380 48825.000000 39.270515 48662.210938
919.064210 48523.000000 39.725838 48576.906250
921.052730 48462.000000 40.319687 48490.878906
923.039310 48544.000000 41.464638 48404.500000
925.025450 48289.000000 42.212643 48319.503906
927.009770 48090.000000 42.903069 48236.046875
928.993650 48157.000000 43.713070 48153.800781
930.975590 48381.000000 45.072914 48072.636719
932.957280 47846.000000 46.860516 47993.628906
934.937010 47928.000000 48.071667 47916.117188
936.916380 48109.000000 49.038059 47840.578125
938.895390 47817.000000 50.998009 47768.808594
940.870970 47543.000000 52.696960 47699.285156
942.847660 47632.000000 53.696125 47631.445312
944.822510 47607.000000 55.288170 47566.027344
946.795470 47273.000000 58.812214 47505.519531
948.768010 47380.000000 63.286446 47446.847656
950.738710 47342.000000 69.881699 47390.132812
952.708980 47207.000000 78.982437 47335.167969
954.677310 47373.000000 93.599854 47281.109375
956.645390 47373.000000 113.510925 47227.464844
958.613160 47456.000000 143.017639 47175.046875
960.578920 47423.000000 187.826508 47124.546875
962.542720 47395.000000 257.931549 47074.691406
964.506290 47415.000000 365.270599 47024.636719
966.467960 47328.000000 521.321289 46975.031250
968.429260 47792.000000 705.026672 46927.156250
970.390140 47720.000000 828.851746 46879.972656
972.347660 47697.000000 789.617859 46833.839844
974.306270 47511.000000 636.650208 46790.273438
976.263060 47360.000000 469.418365 46746.789062
978.218020 46709.000000 339.626038 46703.832031
980.172490 47021.000000 249.046387 46662.105469
982.125120 46791.000000 192.496933 46622.851562
984.077390 47062.000000 153.623688 46583.691406
986.029360 46561.000000 125.529251 46548.171875
987.979370 46935.000000 105.604355 46513.968750
989.927490 46860.000000 90.272118 46480.750000
991.875310 46616.000000 79.791885 46449.761719
993.822750 46428.000000 72.791588 46420.980469
995.768370 46632.000000 68.438950 46391.441406
997.711980 46601.000000 65.160202 46361.453125
999.655270 46119.000000 63.273827 46334.925781
1001.596700 46544.000000 61.546886 46312.574219
1003.537700 46390.000000 59.322975 46291.523438
1005.478600 46167.000000 58.054230 46273.398438
1007.417400 46482.000000 57.183483 46257.625000
1009.354300 46536.000000 56.846428 46241.277344
1011.291000 46143.000000 56.926323 46225.332031
1013.227200 46178.000000 55.380806 46208.277344
1015.161600 46376.000000 53.755730 46193.960938
1017.094100 46175.000000 53.126026 46181.347656
1019.026200 46308.000000 52.820629 46170.093750
1020.958000 46433.000000 52.744823 46158.191406
1022.888000 45955.000000 53.263954 46147.730469
1024.816000 46031.000000 54.149395 46137.320312
1026.743800 45971.000000 55.373833 46127.816406
1028.671100 46080.000000 59.874603 46117.757812
1030.596600 46366.000000 65.587128 46108.750000
1032.521700 45957.000000 72.763596 46100.460938
1034.444900 46353.000000 80.702934 46093.035156
1036.366300 46303.000000 90.316483 46084.832031
1038.287400 46441.000000 100.249130 46078.679688
1040.208100 46173.000000 112.870499 46071.804688
1042.127000 46167.000000 127.111832 46064.757812
1044.043800 46234.000000 143.650497 46058.312500
1045.960400 46313.000000 163.007156 46048.687500
1047.876700 46354.000000 186.239822 46036.867188
1049.791000 46227.000000 214.340118 46023.765625
1051.705100 46314.000000 245.863495 46009.519531
1053.617300 46446.000000 278.391571 45994.609375
1055.527600 46159.000000 311.641693 45978.750000
1057.437500 46325.000000 345.047058 45962.613281
1059.347300 46532.000000 382.958740 45945.605469
1061.255000 46316.000000 418.752045 45929.558594
1063.162500 46149.000000 456.123779 45915.386719
1065.068000 46142.000000 494.568542 45900.949219
1066.971700 46457.000000 535.013794 45888.234375
1068.875000 46403.000000 571.469482 45875.539062
1070.778100 46707.000000 591.491699 45863.234375
1072.679200 46650.000000 583.906799 45848.558594
1074.580000 46313.000000 547.317749 45834.777344
1076.479000 46370.000000 488.162842 45822.761719
1078.377600 46198.000000 424.618958 45809.886719
1080.274400 46340.000000 364.625916 45797.882812
1082.169200 46402.000000 316.585693 45784.851562
1084.065300 46027.000000 278.329163 45772.664062
1085.958000 45762.000000 245.287445 45758.832031
1087.850300 45708.000000 212.980515 45742.898438
1089.742400 46175.000000 187.595779 45725.667969
1091.632600 45772.000000 166.040405 45709.488281
1093.522500 45763.000000 148.495148 45695.347656
1095.410400 45807.000000 138.374481 45684.621094
1097.298100 45870.000000 129.540512 45676.000000
1099.183800 45749.000000 123.051353 45669.234375
1101.069300 45879.000000 117.894913 45662.335938
1102.952900 45541.000000 111.414352 45655.000000
1104.834600 45465.000000 107.373596 45649.386719
1106.717700 45872.000000 104.967918 45643.878906
1108.597200 45864.000000 102.000229 45639.277344
1110.477900 45406.000000 99.397766 45631.660156
1112.355300 45621.000000 97.316437 45624.386719
1114.232300 45364.000000 95.484367 45618.457031
1116.109100 45707.000000 93.559837 45609.695312
1117.984000 45765.000000 93.923935 45600.308594
1119.858500 45406.000000 93.314110 45592.003906
1121.731300 45648.000000 93.810402 45585.558594
1123.603600 45702.000000 95.097557 45582.582031
1125.474100 45869.000000 96.123634 45579.996094
1127.344400 45990.000000 95.470001 45575.335938
1129.212600 45647.000000 94.088577 45570.890625
1131.080700 45748.000000 94.517143 45567.867188
1132.946900 45586.000000 99.175003 45568.816406
1134.812700 45614.000000 109.253586 45573.601562
1136.676800 45486.000000 121.198593 45577.230469
1138.540400 45643.000000 135.840317 45582.656250
1140.402300 46047.000000 152.445465 45588.863281
1142.263800 45816.000000 174.205688 45597.210938
1144.123400 46133.000000 199.425507 45606.156250
1145.982800 45896.000000 226.464081 45615.292969
1147.841800 45686.000000 257.411804 45625.992188
1149.697500 46244.000000 294.601990 45640.023438
1151.554400 46058.000000 341.326904 45655.605469
1153.407800 45949.000000 395.461243 45674.882812
1155.262600 46144.000000 457.488525 45693.929688
1157.115500 46523.000000 524.558228 45713.789062
1158.966400 46257.000000 588.298462 45734.117188
1160.817100 46533.000000 639.195740 45754.000000
1162.666000 46586.000000 663.425171 45772.246094
1164.514500 46502.000000 663.070129 45791.128906
1166.361300 46505.000000 635.621033 45812.472656
1168.207600 46762.000000 594.580750 45833.019531
1170.052200 46226.000000 550.015869 45855.285156
1171.896500 46232.000000 516.293091 45876.652344
1173.740400 46235.000000 496.916565 45897.367188
1175.580900 46404.000000 490.900085 45918.714844
1177.422900 46622.000000 493.777893 45940.292969
1179.262700 46754.000000 515.485596 45961.449219
1181.100700 46479.000000 555.062256 45984.351562
1182.938600 46442.000000 617.050354 46008.015625
1184.774500 46637.000000 703.451172 46033.031250
1186.610200 46883.000000 818.584717 46059.792969
1188.444000 46815.000000 963.077271 46083.308594
1190.277500 47320.000000 1135.178467 46106.160156
1192.110700 47746.000000 1324.321045 46129.929688
1193.942000 47577.000000 1508.062988 46155.554688
1195.771600 47879.000000 1659.953735 46181.457031
1197.600700 47762.000000 1749.783813 46208.246094
1199.428100 48048.000000 1749.234619 46235.730469
1201.255200 47958.000000 1666.178345 46264.410156
1203.082000 47937.000000 1520.071533 46291.023438
1204.907000 47651.000000 1333.352539 46318.273438
1206.730100 47522.000000 1156.882080 46348.558594
1208.552900 47521.000000 1017.240845 46379.523438
1210.373900 47486.000000 922.290649 46410.957031
1212.194600 47187.000000 869.916870 46441.757812
1214.015000 47486.000000 858.603394 46471.839844
1215.833500 47281.000000 891.807617 46502.312500
1217.650300 47507.000000 975.922729 46533.835938
1219.466700 47809.000000 1116.855103 46567.214844
1221.281300 47719.000000 1314.887085 46600.335938
1223.095600 48356.000000 1570.174561 46633.359375
1224.909500 48633.000000 1856.506836 46669.296875
1226.721700 48887.000000 2108.265381 46706.875000
1228.532000 48797.000000 2255.003418 46743.980469
1230.342000 49089.000000 2235.981934 46780.414062
1232.151700 48717.000000 2061.732178 46818.503906
1233.959700 48637.000000 1786.750732 46856.339844
1235.765900 48529.000000 1487.636841 46896.164062
1237.571700 48164.000000 1213.333984 46938.277344
1239.377100 48121.000000 992.708801 46981.710938
1241.180800 47899.000000 828.233032 47026.507812
1242.982700 47674.000000 720.580444 47070.679688
1244.784200 47937.000000 656.669800 47112.605469
1246.585300 47667.000000 627.143982 47153.980469
1248.384900 47580.000000 627.955933 47190.230469
1250.182500 47558.000000 654.953491 47226.097656
1251.979700 48111.000000 705.567444 47262.972656
1253.776900 48177.000000 789.983215 47302.785156
1255.572000 48299.000000 911.299500 47341.960938
1257.365500 48199.000000 1074.230591 47380.335938
1259.160000 48728.000000 1309.654663 47419.789062
1260.951300 49223.000000 1643.342041 47468.488281
1262.742300 49329.000000 2094.946289 47523.156250
1264.533100 50288.000000 2661.926025 47577.289062
1266.322000 51175.000000 3298.893311 47631.070312
1268.109000 51284.000000 3926.464355 47683.527344
1269.895800 52283.000000 4397.737305 47738.007812
1271.682400 52185.000000 4549.264648 47787.566406
1273.466900 52174.000000 4291.450195 47835.582031
1275.251500 51701.000000 3727.761230 47887.019531
1277.033900 50911.000000 3063.947754 47936.160156
1278.814700 50345.000000 2433.995850 47990.468750
1280.595200 50128.000000 1906.814087 48048.570312
1282.375400 49498.000000 1491.263062 48108.824219
1284.153800 49157.000000 1178.612793 48171.875000
1285.931900 49222.000000 943.010132 48236.843750
1287.708100 49249.000000 769.544434 48302.195312
1289.482500 48979.000000 642.271851 48372.238281
1291.256800 49207.000000 549.819458 48444.417969
1293.030600 48922.000000 484.390930 48518.933594
1294.802900 49119.000000 431.662598 48594.468750
1296.574600 49377.000000 393.261597 48669.910156
1298.344600 48937.000000 364.525269 48742.781250
1300.114400 48955.000000 346.442352 48815.523438
1301.882300 49118.000000 336.466705 48888.816406
1303.648300 49334.000000 331.549744 48962.945312
1305.415800 49342.000000 333.271271 49035.050781
1307.179700 49501.000000 337.658630 49106.839844
1308.943500 49653.000000 346.029236 49178.179688
1310.707000 49601.000000 359.045959 49251.792969
1312.468600 49632.000000 381.014038 49326.734375
1314.230000 50111.000000 411.823181 49403.015625
1315.989500 50037.000000 458.401947 49480.539062
1317.748800 50304.000000 531.216980 49560.070312
1319.506200 50255.000000 632.592102 49641.359375
1321.263400 50632.000000 764.262085 49722.289062
1323.018900 50464.000000 929.006226 49802.550781
1324.774000 50943.000000 1124.408203 49883.765625
1326.527300 51349.000000 1337.981079 49963.933594
1328.278900 51732.000000 1556.061279 50045.152344
1330.031700 51865.000000 1755.725952 50126.160156
1331.781100 51988.000000 1891.136963 50205.808594
1333.531900 52148.000000 1915.279297 50284.914062
1335.279300 52083.000000 1813.127930 50362.433594
1337.027800 52183.000000 1617.272705 50438.265625
1338.773200 52047.000000 1379.499268 50513.464844
1340.518300 51625.000000 1141.913086 50587.351562
1342.263100 51760.000000 934.997681 50660.652344
1344.006000 51401.000000 766.225037 50730.925781
1345.748700 51283.000000 633.902954 50799.042969
1347.489500 51369.000000 536.775269 50863.289062
1349.230200 51325.000000 463.244080 50924.035156
1350.969100 51126.000000 410.377045 50981.757812
1352.707500 51755.000000 374.571716 51036.253906
1354.445900 51609.000000 351.112610 51087.082031
1356.180900 51602.000000 337.534943 51136.226562
1357.917000 51272.000000 332.611725 51181.433594
1359.649900 51409.000000 338.755554 51220.066406
1361.384200 51415.000000 355.886475 51253.816406
1363.115000 51823.000000 391.468201 51285.835938
1364.847000 51632.000000 444.503723 51314.851562
1366.577400 51990.000000 524.839355 51340.179688
1368.305900 51922.000000 640.897217 51362.234375
1370.034300 52074.000000 806.323792 51384.605469
1371.760600 52850.000000 1019.244751 51407.683594
1373.486900 52781.000000 1273.021729 51427.957031
1375.211300 52936.000000 1533.944458 51447.289062
1376.935400 53133.000000 1729.672485 51463.101562
1378.657800 53325.000000 1786.279907 51475.589844
1380.380000 53220.000000 1663.134766 51485.195312
1382.100200 52945.000000 1409.300293 51491.726562
1383.820300 52623.000000 1133.398682 51498.066406
1385.540200 52409.000000 881.788086 51501.546875
1387.256500 52255.000000 682.547424 51504.636719
1388.974200 52164.000000 532.241455 51505.625000
1390.690300 51472.000000 425.461823 51501.972656
1392.404400 51981.000000 349.033264 51495.058594
1394.118400 52009.000000 295.857483 51482.917969
1395.830400 51667.000000 257.587250 51465.980469
1397.542200 51849.000000 232.036377 51449.507812
1399.252300 51694.000000 212.482697 51432.933594
1400.962200 51381.000000 197.476456 51416.253906
1402.671800 51486.000000 185.400406 51400.367188
1404.379500 51643.000000 176.692047 51384.023438
1406.085600 51703.000000 169.265060 51367.960938
1407.791300 51514.000000 163.389893 51353.667969
1409.495200 51487.000000 159.711151 51341.597656
1411.199000 51751.000000 156.140472 51327.648438
1412.902500 51503.000000 154.979095 51312.746094
1414.604000 51642.000000 155.521957 51296.328125
1416.304000 51686.000000 155.864120 51277.820312
1418.003700 51344.000000 154.787872 51258.574219
1419.701500 51392.000000 153.266998 51238.019531
1421.399000 51325.000000 153.040939 51217.046875
1423.096400 51208.000000 155.258789 51196.976562
1424.792000 51208.000000 159.404831 51176.710938
1426.485700 51039.000000 166.892899 51157.652344
1428.179300 51182.000000 175.056686 51140.269531
1429.871100 51314.000000 184.860321 51124.421875
1431.562500 51466.000000 196.881012 51108.867188
1433.253900 51469.000000 212.816986 51094.546875
1434.943400 51259.000000 232.142502 51080.683594
1436.631000 51683.000000 256.255676 51067.261719
1438.318500 51179.000000 286.509460 51053.808594
1440.005600 51009.000000 325.634247 51039.234375
1441.691000 51066.000000 374.645203 51024.605469
1443.374800 51313.000000 436.613831 51010.253906
1445.058200 51498.000000 511.074402 50996.269531
1446.741300 51670.000000 600.850098 50982.601562
1448.422900 51704.000000 716.311890 50969.031250
1450.102400 51964.000000 857.742065 50956.015625
1451.781700 52245.000000 1022.659851 50943.925781
1453.460900 52156.000000 1220.070068 50932.054688
1455.138200 52014.000000 1440.774414 50923.238281
1456.813800 52537.000000 1664.946289 50916.250000
1458.489100 52781.000000 1874.911377 50907.539062
1460.164300 52792.000000 2045.567139 50898.027344
1461.837600 53004.000000 2149.243652 50889.093750
1463.509200 52891.000000 2170.214355 50880.160156
1465.180500 52844.000000 2100.779541 50872.316406
1466.851600 52735.000000 1950.139282 50864.527344
1468.520900 52442.000000 1742.457642 50859.308594
1470.189900 52541.000000 1512.822754 50857.226562
1471.857200 52197.000000 1295.002563 50855.800781
1473.522800 51798.000000 1100.429565 50855.234375
1475.188100 51561.000000 929.410522 50854.593750
1476.853100 51398.000000 782.087952 50853.523438
1478.516500 51472.000000 657.790649 50852.226562
1480.178000 51529.000000 556.025574 50849.687500
1481.839200 51003.000000 473.142395 50846.132812
1483.500400 51353.000000 406.212219 50840.546875
1485.159700 51083.000000 358.057678 50835.460938
1486.818600 51194.000000 317.271393 50831.839844
1488.476000 50782.000000 286.409363 50829.933594
1490.131500 51061.000000 263.816650 50829.972656
1491.788300 51008.000000 246.844360 50829.726562
1493.441800 50879.000000 233.776123 50829.390625
1495.095100 50917.000000 224.418457 50828.097656
1496.748000 50961.000000 217.103668 50826.324219
1498.399400 51112.000000 211.384064 50824.980469
1500.050400 50859.000000 206.931244 50824.386719
1501.699700 51068.000000 205.633865 50823.125000
1503.347300 51278.000000 205.877762 50822.234375
1504.996100 51062.000000 206.387863 50820.906250
1506.641600 50931.000000 209.625854 50819.179688
1508.287000 51035.000000 215.696579 50819.300781
1509.932000 51054.000000 224.924408 50822.750000
1511.575300 51033.000000 236.871918 50827.207031
1513.218500 51459.000000 250.542313 50832.281250
1514.859700 51137.000000 267.451080 50838.421875
1516.500900 51052.000000 291.864960 50846.703125
1518.140300 51502.000000 321.725677 50854.554688
1519.777800 51183.000000 358.712616 50862.148438
1521.416700 51358.000000 405.542969 50869.910156
1523.052200 51633.000000 463.537018 50876.515625
1524.689200 51515.000000 535.970642 50881.960938
1526.322800 51220.000000 628.013428 50886.089844
1527.956200 51613.000000 747.584229 50888.156250
1529.589400 51655.000000 896.801392 50890.914062
1531.220800 51780.000000 1075.773071 50893.937500
1532.851900 52258.000000 1284.171631 50896.789062
1534.481400 52829.000000 1522.966797 50897.589844
1536.110600 52631.000000 1779.584595 50897.234375
1537.738000 52767.000000 2031.636108 50898.750000
1539.365200 53271.000000 2243.703125 50902.039062
1540.990700 53199.000000 2389.736328 50903.238281
1542.616000 53336.000000 2443.261719 50903.589844
1544.239500 53213.000000 2391.889160 50902.539062
1545.862700 53148.000000 2242.315918 50899.632812
1547.484400 53066.000000 2020.702515 50895.156250
1549.105600 52661.000000 1769.666260 50887.757812
1550.725100 52548.000000 1523.715210 50879.835938
1552.344500 52141.000000 1300.743530 50869.429688
1553.962000 51740.000000 1102.558350 50860.160156
1555.579300 51723.000000 930.711609 50852.785156
1557.195100 51538.000000 780.240479 50844.253906
1558.810400 51802.000000 654.108582 50834.867188
1560.424100 51515.000000 551.571167 50826.945312
1562.037500 51173.000000 468.237885 50819.992188
1563.649200 51302.000000 408.680511 50815.023438
1565.260600 51107.000000 360.850037 50811.796875
1566.870500 50930.000000 322.738708 50810.308594
1568.479900 50983.000000 292.374847 50811.027344
1570.089100 51300.000000 269.290802 50812.273438
1571.695200 50734.000000 251.768021 50814.144531
1573.302500 51210.000000 239.770340 50816.312500
1574.906500 50873.000000 231.056595 50820.578125
1576.511800 51029.000000 220.554718 50826.410156
1578.115500 51576.000000 209.610504 50833.011719
1579.717400 51167.000000 196.283600 50842.527344
1581.319100 51148.000000 182.514725 50855.828125
1582.919100 51580.000000 167.147308 50870.863281
1584.518700 50751.000000 150.195145 50885.527344
1586.116600 51018.000000 134.001770 50901.652344
1587.714500 51086.000000 121.149002 50917.250000
1589.310500 51348.000000 111.904663 50933.390625
1590.906300 51061.000000 104.452492 50947.980469
1592.501800 51038.000000 99.091110 50962.519531
1594.095700 50958.000000 94.509201 50976.394531
1595.687900 50944.000000 89.060867 50990.867188
1597.279700 50972.000000 82.949722 51005.125000
1598.869900 51025.000000 77.516907 51017.664062
1600.459700 51066.000000 73.754921 51028.921875
1602.048100 51100.000000 68.640335 51040.242188
1603.636000 50869.000000 63.041424 51052.375000
1605.223900 51237.000000 58.231316 51066.328125
1606.809800 50729.000000 54.304993 51082.558594
1608.394200 50951.000000 51.757301 51099.242188
1609.978300 50911.000000 49.597115 51116.175781
1611.560700 50920.000000 47.561520 51132.945312
1613.142900 51310.000000 45.942936 51148.109375
1614.724700 51392.000000 44.806503 51162.988281
1616.304900 51241.000000 43.839226 51177.265625
1617.883500 51215.000000 42.724819 51191.859375
1619.461800 51410.000000 40.901237 51205.511719
1621.038300 51387.000000 38.541904 51219.679688
1622.614700 51396.000000 36.555347 51234.429688
1624.190800 51371.000000 34.616844 51247.664062
1625.765300 51447.000000 32.726524 51259.695312
1627.337900 51400.000000 31.121176 51270.839844
1628.910400 51260.000000 29.449900 51280.656250
1630.482700 51552.000000 28.060080 51289.296875
1632.053200 51438.000000 27.134304 51296.421875
1633.622100 51344.000000 26.406214 51304.152344
1635.190600 51278.000000 25.914867 51311.613281
1636.759000 51739.000000 25.665653 51317.878906
1638.325700 51614.000000 25.651733 51323.144531
1639.890700 51776.000000 25.554516 51327.648438
1641.455400 51432.000000 25.263083 51330.613281
1643.019900 51362.000000 24.566710 51331.851562
1644.582800 51298.000000 23.449875 51330.113281
1646.143900 51141.000000 22.131550 51327.273438
1647.704700 51511.000000 20.663576 51322.796875
1649.265500 51615.000000 19.256784 51314.941406
1650.824500 51332.000000 18.244694 51302.718750
1652.381600 51568.000000 17.862055 51288.460938
1653.938700 51392.000000 17.867867 51271.406250
1655.495500 51057.000000 18.076862 51252.460938
1657.050700 51289.000000 18.275427 51230.597656
1658.604100 51328.000000 18.368628 51206.929688
1660.157200 51536.000000 18.311409 51182.183594
1661.710200 51503.000000 17.994467 51156.843750
1663.261500 50868.000000 17.637928 51129.585938
1664.811200 51205.000000 17.252214 51100.695312
1666.361900 51022.000000 16.489151 51070.343750
1667.909700 50847.000000 15.931131 51038.835938
1669.457200 51361.000000 15.365270 51005.617188
1671.004300 50740.000000 15.007113 50971.628906
1672.549900 50766.000000 14.634249 50935.960938
1674.093600 50520.000000 14.272308 50898.019531
1675.637300 50878.000000 13.712111 50857.937500
1677.180800 50608.000000 13.043808 50816.554688
1678.722400 50938.000000 12.690137 50775.750000
1680.263900 50751.000000 12.714005 50733.960938
1681.803700 50629.000000 13.018193 50691.863281
1683.341800 50871.000000 13.352885 50649.042969
1684.881200 50449.000000 14.027339 50605.332031
1686.417500 50407.000000 14.696431 50560.250000
1687.953400 50316.000000 15.248671 50514.140625
1689.489100 50698.000000 15.356320 50467.625000
1691.023200 50589.000000 14.925507 50420.792969
1692.557100 50220.000000 14.214338 50376.097656
1694.089200 50123.000000 13.304517 50332.046875
1695.619800 50253.000000 12.539452 50287.835938
1697.151500 50076.000000 12.322004 50243.738281
1698.680200 50154.000000 12.142086 50199.656250
1700.208500 50149.000000 12.012477 50154.921875
1701.736600 49759.000000 12.044787 50110.890625
1703.263100 50177.000000 11.812110 50067.125000
1704.789300 49886.000000 11.680634 50023.804688
1706.314000 50168.000000 11.814798 49981.203125
1707.838100 50148.000000 11.997593 49938.269531
1709.361000 49658.000000 12.363218 49894.988281
1710.883300 49984.000000 12.559484 49851.289062
1712.404100 49836.000000 12.387589 49807.058594
1713.923100 49946.000000 12.052410 49763.691406
1715.443500 49826.000000 11.629374 49719.898438
1716.960700 49450.000000 11.390709 49676.027344
1718.479100 49860.000000 10.783257 49631.894531
1719.994500 49814.000000 10.146186 49588.714844
1721.509600 49576.000000 9.527807 49545.445312
1723.024400 49309.000000 9.009089 49501.464844
1724.537600 49534.000000 8.576991 49456.546875
1726.050700 49490.000000 8.365912 49411.074219
1727.561900 49651.000000 8.178568 49365.347656
1729.073000 49602.000000 8.125673 49320.109375
1730.582400 49466.000000 8.054422 49274.476562
1732.091700 49555.000000 8.098272 49227.824219
1733.599200 49069.000000 8.446547 49179.406250
1735.106600 49269.000000 8.814484 49130.437500
1736.612100 48779.000000 8.881747 49081.785156
1738.117600 48911.000000 8.806287 49034.980469
1739.621300 49058.000000 8.691803 48989.859375
1741.125000 48607.000000 8.714391 48944.953125
1742.626800 48791.000000 8.680292 48899.562500
1744.128400 48586.000000 8.724257 48853.972656
1745.628500 49048.000000 8.797214 48809.195312
1747.128300 48868.000000 8.729191 48765.835938
1748.626300 48751.000000 8.526992 48724.000000
1750.124300 48582.000000 8.366899 48683.089844
1751.620500 48592.000000 8.219625 48642.511719
1753.116600 48489.000000 8.245281 48603.007812
1754.612400 48719.000000 8.371707 48564.531250
1756.105100 48663.000000 8.488128 48528.457031
1757.599100 48606.000000 8.385737 48493.468750
1759.091300 48472.000000 8.200548 48459.968750
1760.582000 48397.000000 7.882580 48426.960938
1762.072400 48684.000000 7.552373 48395.054688
1763.561000 48247.000000 7.255313 48364.105469
1765.049600 48134.000000 7.023914 48332.886719
1766.536500 48328.000000 6.840614 48301.414062
1768.023200 48299.000000 6.806058 48269.566406
1769.508100 48187.000000 7.008927 48237.222656
1770.992900 48157.000000 7.226401 48205.511719
1772.477500 48037.000000 7.336127 48174.710938
1773.959000 48169.000000 7.289657 48145.054688
1775.441700 48064.000000 7.051413 48115.574219
1776.922700 47895.000000 6.751311 48086.917969
1778.402100 48281.000000 6.640225 48059.328125
1779.881300 48036.000000 6.759714 48033.109375
1781.358900 47901.000000 6.822267 48006.593750
1782.836200 47968.000000 6.833751 47981.519531
1784.311900 48144.000000 6.856074 47956.171875
1785.787400 48134.000000 6.887630 47930.640625
1787.262600 47666.000000 7.039896 47903.992188
1788.736200 47941.000000 7.196156 47877.699219
1790.208300 47817.000000 7.334014 47852.574219
1791.679800 48183.000000 7.308468 47829.164062
1793.150000 47833.000000 7.343897 47806.140625
1794.619900 47968.000000 7.224907 47782.796875
1796.089600 47809.000000 7.080026 47759.425781
1797.557600 47697.000000 6.934680 47736.445312
1799.023900 47509.000000 6.815974 47713.667969
1800.490100 47757.000000 6.704268 47690.992188
1801.954600 47694.000000 6.675204 47668.488281
1803.418900 47705.000000 6.694533 47645.476562
1804.883100 47396.000000 6.869810 47623.507812
1806.345500 47756.000000 6.984957 47603.117188
1807.806400 47516.000000 7.085584 47584.398438
1809.266800 47551.000000 7.087994 47565.503906
1810.727400 47436.000000 7.052228 47547.609375
1812.186000 47536.000000 6.995561 47530.320312
1813.643300 47573.000000 6.951785 47513.082031
1815.100100 47689.000000 6.974627 47494.011719
1816.556800 47377.000000 6.842271 47476.074219
1818.010400 47317.000000 6.576756 47460.343750
1819.465300 47480.000000 6.381307 47446.378906
1820.918500 47664.000000 6.241266 47432.679688
1822.370100 47257.000000 6.095273 47419.691406
1823.821400 47701.000000 6.030624 47407.773438
1825.272600 47496.000000 5.770549 47397.726562
1826.722200 47356.000000 5.520582 47389.566406
1828.169900 47347.000000 5.335946 47381.316406
1829.617600 47347.000000 5.191060 47372.773438
1831.065200 47284.000000 5.028513 47363.046875
1832.511000 47112.000000 4.973563 47352.648438
1833.956500 47349.000000 4.901541 47342.300781
1835.400500 47242.000000 4.864703 47332.273438
1836.842900 47649.000000 4.893478 47321.906250
1838.285200 47229.000000 5.064057 47313.335938
1839.727100 47050.000000 5.288759 47307.132812
1841.167400 47294.000000 5.554462 47301.320312
1842.606100 47119.000000 5.767585 47295.652344
1844.044400 47227.000000 6.018247 47289.167969
1845.482800 47034.000000 6.216842 47282.039062
1846.919400 47174.000000 6.440635 47274.871094
1848.356000 46883.000000 6.769279 47269.726562
1849.790800 47291.000000 7.021797 47264.265625
1851.224000 47306.000000 7.210386 47258.250000
1852.656900 46985.000000 7.193995 47254.863281
1854.089700 47253.000000 7.092425 47253.523438
1855.520800 47351.000000 6.985858 47252.546875
1856.951800 47136.000000 6.734223 47253.695312
1858.381100 47157.000000 6.420002 47257.988281
1859.808700 47349.000000 6.241547 47264.765625
1861.236300 47429.000000 6.221097 47272.960938
1862.663500 47345.000000 6.256887 47281.792969
1864.089100 47038.000000 6.109911 47292.664062
1865.514600 47225.000000 5.796125 47305.542969
1866.938500 47168.000000 5.502431 47319.542969
1868.360700 47529.000000 5.297621 47332.957031
1869.784200 47283.000000 5.264471 47346.187500
1871.204500 47257.000000 5.176836 47359.046875
1872.624600 47203.000000 5.098349 47372.660156
1874.044700 47458.000000 4.997144 47386.640625
1875.463000 47351.000000 5.015594 47399.972656
1876.881200 47416.000000 5.007358 47413.066406
1878.297700 47704.000000 5.102264 47423.312500
1879.714100 47461.000000 5.170493 47433.085938
1881.128800 47488.000000 5.083935 47439.113281
1882.541900 47662.000000 5.021003 47441.144531
1883.956200 47692.000000 5.116369 47445.773438
1885.367400 47703.000000 5.233948 47448.578125
1886.778600 47322.000000 5.160312 47449.437500
1888.189500 47900.000000 5.425324 47450.941406
